,0,1,2,3,4,5,6,7,8,9,10,11,12,13,14,15,16,17,18,19,20,21,22,23,24,25,26,27,28,29,30,31,32,33,34,35,36,37,38,39,40,41,42,43,44,45,46,47,48,49,50,51,52,53,54,55,56,57,58,59,60,61,62,63,64,65,66,67,68,69,70,71,72,73,74,75,76,77,78,79,80,81,82,83,84,85,86,87,88,89,90,91,92,93,94,95,96,97,98,99,100,101,102,103,104,105,106,107,108,109,110,111,112,113,114,115,116,117,118,119,120,121,122,123,124,125,126,127,128,129,130,131,132,133,134,135,136,137,138,139,140,141,142,143,144,145,146,147,148,149,150,151,152,153,154,155,156,157,158,159,160,161,162,163,164,165,166,167,168,169,170,171,172,173,174,175,176,177,178,179,180,181,182,183,184,185,186,187,188,189,190,191,192,193,194,195,196,197,198,199,200,201,202,203,204,205,206,207,208,209,210,211,212,213,214,215,216,217,218,219,220,221,222,223,224,225,226,227,228,229,230,231,232,233,234,235,236,237,238,239,240,241,242,243,244,245,246,247,248,249,250,251,252,253,254,255,256,257,258,259,260,261,262,263,264,265,266,267,268,269,270,271,272,273,274,275,276,277,278,279,280,281,282,283,284,285,286,287,288,289,290,291,292,293,294,295,296,297,298,299,300,301,302,303,304,305,306,307,308,309,310,311,312,313,314,315,316,317,318,319,320,321,322,323,324,325,326,327,328,329,330,331,332,333,334,335,336,337,338,339,340,341,342,343,344,345,346,347,348,349,350,351,352,353,354,355,356,357,358,359,360,361,362,363,364,365,366,367,368,369,370,371,372,373,374,375,376,377,378,379,380,381,382,383,384,385,386,387,388,389,390,391,392,393,394,395,396,397,398,399,400,401,402,403,404,405,406,407,408,409,410,411,412,413,414,415,416,417,418,419,420,421,422,423,424,425,426,427,428,429,430,431,432,433,434,435,436,437,438,439,440,441,442,443,444,445,446,447,448,449,450,451,452,453,454,455,456,457,458,459,460,461,462,463,464,465,466,467,468,469,470,471,472,473,474,475,476,477,478,479,480,481,482,483,484,485,486,487,488,489,490,491,492,493,494,495,496,497,498,499,500,501,502,503,504,505,506,507,508,509,510,511,512,513,514,515,516,517,518,519,520,521,522,523,524,525,526,527,528,529,530,531,532,533,534,535,536,537,538,539,540,541,542,543,544,545,546,547,548,549,550,551,552,553,554,555,556,557,558,559,560,561,562,563,564,565,566,567,568,569,570,571,572,573,574,575,576,577,578,579,580,581,582,583,584,585,586,587,588,589,590,591,592,593,594,595,596,597,598,599,600,601,602,603,604,605,606,607,608,609,610,611,612,613,614,615,616,617,618,619,620,621,622,623,624,625,626,627,628,629,630,631,632,633,634,635,636,637,638,639,640,641,642,643,644,645,646,647,648,649,650,651,652,653,654,655,656,657,658,659,660,661,662,663,664,665,666,667,668,669,670,671,672,673,674,675,676,677,678,679,680,681,682,683,684,685,686,687,688,689,690,691,692,693,694,695,696,697,698,699,700,701,702,703,704,705,706,707,708,709,710,711,712,713,714,715,716,717,718,719,720,721,722,723,724,725,726,727,728,729,730,731,732,733,734,735,736,737,738,739,740,741,742,743,744,745,746,747,748,749,750,751,752,753,754,755,756,757,758,759,760,761,762,763,764,765,766,767,768,769,770,771,772,773,774,775,776,777,778,779,780,781,782,783,784,785,786,787,788,789,790,791,792,793,794,795,796,797,798,799,800,801,802,803,804,805,806,807,808,809,810,811,812,813,814,815,816,817,818,819,820,821,822,823,824,825,826,827,828,829,830,831,832,833,834,835,836,837,838,839,840,841,842,843,844,845,846,847,848,849,850,851,852,853,854,855,856,857,858,859,860,861,862,863,864,865,866,867,868,869,870,871,872,873,874,875,876,877,878,879,880,881,882,883,884,885,886,887,888,889,890,891,892,893,894,895,896,897,898,899,900,901,902,903,904,905,906,907,908,909,910,911,912,913,914,915,916,917,918,919,920,921,922,923,924,925,926,927,928,929,930,931,932,933,934,935,936,937,938,939,940,941,942,943,944,945,946,947,948,949,950,951,952,953,954,955,956,957,958,959,960,961,962,963,964,965,966,967,968,969,970,971,972,973,974,975,976,977,978,979,980,981,982,983,984,985,986,987,988,989,990,991,992,993,994,995,996,997,998,999
0,281.31015294,299.12257843199995,305.661592146,308.81744688,314.68233807599995,316.21705073999993,323.02349680799995,327.668249712,332.29670756400003,333.890641494,335.32474167,338.252136168,338.803178634,339.39865586400003,340.731809976,341.42320522200004,341.91967546800004,342.254636622,343.48727045400005,344.17018188599997,344.58213807600004,345.723571416,347.02585347600007,347.71815385200006,348.2535311280001,349.3522118220001,349.9826318160001,350.19534753600004,350.9500069620001,350.9500069620001,351.3262711980001,351.7715463420001,351.7715463420001,351.7715463420001,351.7715463420001,351.8668026300001,351.8668026300001,352.70769416400003,352.9799267580001,352.9799267580001,353.05419691200007,353.05419691200007,353.74978355400003,353.86532628000003,354.31688106,354.631410006,355.079093406,355.371145974,356.334888396,356.765379072,356.765379072,357.175910106,357.175910106,357.25700704200005,357.581981256,357.581981256,357.59212684799996,357.59212684799996,357.84551172,358.929929328,358.929929328,359.65808302199997,359.65808302199997,359.65808302199997,359.65808302199997,359.910263766,359.910263766,359.93608065,359.93608065,359.93608065,360.08681089799995,360.46637834999996,360.46637834999996,361.0720764299999,361.0720764299999,361.07650377,361.07650377,361.07650377,361.12688188199996,361.1401747499999,361.14774055199996,361.14774055199996,361.25054637,361.25054637,362.19442203599993,362.251951014,362.251951014,362.251951014,362.251951014,362.251951014,362.32814126400007,362.6557664580001,362.6557664580001,362.6557664580001,362.6557664580001,362.9364659160001,362.9364659160001,363.562400262,363.562400262,363.562400262,363.562400262,363.562400262,363.562400262,363.61636634999996,363.61636634999996,363.6809146619999,363.75237586199995,364.2278057339999,364.2278057339999,364.32585334799995,364.32585334799995,364.32585334799995,364.32585334799995,364.44556713,364.44556713,364.995014262,365.194754418,365.35931925599994,365.88342546,366.023172786,366.03564934199994,366.42920054399997,366.42920054399997,366.42920325599994,366.42920325599994,366.849597834,366.849597834,366.971742246,366.971742246,367.43679465,367.48145247599996,367.48145247599996,367.93514498999997,367.93514498999997,367.93514498999997,367.945908918,367.945908918,368.380948974,368.380948974,368.380948974,368.380948974,368.380948974,368.409557862,368.409557862,368.851346052,368.851346052,368.86639900800003,368.86639900800003,368.86639900800003,368.86639900800003,369.47137705200004,369.92038119599994,369.92038119599994,369.92038119599994,370.4385888,370.78893038399997,371.00751419399995,371.00751419399995,371.377993056,371.398471368,371.409233262,371.409233262,371.409233262,371.409233262,371.644502652,371.644502652,371.644502652,371.644502652,371.644502652,371.644502652,371.644502652,371.644502652,371.716733382,371.979269898,372.40979244000005,372.83973190200004,372.83973190200004,372.86621458200005,372.86621458200005,372.86621458200005,373.25727888,373.53545889000003,373.53545889000003,373.53545889000003,373.90139515199996,373.90139515199996,374.133886098,374.133886098,374.133886098,374.133886098,374.133886098,374.133886098,374.28015307199996,374.28015307199996,374.28015307199996,374.28015307199996,374.42236153799996,374.513337612,374.513337612,374.513337612,374.513337612,374.7079887,374.7079887,375.18632719199996,375.18632719199996,375.19815896999995,375.224581308,375.354905112,375.354905112,375.50116733999994,375.50116733999994,375.50116733999994,375.50116733999994,375.50116733999994,376.06524435600005,376.06524435600005,376.21150929600003,376.881882474,376.881882474,376.881882474,377.33088594000003,378.06990255,378.2161688459999,378.2161688459999,378.2161688459999,378.2161688459999,378.2161688459999,378.478703328,378.62496759000004,378.66363731999996,378.66363731999996,378.66363731999996,378.66363731999996,378.9521120819999,378.9521120819999,378.9521120819999,378.9521120819999,378.9521120819999,378.9521120819999,379.410825186,379.410825186,379.47911538,379.47911538,379.621323846,379.621323846,380.051846388,380.66316305400005,380.66316305400005,380.66316305400005,380.66316305400005,380.80942935,380.80942935,381.06313356,381.06313356,381.483530172,381.483530172,381.483530172,382.138425288,382.150259778,382.16102574,382.27504161,382.303647108,382.303647108,382.303647108,382.303647108,382.303647108,382.445857608,382.445857608,382.445857608,382.59212186999997,382.59212186999997,382.59212186999997,382.59212186999997,382.59212186999997,382.816340538,383.55277396800005,383.97316922400006,383.97316922400006,384.119436198,384.119436198,384.26164805400003,384.26164805400003,384.26164805400003,384.682046022,384.682046022,384.682048056,384.878226678,384.878226678,384.878226678,384.878226678,385.479149604,385.479149604,385.479149604,385.479149604,386.04580437600004,386.51085474599995,386.51085474599995,386.51085474599995,386.51085474599995,386.81764703399995,386.963914008,386.963914008,386.963914008,386.963914008,386.963914008,387.106124508,387.106124508,387.106124508,387.106124508,387.106124508,387.10612654199997,387.39865642200004,387.39865642200004,387.39865642200004,387.39865642200004,387.68867499,387.68867499,387.68867499,387.68867499,387.68867499,387.68867499,387.68867499,387.68867499,387.68867499,387.83494196400005,387.83494196400005,387.83494196400005,387.83494196400005,387.83494196400005,387.98120622600004,387.981209616,388.240186632,388.240186632,388.386451572,388.386451572,388.386451572,388.386451572,388.386451572,388.386451572,388.386453606,388.386453606,388.386453606,388.429547964,388.429547964,388.429547964,388.429547964,388.429547964,388.429547964,388.429547964,388.429547964,388.429547964,388.57581426,388.57581493800006,388.718026794,388.718026794,389.187135672,389.33340129000004,389.333404002,389.333404002,389.33340467999994,389.33340467999994,389.33340467999994,389.33340467999994,389.33340467999994,389.33340467999994,389.47966962,389.47966962,389.47966962,389.47966962,389.62188012,389.62188012,389.62188012,389.76814505999994,389.76814505999994,389.76814505999994,389.76814505999994,389.76814505999994,389.76814505999994,389.992361694,389.992361694,389.992361694,389.992361694,389.992361694,389.992361694,390.138628668,390.138628668,390.138628668,390.2808405239999,390.28084120200003,390.477016434,390.477016434,390.477016434,390.477016434,390.477016434,390.477016434,390.477016434,390.477016434,390.477016434,390.477016434,390.477016434,390.477016434,390.477016434,390.477016434,390.477016434,390.477016434,390.623282052,390.623282052,390.623282052,390.76954902599994,390.76954902599994,390.76954902599994,390.76954902599994,390.76955241599995,390.76955241599995,390.76955241599995,390.76955241599995,390.769555128,390.769555128,390.769555128,390.769555128,390.769555128,390.769555128,390.769555128,390.769555128,390.769555128,390.769555128,390.769555128,390.769555128,390.76955580599997,390.76955580599997,390.769558518,390.769558518,390.827084106,390.827084106,390.827084106,390.827084106,390.969299352,390.969299352,390.969299352,390.969299352,390.969299352,391.115563614,391.115563614,391.11556429200004,391.11556429200004,391.11556429200004,391.11556429200004,391.11556429200004,391.11556429200004,391.11556429200004,391.11556429200004,391.11556429200004,391.11556429200004,391.11556429200004,391.11556632599996,391.11556632599996,391.115567004,391.115567004,391.115567004,391.115567004,391.115567004,391.115567004,391.115567004,391.115567004,391.115567004,391.115567004,391.115567004,391.115567004,391.115567004,391.115567004,391.115567004,391.115567004,391.115567004,391.55031077399997,391.55031077399997,391.55031077399997,391.55031077399997,391.69657368000003,391.69657368000003,391.69657368000003,391.69657368000003,391.69657368000003,391.69657368000003,391.69657368000003,391.69657368000003,391.69657368000003,391.69657368000003,391.69657368000003,391.6965743580001,391.6965743580001,391.6965743580001,391.6965743580001,391.6965743580001,391.6965743580001,391.6965743580001,391.6965743580001,391.6965743580001,391.6965743580001,391.6965743580001,391.6965743580001,391.6965743580001,391.6965743580001,391.6965743580001,391.6965743580001,391.6965743580001,391.69657707000005,391.892755014,391.892755014,391.892755014,391.892755014,391.892755014,392.039021988,392.181233844,392.181233844,392.181233844,392.181234522,392.181234522,392.181234522,392.181234522,392.181234522,392.181234522,392.181234522,392.181234522,392.1812352,392.1812352,392.32750217399996,392.32750217399996,392.32750217399996,392.61597761400003,392.61597761400003,392.758190148,392.758190148,392.758190148,392.758190148,392.758190826,392.758190826,392.758190826,392.75819353800006,392.75819353800006,392.75819353800006,392.81571912600003,392.81571912600003,392.81571912600003,392.81571912600003,392.81571912600003,392.81571912600003,392.81571912600003,392.81571912600003,392.81571912600003,392.81571912600003,392.81571912600003,392.81571912600003,392.81571912600003,392.81571912600003,392.81571912600003,392.81571912600003,392.81571912600003,392.81571912600003,392.81571912600003,392.81571912600003,392.81571912600003,392.81571912600003,392.9619888120001,393.240170856,393.240170856,393.240170856,393.240170856,393.3864378300001,393.3864378300001,393.3864378300001,393.3864378300001,393.3864378300001,393.3864378300001,393.3864378300001,393.3864378300001,393.3864378300001,393.3864378300001,393.3864378300001,393.3864378300001,393.3864378300001,393.3864378300001,393.3864378300001,393.3864378300001,393.3864378300001,393.3864378300001,393.3864378300001,393.3864378300001,393.38643850799997,393.38643850799997,393.38643850799997,393.38643850799997,393.38643850799997,393.38643850799997,393.38643850799997,393.38643850799997,393.38643850799997,393.38643850799997,393.53270344799995,393.53270344799995,393.53270344799995,393.53270344799995,393.53270344799995,393.53270344799995,393.53270344799995,393.53270480399993,393.53270480399993,393.53270480399993,393.53270480399993,393.53270480399993,393.53270480399993,393.53270480399993,393.53270480399993,393.53270480399993,393.53270480399993,393.674922084,393.674922084,393.674922084,393.674922084,393.674922084,393.674922084,393.674922084,393.674922084,393.674922084,393.674922084,393.674922084,393.674922084,393.674922084,393.67492479599997,393.67492479599997,393.67492479599997,393.67492479599997,393.67492479599997,393.67492479599997,393.67492479599997,393.67492479599997,393.67492479599997,393.67492750799994,393.67492750799994,393.81714207600004,393.81714207600004,393.8171427539999,393.8171427539999,393.8171427539999,393.8171427539999,393.8171427539999,393.8171427539999,393.8171427539999,393.8171427539999,393.8171427539999,393.8171427539999,393.8171427539999,393.8171427539999,393.8171427539999,393.8171427539999,393.8171427539999,393.8171427539999,393.8171427539999,393.8171427539999,393.8171427539999,393.8171427539999,393.8171427539999,393.8171427539999,393.817143432,393.817143432,393.817143432,393.817143432,393.817143432,393.817143432,393.817143432,393.817143432,393.817143432,393.817143432,393.817143432,393.817143432,393.96341040599987,393.96341040599987,393.96341040599987,393.96341040599987,393.96341040599987,393.9634117619999,393.9634117619999,393.9634117619999,393.96341379599994,393.96341379599994,393.96341379599994,393.96341379599994,393.96341379599994,393.96341379599994,393.96341379599994,394.1096787359999,394.1096787359999,394.1096787359999,394.1096787359999,394.1096787359999,394.1096787359999,394.1096787359999,394.1096787359999,394.1096787359999,394.1096787359999,394.1096787359999,394.1096787359999,394.1096787359999,394.1096787359999,394.1096787359999,394.1096787359999,394.1096787359999,394.1096787359999,394.1096787359999,394.1096787359999,394.1096787359999,394.1096787359999,394.1096787359999,394.2518885579999,394.2518885579999,394.2518885579999,394.2518885579999,394.2518885579999,394.2518885579999,394.2518885579999,394.2518885579999,394.2518885579999,394.2518885579999,394.2518885579999,394.2518885579999,394.2518885579999,394.2518885579999,394.2518885579999,394.2518885579999,394.2518885579999,394.2518885579999,394.2518885579999,394.3981548539999,394.3981548539999,394.3981548539999,394.3981548539999,394.3981548539999,394.3981548539999,394.3981548539999,394.54036670999994,394.54036670999994,394.54036670999994,394.54036670999994,394.54036670999994,394.54036670999994,394.54036670999994,394.54036670999994,394.54036670999994,394.54036670999994,394.54036670999994,394.54036670999994,394.54036670999994,394.54036670999994,394.54036670999994,394.54036738799994,394.54036738799994,394.54036738799994,394.5403694219999,394.5403694219999,394.5403694219999,394.5403694219999,394.5403694219999,394.5403694219999,394.5403694219999,394.5403694219999,394.5403694219999,394.5403694219999,394.5403694219999,394.5403694219999,394.5403694219999,394.5403694219999,394.5403694219999,394.5403694219999,394.5403694219999,394.5403694219999,394.5403694219999,394.5403694219999,394.5403694219999,394.5403694219999,394.68663368399996,394.68663571799993,394.68663571799993,394.832902692,394.832902692,394.832902692,394.832902692,394.832902692,394.832902692,394.832902692,394.832902692,394.832902692,394.832902692,394.832902692,394.832902692,394.832902692,394.832902692,394.832902692,394.832902692,394.832902692,394.832902692,394.832902692,394.832902692,394.832902692,394.832902692,394.832902692,394.832902692,394.832902692,394.832902692,394.832902692,394.832902692,394.832902692,394.832902692,394.832902692,394.832902692,394.832902692,394.832902692,394.832902692,394.832902692,394.832902692,394.832902692,394.832902692,394.832902692,394.832902692,394.832902692,394.832902692,394.832902692,394.832902692,394.832902692,394.832902692,394.832902692,394.832902692,394.832902692,394.832902692,394.832902692,394.832902692,394.832902692,394.832902692,394.832902692,394.832902692,394.832902692,394.832902692,394.832902692,394.832902692,394.97916898799997,395.12543325,395.12543325,395.12543325,395.12543325,395.12543325,395.12543325,395.12543325,395.12543325,395.12543325,395.12543325,395.12543325,395.12543325,395.12543325,395.12543325,395.12543325,395.125435962,395.125435962,395.125435962,395.125435962,395.125435962,395.125435962,395.125435962,395.125435962,395.125435962,395.125435962,395.125435962,395.125435962,395.125435962,395.125435962,395.125435962,395.1254366399999,395.1254366399999,395.1254366399999,395.1254366399999,395.1254366399999,395.1254366399999,395.1254366399999,395.1254366399999,395.1254366399999,395.1254366399999,395.1254366399999,395.1254366399999,395.1254366399999,395.1254366399999,395.1254366399999,395.1254366399999,395.1254366399999,395.1254366399999,395.1254366399999,395.1254366399999,395.12543731799997,395.12543731799997,395.12543731799997,395.12543731799997,395.12543731799997,395.12543731799997,395.12543731799997,395.12543731799997,395.12543731799997,395.12543731799997,395.12543731799997,395.12543731799997,395.12543731799997,395.12543731799997,395.12543731799997,395.12543731799997,395.12543731799997,395.12543731799997,395.12543731799997,395.12543731799997,395.12543731799997,395.12543731799997,395.12543731799997,395.12543731799997,395.12543731799997,395.12543731799997,395.12543731799997,395.12543731799997,395.12543731799997,395.12543731799997,395.12543731799997,395.12543731799997,395.12543731799997,395.12543731799997,395.12543731799997,395.12543731799997,395.12543731799997,395.12543731799997,395.12543731799997,395.12543731799997,395.12543731799997,395.12543731799997,395.12543731799997,395.12543731799997,395.12543731799997,395.27170361399993,395.27170361399993,395.27170361399993,395.27170361399993,395.27170361399993,395.27170361399993,395.27170361399993,395.27170361399993,395.27170361399993,395.27170361399993,395.27170361399993,395.27170361399993,395.27170361399993,395.27170361399993,395.27170361399993,395.27170361399993,395.27170361399993,395.27170361399993,395.27170361399993,395.27170361399993,395.27170361399993,395.2717042919999,395.2717042919999,395.2717042919999,395.2717042919999,395.2717042919999,395.2717042919999,395.2717042919999,395.2717042919999,395.2717042919999,395.2717042919999,395.2717042919999,395.2717042919999,395.2717042919999,395.2717042919999,395.2717042919999,395.2717042919999,395.2717042919999,395.2717042919999,395.2717042919999,395.2717042919999,395.2717042919999,395.2717042919999,395.2717042919999,395.2717042919999,395.2717042919999,395.2717042919999,395.2717042919999,395.2717042919999,395.2717042919999,395.2717042919999,395.2717042919999,395.2717042919999,395.2717042919999,395.2717042919999,395.2717042919999,395.2717042919999,395.2717042919999,395.2717042919999,395.2717042919999,395.2717042919999,395.2717042919999
1,275.52555524999997,297.979437888,307.70665846199995,310.151860716,315.607191096,318.939357018,322.606480026,325.883871684,328.02676662,329.769743256,331.72469727000004,332.128896462,334.20880655400003,334.715711898,335.05272400200005,335.20307728200004,336.74307970200005,337.61384595000004,338.048784306,339.056569608,339.056569608,340.3241719679999,341.27989161600004,342.097123662,342.71512134,344.19131514599997,345.50241052800004,345.74340562800006,346.82484546,346.933268508,347.71300105200004,347.71300105200004,348.04679265600004,348.16145940600006,348.1631123700001,348.25728996000015,348.72389973,348.98083528800004,349.032224298,349.426637238,349.426637238,349.744522284,349.9176224640001,350.07649345800013,350.57313184800006,350.9045979120001,351.747102408,351.752965752,352.075988682,352.480478736,353.46337872600003,354.06157948199996,354.06157948199996,354.33173671799995,354.6590059619999,355.37909688,355.37909688,355.37909688,355.37909688,355.98332369999997,356.00116188,356.00116188,356.110409376,356.110409376,356.95723544400005,356.95723544400005,356.991369354,357.35053443,357.68005802399995,357.68005802399995,357.84716468399995,357.84716468399995,357.84716468399995,358.28649580199993,358.71701698799995,358.8676868939999,359.1205124159999,359.2584528719999,359.2584528719999,359.703281892,359.703281892,360.13550892599994,360.13550892599994,360.13550892599994,360.284471628,360.284471628,360.6553905120001,360.859809546,361.12954981200005,361.12954981200005,361.7427065700001,361.8024546420001,361.8024546420001,361.9446651420001,361.9446651420001,362.3650603980001,362.3650603980001,362.50819840200006,362.8540102680001,362.8540102680001,362.92775293800014,362.92775293800014,362.92775293800014,362.9923371840001,362.9923371840001,362.9923371840001,362.9923371840001,363.3714910560001,363.3714910560001,363.9764684220001,364.1082370440001,364.68093686400005,364.73686033800004,364.84375788600005,364.91675746800007,365.509504392,365.731216494,365.731216494,365.731216494,365.731216494,365.73121785,366.1241019000001,366.13214840400013,366.413703498,366.413703498,366.42345856200006,366.42345856200006,366.6034831560001,367.07296357800004,367.684282278,367.684282278,368.192427684,368.338694658,368.39778371399996,368.39778371399996,368.39778371399996,368.3977864259999,368.3977864259999,368.3977864259999,368.3977864259999,368.3977864259999,368.584488642,368.584488642,369.02017754400003,369.288580116,369.39130999800005,369.643262934,369.643262934,369.643262934,369.87575184600007,369.87575184600007,369.87575184600007,369.99227902800004,370.15249653000006,370.15249653000006,370.373153664,370.38498612,370.39777930200006,370.58139119400005,370.58139119400005,370.58139119400005,370.58139119400005,370.98271024200005,372.14906076,372.56945669399994,372.56945669399994,373.07343918,373.07343918,373.07343918,373.21970208600004,373.21970208600004,373.21970276400003,373.21970276400003,373.443918042,373.443918042,373.443918042,373.443918042,373.71279318,373.71279318,373.71279318,374.133189114,374.13319047,374.31446868600005,374.368435452,374.368435452,374.368435452,375.14866497,375.148666326,375.67109448,375.67109448,375.67109448,375.67109448,375.95489917800006,375.95489917800006,375.95489917800006,375.95489917800006,376.00433147999996,376.00433147999996,376.00433147999996,376.00433147999996,376.00433147999996,376.00433147999996,376.25715700200004,377.33161275599997,377.33161275599997,377.480112384,378.169383456,378.169383456,378.365562078,378.365562078,378.365562078,378.561739344,378.703950522,378.703950522,378.703950522,378.85021478400006,378.85021478400006,379.046393406,379.299216894,379.299216894,379.918148178,379.918148178,379.918148178,380.96045995200006,381.71804630400004,381.726381636,381.726381636,381.726381636,381.9225595800001,381.9225595800001,381.9225595800001,381.922561614,381.922561614,381.922561614,381.92256229200007,382.1187422700001,382.54925938800005,382.54925938800005,382.54925938800005,382.561094556,382.5729283680001,382.7726651340001,382.7726651340001,382.918929396,382.918929396,382.918929396,382.918929396,383.047623288,383.047623288,383.0476239660001,383.0476239660001,383.2718385660001,383.41404974400007,383.41404974400007,383.41404974400007,383.41760856600007,383.41760856600007,384.022589322,384.16885155000006,384.88126683,384.88126683,384.88126683,384.881267508,384.881267508,384.993088014,384.993088692,384.993088692,384.993088692,385.04705342400007,385.24323204600006,385.24323204600006,385.24323204600006,385.24323204600006,385.24323204600006,385.5332472240001,385.5332472240001,385.821726732,385.967989638,385.967989638,385.967989638,385.967989638,385.967989638,385.967989638,385.967989638,385.967989638,386.7925752720001,386.7925752720001,386.7925752720001,386.7925752720001,387.013233762,387.013233762,387.013233762,387.013233762,387.013233762,387.3057629640001,387.3057629640001,387.3057629640001,387.3057629640001,387.30576635400007,387.30576635400007,387.30576635400007,387.45203265000004,387.45203265000004,387.82251558,387.82251558,387.8225189700001,388.1150495280001,388.3112267940001,388.45749376800006,388.603760742,388.603760742,388.603763454,388.6037641320001,388.6037641320001,388.750028394,388.750028394,388.750028394,388.750029072,388.750029072,388.750029072,388.750029072,388.750029072,388.750029072,388.750029072,388.750029072,388.750029072,388.750029072,388.89629333400006,388.89629333400006,388.89629333400006,389.09247399,389.09247399,389.09247399,389.09247873600003,389.13482729400005,389.13482729400005,389.13482729400005,389.13482729400005,389.13482797200004,389.13482797200004,389.13482865000003,389.13482865000003,389.13482865000003,389.13482865000003,389.13482865000003,389.1348313620001,389.1348313620001,389.1348313620001,389.1348313620001,389.1348313620001,389.1348313620001,389.3310065940001,389.3310065940001,389.4833091240001,389.4833091240001,389.4833091240001,389.62957338600006,389.62957338600006,389.62957338600006,389.62957338600006,389.62957338600006,389.62957338600006,389.62957338600006,389.62957338600006,389.62957338600006,389.775837648,389.786209692,389.786209692,389.786209692,390.06439241399994,390.06439241399994,390.06439241399994,390.06439241399994,390.21065803199997,390.21065803199997,390.352869888,390.64134939600007,390.64134939600007,390.64134939600007,390.64134939600007,390.641350074,390.641350074,390.641350074,390.641350074,390.641350074,390.78761433600005,390.78761433600005,390.78761433600005,390.78761433600005,390.78761433600005,390.78761433600005,390.78761433600005,391.07609181,391.07609181,391.07609181,391.07609181,391.07609181,391.1089198920001,391.1089198920001,391.1089198920001,391.1089198920001,391.1089198920001,391.1089198920001,391.10892260400004,391.10892260400004,391.2551855100001,391.2551855100001,391.2551855100001,391.2551855100001,391.2551855100001,391.2551855100001,391.2551855100001,391.2551855100001,391.2551855100001,391.255187544,391.255187544,391.255187544,391.255187544,391.255187544,391.255187544,391.25519025600005,391.25519025600005,391.25519025600005,391.25519025600005,391.25519025600005,391.25519025600005,391.5452095020001,391.5452095020001,391.5452095020001,391.5452095020001,391.83368901,391.83368901,391.83368901,392.03748021600006,392.03748021600006,392.18374651199997,392.18374651199997,392.18374651199997,392.18374651199997,392.18374651199997,392.18374651199997,392.18374651199997,392.18374651199997,392.18374651199997,392.18374651199997,392.18374651199997,392.18374651199997,392.18374651199997,392.18374651199997,392.18374651199997,392.33001145199995,392.33001145199995,392.33001145199995,392.33001145199995,392.33001145199995,392.33001145199995,392.33001213000006,392.33001213000006,392.33001213000006,392.33001213000006,392.33001213000006,392.33001213000006,392.33001213000006,392.33001416400003,392.33001416400003,392.33001416400003,392.33001416400003,392.33001416400003,392.33001416400003,392.33001416400003,392.33001416400003,392.33001416400003,392.330016198,392.330016198,392.330016198,392.330016198,392.330017554,392.47628181600004,392.476283172,392.476283172,392.476283172,392.476283172,392.476283172,392.476283172,392.47628384999996,392.47628384999996,392.47628384999996,392.47628384999996,392.47628384999996,392.47628384999996,392.47628384999996,392.47628384999996,392.47628384999996,392.47628384999996,392.61849231599996,392.61849231599996,392.76070484999997,393.185153868,393.185154546,393.185154546,393.185154546,393.185154546,393.185154546,393.185154546,393.185154546,393.185154546,393.185154546,393.185154546,393.18515522399997,393.18515590199996,393.18515590199996,393.18515590199996,393.18515590199996,393.18515590199996,393.18515590199996,393.18515590199996,393.18515590199996,393.18515590199996,393.18515590199996,393.18515590199996,393.327366402,393.327366402,393.327366402,393.327366402,393.327366402,393.327366402,393.32736911399996,393.32736911399996,393.32736911399996,393.32736911399996,393.32736911399996,393.32736911399996,393.32736911399996,393.32736911399996,393.32736911399996,393.32736911399996,393.32736911399996,393.32736911399996,393.47363337599995,393.47363337599995,393.47363337599995,393.47363337599995,393.47363337599995,393.47363337599995,393.47363337599995,393.53115760799994,393.53115760799994,393.5311603199999,393.5311603199999,393.5311603199999,393.5311603199999,393.5311603199999,393.5311603199999,393.5311603199999,393.5311603199999,393.5311603199999,393.53116235399995,393.53116235399995,393.53116235399995,393.53116235399995,393.53116235399995,393.53116235399995,393.53116235399995,393.53116235399995,393.53116235399995,393.53116235399995,393.53116235399995,393.53116235399995,393.53116235399995,393.53116235399995,393.53116235399995,393.531163032,393.531163032,393.53116642199996,393.53116642199996,393.53116642199996,393.53116642199996,393.53116642199996,393.53116642199996,393.53116642199996,393.53116642199996,393.53116642199996,393.53116642199996,393.53116642199996,393.53116642199996,393.53116642199996,393.53116642199996,393.53116642199996,393.677431362,393.8196411839999,393.81964186199997,393.81964186199997,393.81964186199997,393.81964186199997,393.81964186199997,393.81964186199997,393.81964186199997,393.81964186199997,393.81964186199997,393.9659088359999,393.9659088359999,393.9659088359999,393.9659088359999,393.9659088359999,393.9659088359999,393.9659088359999,394.10812137,394.10812137,394.10812137,394.10812137,394.10812137,394.108124082,394.108124082,394.108124082,394.108124082,394.108124082,394.1081247599999,394.1081247599999,394.1081247599999,394.1081247599999,394.1081247599999,394.1081247599999,394.1081247599999,394.1081247599999,394.25439105600003,394.400657352,394.400657352,394.400657352,394.400657352,394.400657352,394.400657352,394.400657352,394.97915135999995,394.97915135999995,394.97915135999995,394.97915135999995,394.97915135999995,394.97915135999995,394.97915271599993,394.97915271599993,394.97915271599993,394.97915271599993,394.97915271599993,394.97915271599993,394.97915271599993,394.97915271599993,394.97915271599993,394.97915271599993,394.97915271599993,394.97915271599993,394.97915271599993,394.97915271599993,394.97915271599993,394.97915271599993,394.97915475,394.97915475,394.97915475,394.97915475,394.97915475,394.97915542799996,394.97915542799996,394.97915542799996,394.979157462,394.979157462,394.9791581399999,394.9791581399999,394.9791581399999,394.9791581399999,394.9791581399999,394.9791581399999,394.979158818,394.979158818,394.979158818,394.979158818,394.979158818,394.979158818,394.979158818,394.979158818,394.979158818,394.979158818,394.979158818,394.979158818,394.979158818,394.9791608519999,394.9791608519999,394.9791608519999,394.9791608519999,394.9791608519999,394.9791608519999,394.9791608519999,394.9791608519999,394.9791608519999,394.9791608519999,394.9791608519999,394.9791608519999,394.9791608519999,394.9791608519999,394.9791608519999,394.9791608519999,394.9791608519999,394.9791608519999,394.9791608519999,394.9791608519999,394.9791608519999,394.9791608519999,394.9791608519999,394.9791608519999,394.9791608519999,394.9791608519999,394.9791608519999,394.9791608519999,394.9791608519999,394.9791608519999,394.9791608519999,394.9791608519999,394.9791608519999,394.9791608519999,394.97916153,394.97916153,394.97916153,394.97916153,394.97916153,394.97916153,394.97916153,394.97916153,394.97916153,394.97916153,394.97916153,394.97916153,394.97916424199997,394.97916424199997,394.97916424199997,394.97916424199997,394.97916424199997,394.97916424199997,394.97916424199997,394.97916424199997,394.97916424199997,394.97916424199997,394.97916424199997,394.97916424199997,394.97916424199997,394.97916424199997,394.97916424199997,394.97916424199997,394.97916424199997,394.97916424199997,394.97916424199997,394.97916424199997,394.97916424199997,394.97916424199997,394.97916424199997,394.97916424199997,394.97916424199997,395.12543053799993,395.12543053799993,395.12543053799993,395.12543053799993,395.12543053799993,395.12543053799993,395.12543053799993,395.125431216,395.125431216,395.125431216,395.125431216,395.125431216,395.125431216,395.125431216,395.125431216,395.125431216,395.125431216,395.125431216,395.125431216,395.125431216,395.125431216,395.125431216,395.125431216,395.125431216,395.125431216,395.125431216,395.125431216,395.125431216,395.125431216,395.125431216,395.125431216,395.125431216,395.125431216,395.125431216,395.125431216,395.125431216,395.125431216,395.125431216,395.125431216,395.125431216,395.125431216,395.125431216,395.125431216,395.125431216,395.125431216,395.125431216,395.125431216,395.125431216,395.125431216,395.125431216,395.125431216,395.1254318939999,395.1254318939999,395.1254318939999,395.1254318939999,395.1254318939999,395.1254318939999,395.1254318939999,395.1254318939999,395.1254318939999,395.1254318939999,395.1254318939999,395.1254318939999,395.1254318939999,395.1254318939999,395.1254318939999,395.1254318939999,395.1254318939999,395.1254318939999,395.1254318939999,395.1254318939999,395.1254318939999,395.1254318939999,395.1254318939999,395.1254318939999,395.12543257199997,395.12543257199997,395.12543257199997,395.12543257199997,395.12543257199997,395.12543257199997,395.12543257199997,395.12543257199997,395.12543257199997,395.12543257199997,395.12543257199997,395.12543257199997,395.12543257199997,395.12543257199997,395.12543257199997,395.12543257199997,395.12543257199997,395.12543257199997,395.12543257199997,395.12543257199997,395.12543257199997,395.12543257199997,395.12543257199997,395.12543257199997,395.12543257199997,395.12543257199997,395.12543257199997,395.12543257199997,395.12543257199997,395.12543257199997,395.12543257199997,395.12543257199997,395.12543257199997,395.12543257199997,395.12543257199997,395.12543257199997,395.12543257199997,395.12543257199997,395.12543257199997,395.12543257199997,395.12543257199997,395.12543257199997,395.12543257199997,395.12543257199997,395.12543257199997,395.12543257199997,395.12543257199997,395.12543257199997,395.12543257199997,395.12543257199997,395.12543257199997,395.12543257199997,395.12543257199997,395.12543257199997,395.12543257199997,395.12543257199997,395.12543257199997,395.12543257199997,395.12543257199997,395.12543257199997,395.12543257199997,395.12543257199997,395.12543257199997,395.12543257199997,395.12543257199997,395.12543257199997,395.12543257199997,395.12543257199997,395.12543257199997,395.12543257199997,395.12543257199997,395.12543257199997,395.125435284,395.125435284,395.125435284,395.125435284,395.125435284,395.125435284,395.125435284,395.125435284,395.125435284,395.125435284,395.125435284,395.125435284,395.125435284,395.125435284,395.125435284,395.125435284,395.125435284,395.125435284,395.125435284,395.125435284,395.125435284,395.125435284,395.125435284,395.125435284,395.125435284,395.125435284,395.125435284,395.125435284,395.125435284,395.125435284,395.125435284,395.125435284,395.125435284,395.125435284,395.125435284,395.125435284,395.125435284,395.125435284,395.125435284,395.1254359619999,395.1254359619999,395.1254359619999,395.1254359619999,395.1254359619999,395.1254359619999,395.1254359619999,395.1254359619999,395.1254359619999,395.1254359619999,395.1254359619999,395.1254359619999,395.1254359619999,395.1254359619999,395.1254359619999,395.1254359619999,395.1254359619999,395.1254359619999,395.1254359619999,395.1254359619999,395.1254359619999,395.1254359619999,395.1254359619999,395.1254359619999,395.1254359619999,395.1254359619999,395.1254359619999,395.1254359619999,395.1254359619999,395.1254359619999,395.1254359619999,395.1254359619999,395.1254359619999,395.1254359619999,395.1254359619999,395.1254359619999,395.1254359619999,395.1254359619999,395.1254359619999,395.1254359619999,395.1254359619999,395.1254359619999,395.1254359619999,395.1254359619999,395.1254359619999,395.1254359619999,395.1254359619999,395.1254359619999,395.1254359619999,395.27170293599994,395.27170293599994,395.27170293599994,395.27170293599994,395.27170293599994,395.27170293599994,395.27170293599994,395.27170293599994,395.27170293599994,395.27170293599994,395.27170293599994
2,283.587767832,297.906900702,310.63038294600005,319.040328846,320.81584066799996,325.115939052,327.49505868,331.48837291200005,335.222432148,336.637167966,337.39153042800007,338.51699686800004,339.512987682,339.796108956,341.54208303,341.69683178400004,341.983465776,343.4293516260001,343.5810731100001,343.9690023360001,345.600727308,347.19812242800003,347.4272810040001,348.41168073000006,348.46675128000004,348.5667528900001,348.6457188720001,348.7825365600001,348.7825365600001,348.82250398200006,348.97420105800006,349.5703881540001,349.5703881540001,350.21702455200005,350.6512835520001,350.69537185800004,352.00971757200006,352.78561670400006,352.83963703200004,353.1588733320001,353.48555068200005,354.48054212400007,355.24747877400006,355.24747877400006,356.053061424,356.27096723399995,356.27096723399995,356.45289972,356.47084366800004,356.47084366800004,357.02608024200003,357.02608024200003,357.43498339800004,357.63298651799994,358.07616460799994,358.450919616,359.189354502,359.189354502,359.189354502,359.189354502,359.332862016,359.44754368199995,359.44754368199995,359.44754368199995,359.44754368199995,359.93391918599997,359.93391918599997,359.93391918599997,359.97700405200004,360.16618707000003,360.32160162,360.32160162,360.32160162,360.32160162,360.42994737600003,360.42994737600003,360.42994737600003,360.505772862,360.505772862,360.505772862,360.822973806,360.822973806,360.822973806,361.322732352,361.322732352,361.322732352,361.53903943800003,361.53903943800003,361.53903943800003,361.58091746400004,362.173665744,363.14202059999997,363.18859648800003,363.5200503480001,363.5200503480001,363.5200503480001,363.54863889600006,363.54863889600006,363.54863889600006,363.54863889600006,363.54863889600006,363.54863889600006,363.63480727200005,363.63480727200005,364.11023172,364.166443344,364.436345652,364.447205178,364.47368785799995,364.60417844999995,364.62014873999993,364.67920254000006,365.06109824399994,365.06109824399994,365.320629864,365.33139175800005,365.33139175800005,365.518623492,365.539099092,365.594918832,365.594918832,365.594918832,365.73276979200006,366.58217022599996,366.58217022599996,366.58217022599996,366.969786216,367.32770445,367.32770445,367.32770445,368.00286837600004,368.00286837600004,368.00286837600004,368.927301036,368.927301036,368.927301036,368.927301036,369.488807754,369.49514841,370.01925597,370.01925597,370.01925597,370.01925597,370.01925597,370.28179180800004,370.28179180800004,370.28179180800004,370.320032364,370.320032364,370.320032364,370.421098434,370.68363495000006,370.68363495000006,370.72829413200003,370.769942316,371.20217206199993,371.492189274,371.492189274,371.492189274,371.957243034,372.1095604800001,372.41082842400004,372.41082842400004,372.41082842400004,372.53567737799995,373.281950622,373.281950622,373.56119780399996,373.589805336,373.61418147000006,374.180842344,374.180842344,374.79239902200004,374.79239902200004,374.79239902200004,374.841078066,374.841078066,374.98328992200004,375.27176875200007,375.27176875200007,375.27176875200007,375.27176875200007,375.299690826,375.57497306400006,375.721240038,375.721240038,375.721240038,375.86345189400004,376.640242596,377.124898692,377.124898692,377.317743588,377.775976668,378.20820370200005,378.20820370200005,378.404384358,378.619206624,378.619206624,378.619206624,378.63598102199995,378.63598102199995,378.63598102199995,378.788285586,378.94060371,379.082814888,379.46090090999996,379.46090090999996,379.46090090999996,379.46090090999996,379.85325951,380.10608435399996,380.25235132800003,380.25235132800003,380.27292456000004,380.64591473400003,380.67874010400004,381.2572314000001,381.40349566200007,381.40349566200007,382.00847641800004,382.00847641800004,382.15474542600003,382.44476196000005,382.44476196000005,382.44476196000005,382.444763994,382.444763994,383.011429614,383.011429614,383.15769387600005,383.15769387600005,383.3769516180001,383.3769516180001,383.3769516180001,383.3769516180001,383.44994984400006,383.5921603440001,383.5921603440001,383.5921603440001,383.5921603440001,383.61858268200007,383.87755630800007,383.87755902000004,383.87755902000004,384.07373696400003,384.07373696400003,384.116935056,384.116935056,384.116935056,384.241327038,384.241327038,384.241327038,384.395458812,384.395458812,384.395458812,384.395458812,384.395461524,384.395461524,384.395461524,384.541730532,384.683943066,384.683943066,384.88368051000003,384.88368051000003,384.88368051000003,384.88368051000003,384.94907564400006,384.94907564400006,384.94907564400006,384.94907564400006,384.94907564400006,384.949079034,384.949079034,384.949081746,384.949081746,385.39808317800004,385.62230049000004,385.7685627180001,385.7685627180001,385.7685627180001,385.81347479400006,386.40874523400004,386.781738798,387.398550654,387.398550654,387.398551332,387.398551332,387.398551332,387.398551332,387.398551332,387.54481559399994,387.54481559399994,387.60234253799996,387.605902716,387.605902716,387.605902716,387.898433952,388.04469889200004,388.19096383199997,388.19096383199997,388.19096383199997,388.19096383199997,388.19096383199997,388.19096383199997,388.19096383199997,388.333173654,388.333173654,388.333173654,388.333173654,388.333173654,388.47943859399993,388.479441984,388.625706924,388.625706924,388.821884868,388.821884868,388.821884868,388.968151164,388.968151164,388.968151164,388.968151164,388.968151164,388.968151164,388.968151164,388.968151164,388.96815252,388.96815591,388.96815591,389.1144215279999,389.1144215279999,389.25663202799996,389.256632706,389.256632706,389.256632706,389.45068173,389.45068173,389.45068173,389.64686103,389.646863742,389.646863742,389.646863742,389.646863742,389.793128004,389.793128004,389.793128004,389.793128004,389.93939091,389.93939091,389.93939091,390.004786044,390.004786044,390.004786044,390.004786044,390.004786044,390.06231434399996,390.06231434399996,390.06231502199995,390.11983993199993,390.11983993199993,390.34243817999993,390.34243817999993,390.342439536,390.342439536,390.342439536,390.342439536,390.342439536,390.342439536,390.488702442,390.488702442,390.492261264,390.492261264,390.941266764,391.22974559399995,391.22974559399995,391.688458698,392.030904294,392.030904294,392.030904294,392.17311276,392.17311276,392.17311276,392.173113438,392.173113438,392.31937973400005,392.31937973400005,392.31938109000004,392.31938109000004,392.4656453520001,392.4656453520001,392.4656453520001,392.4656453520001,392.4656453520001,392.46564806400005,392.46564806400005,392.46564806400005,392.46564874200004,392.465650776,392.465650776,392.465650776,392.465650776,392.465650776,392.465650776,392.465650776,392.611915716,393.32483475000004,393.32483475000004,393.32483475000004,393.32483475000004,393.32483475000004,393.32483475000004,393.32483542800003,393.32483542800003,393.32483542800003,393.47110240200004,393.47110240200004,393.471105114,393.471105114,393.471105114,393.471105114,393.61737141000003,393.61737141000003,393.61737141000003,393.76363635,393.76363635,393.76363635,393.76363635,393.76363635,393.76363635,393.76363635,393.76363635,393.9058482059999,393.9058482059999,393.9058482059999,393.9058482059999,393.9058482059999,393.9058482059999,393.90585091799994,393.90585091799994,393.90585091799994,393.90585091799994,393.90585091799994,393.90585091799994,393.90585091799994,393.90585091799994,393.90585091799994,393.90585091799994,393.90585091799994,393.90585091799994,393.90585091799994,393.90585091799994,393.90585091799994,394.05211924799994,394.05211924799994,394.05211924799994,394.05211924799994,394.05211924799994,394.05211924799994,394.05211924799994,394.05211924799994,394.0521219599999,394.0521219599999,394.0521219599999,394.0521219599999,394.1983882559999,394.1983882559999,394.19839096799996,394.19839096799996,394.1983943579999,394.1983943579999,394.1983943579999,394.1983943579999,394.1983943579999,394.1983943579999,394.1983943579999,394.1983950359999,394.1983950359999,394.1983950359999,394.1983957139999,394.1983957139999,394.1983957139999,394.1983957139999,394.1983957139999,394.1983957139999,394.1983957139999,394.1983957139999,394.1983957139999,394.1983957139999,394.1983957139999,394.1983957139999,394.1983957139999,394.1983957139999,394.1983957139999,394.19839706999994,394.19839706999994,394.19839706999994,394.19839706999994,394.198403172,394.198403172,394.344666078,394.344666078,394.344666078,394.344666078,394.344666078,394.34466743400003,394.34466743400003,394.34466743400003,394.344670146,394.344670146,394.344670146,394.344670146,394.344670146,394.344670146,394.344670146,394.34467285799997,394.34467285799997,394.34467285799997,394.34467285799997,394.34467285799997,394.34467285799997,394.34467421399995,394.34467421399995,394.34467421399995,394.34467421399995,394.34467421399995,394.34467421399995,394.34467421399995,394.34467421399995,394.34467421399995,394.34467421399995,394.34467421399995,394.34467421399995,394.34467421399995,394.34467421399995,394.34467421399995,394.34467421399995,394.34467421399995,394.34467421399995,394.34467421399995,394.34467421399995,394.34467421399995,394.34467421399995,394.34467421399995,394.34467421399995,394.34467421399995,394.34467421399995,394.34467421399995,394.34467421399995,394.34467421399995,394.34467421399995,394.34467421399995,394.34467421399995,394.34467421399995,394.34467421399995,394.34467421399995,394.34467421399995,394.34467421399995,394.34467421399995,394.34467421399995,394.34467421399995,394.34467421399995,394.34467421399995,394.34467421399995,394.34467421399995,394.344676926,394.344676926,394.344676926,394.34467760399986,394.34467760399986,394.34467760399986,394.34467760399986,394.34467760399986,394.34467760399986,394.34467760399986,394.34467760399986,394.34467760399986,394.34467760399986,394.34467760399986,394.34467760399986,394.34467760399986,394.34467760399986,394.34467760399986,394.34467760399986,394.34467760399986,394.34467760399986,394.34467760399986,394.34467760399986,394.34467760399986,394.34467760399986,394.34467760399986,394.34467760399986,394.34467760399986,394.34467760399986,394.34467760399986,394.34467760399986,394.34467760399986,394.34467760399986,394.34467760399986,394.34467760399986,394.34467760399986,394.34467760399986,394.34467760399986,394.34467760399986,394.34467760399986,394.34467760399986,394.34467760399986,394.34467760399986,394.34467760399986,394.4909418659999,394.4909425439999,394.4909445779999,394.4909445779999,394.4909445779999,394.4909445779999,394.4909445779999,394.4909445779999,394.4909445779999,394.4909445779999,394.4909445779999,394.4909445779999,394.4909445779999,394.4909445779999,394.63721155199994,394.63721155199994,394.63721155199994,394.63721155199994,394.63721155199994,394.63721155199994,394.63721155199994,394.63721155199994,394.63721155199994,394.63721155199994,394.63721155199994,394.63721155199994,394.63721222999993,394.63721222999993,394.63721222999993,394.63721222999993,394.63721222999993,394.63721222999993,394.63721222999993,394.63721222999993,394.63721222999993,394.6372142639999,394.6372142639999,394.6372142639999,394.6372142639999,394.6372142639999,394.6372142639999,394.6372142639999,394.6372142639999,394.6372142639999,394.6372142639999,394.6372142639999,394.69474459799994,394.69474459799994,394.69474459799994,394.69474459799994,394.69474459799994,394.69474459799994,394.69474459799994,394.69474459799994,394.69474459799994,394.69474459799994,394.69474459799994,394.69474459799994,394.69474527599994,394.69474527599994,394.69474527599994,394.69474527599994,394.69474527599994,394.6947459539999,394.6947459539999,394.6947459539999,394.6947459539999,394.6947459539999,394.6947459539999,394.6947459539999,394.6947459539999,394.6947459539999,394.6947459539999,394.6947459539999,394.6947459539999,394.694746632,394.694746632,394.694746632,394.694746632,394.694746632,394.694746632,394.694746632,394.694746632,394.841012928,394.841012928,394.841012928,394.841012928,394.841012928,394.841012928,394.841012928,394.841012928,394.841012928,394.841012928,394.841012928,394.841012928,394.841012928,394.841012928,394.841012928,394.841012928,394.841012928,394.841012928,394.841012928,394.841012928,394.841012928,394.841012928,394.841012928,394.841012928,394.841012928,394.841012928,394.841012928,394.841012928,394.841012928,394.841012928,394.841012928,394.841012928,394.841012928,394.841012928,394.98322275,394.98322275,394.98322275,394.98322275,394.98322275,394.98322275,394.98322275,394.98322275,394.98322275,394.98322275,394.98322275,394.98322275,394.98322275,394.98322275,394.98322275,394.98322275,394.98322275,394.98322275,394.98322275,394.98322275,394.98322275,394.98322275,394.98322275,394.98322275,394.98322275,394.98322275,394.98322275,394.98322275,394.98322275,394.98322275,394.98322275,394.98322275,394.98322275,394.98322275,394.98322275,394.98322275,394.98322275,394.98322275,394.98322275,394.98322275,394.98322275,395.129485656,395.129485656,395.129485656,395.129485656,395.129485656,395.129485656,395.129485656,395.129485656,395.129485656,395.129485656,395.129485656,395.129485656,395.129485656,395.129485656,395.129485656,395.129485656,395.129485656,395.129485656,395.129485656,395.129485656,395.129485656,395.129485656,395.129485656,395.129485656,395.129485656,395.129485656,395.129485656,395.129485656,395.129485656,395.129485656,395.129485656,395.129485656,395.129485656,395.129485656,395.129485656,395.129485656,395.129485656,395.129485656,395.129485656,395.129485656,395.129485656,395.129485656,395.129485656,395.129485656,395.129485656,395.129485656,395.129485656,395.129485656,395.129485656,395.129485656,395.129485656,395.129485656,395.129485656,395.129485656,395.129485656,395.129485656,395.129485656,395.129485656,395.129485656,395.129485656,395.129485656,395.129485656,395.129485656,395.129485656,395.129485656,395.129485656,395.129485656,395.129485656,395.129485656,395.129485656,395.129485656,395.129485656,395.129485656,395.129485656,395.129485656,395.129485656,395.12948904599995,395.12948904599995,395.12948904599995,395.12948904599995,395.12948904599995,395.12948904599995,395.12948904599995,395.12948904599995,395.12948904599995,395.12948904599995,395.12948904599995,395.12948904599995,395.12948904599995,395.12948904599995,395.12948904599995,395.12948904599995,395.12948904599995,395.12948904599995,395.12948904599995,395.12948904599995,395.12948904599995,395.12948904599995,395.12948904599995,395.12948904599995,395.12948904599995,395.12948904599995,395.12948904599995,395.12948904599995,395.12948904599995,395.12948904599995,395.12948904599995,395.12948904599995,395.12948904599995,395.12948904599995,395.12948904599995,395.12948904599995,395.12948904599995,395.12948904599995,395.12948904599995,395.12948904599995,395.12948904599995,395.12948904599995,395.12948904599995,395.12948904599995,395.12948904599995,395.12948904599995,395.12948904599995,395.12948904599995,395.12948972399994,395.12948972399994,395.12948972399994,395.12948972399994,395.12948972399994,395.12948972399994,395.12948972399994,395.12948972399994,395.12948972399994,395.12948972399994,395.12948972399994,395.12948972399994,395.12948972399994,395.12948972399994,395.12948972399994,395.12948972399994,395.12948972399994,395.12948972399994,395.12948972399994,395.12948972399994,395.12948972399994,395.12948972399994,395.12948972399994,395.12948972399994,395.12948972399994,395.12948972399994,395.12948972399994,395.12948972399994,395.12948972399994,395.12948972399994,395.12948972399994,395.12948972399994,395.12948972399994,395.12948972399994,395.12948972399994,395.12948972399994,395.12948972399994,395.12948972399994,395.12948972399994,395.12948972399994,395.12948972399994,395.12948972399994,395.12948972399994,395.12948972399994,395.12948972399994,395.12948972399994,395.12948972399994,395.12948972399994,395.12948972399994,395.12948972399994,395.12948972399994,395.12948972399994,395.12948972399994,395.12948972399994,395.12948972399994,395.12948972399994,395.12948972399994,395.12948972399994,395.12948972399994,395.12948972399994,395.12948972399994,395.12948972399994,395.12948972399994,395.12948972399994,395.12948972399994,395.12948972399994,395.12948972399994,395.12948972399994,395.12948972399994,395.12948972399994,395.12948972399994,395.12948972399994,395.12948972399994,395.12948972399994,395.12948972399994,395.12948972399994,395.12948972399994,395.12948972399994,395.12948972399994,395.12948972399994,395.12948972399994,395.12948972399994,395.12948972399994,395.12948972399994,395.12948972399994,395.12948972399994,395.12948972399994,395.12948972399994,395.12948972399994,395.12948972399994,395.12948972399994,395.12948972399994,395.12948972399994,395.12948972399994,395.12948972399994,395.12948972399994,395.12948972399994,395.12948972399994,395.12948972399994,395.12948972399994,395.12948972399994,395.12948972399994,395.12948972399994,395.12948972399994,395.12948972399994,395.12948972399994,395.12948972399994,395.12948972399994,395.12948972399994,395.12948972399994,395.12948972399994
3,287.047387584,302.53928892,313.24310543999997,317.98653242999995,320.067254766,324.331438812,326.42377799999997,328.78288849200004,330.21015036000006,332.392597782,334.012261812,334.4910688019999,336.46168461600007,338.70765521400006,339.00709730400007,339.87357994800004,341.010318816,341.010318816,342.766723242,343.777277496,344.492009502,344.816241984,346.000321524,347.12249763,347.81675946,347.886916866,347.99640234,348.18076003199997,348.378624162,348.9667579739999,349.01936535,349.70451892799997,350.13045412199995,350.164874826,350.164874826,350.164874826,350.9859158759999,350.9859158759999,352.02539632199995,352.02539632199995,352.02539632199995,352.042230384,352.53625644,352.53625644,352.53625644,352.56415071600003,353.32160824799996,353.32160824799996,353.32160824799996,353.32160824799996,353.5529323559999,353.71658392800003,354.3671486579999,354.3671486579999,354.572061276,354.572061276,354.928092636,354.928092636,354.928092636,355.020276228,355.020276228,355.187624934,355.187624934,355.187624934,356.16973708800003,356.16973708800003,356.16973708800003,356.16973708800003,356.169740478,356.169740478,356.6737053359999,356.797260666,356.943074058,356.943074058,356.943074058,357.344543622,357.344543622,357.749931348,357.749931348,357.749931348,357.749931348,358.25747129999996,358.729835256,358.803489786,359.588634804,359.588634804,359.588634804,359.66946731999997,360.396119922,360.396119922,360.59077372199994,360.59077372199994,360.75768443999993,360.75768443999993,361.06608968999996,361.31283355200003,361.488318258,361.488318258,361.488318258,361.79673367799995,361.927057482,361.927057482,361.927057482,362.02529493599997,362.02529493599997,362.25778452599997,362.6425041,362.6425041,363.19652908800003,363.392707032,363.53387476800003,363.763819146,363.94474548000005,364.27503250200004,364.27503250200004,364.27503250200004,364.70621677199995,364.97721947400004,366.00264565800006,366.31489788,366.31489788,366.31489788,366.48736751999996,366.537212046,366.537212046,366.60246141000005,366.6721367580001,366.68818908599997,367.120416798,367.325726724,367.325726724,367.400927094,368.02868865000005,368.02868865000005,368.245511016,368.62203424800003,368.62203424800003,368.99502577800007,369.449971914,369.65106129,369.65106129,370.94060983199995,370.94060983199995,370.94060983199995,370.94060983199995,370.94060983199995,370.94060983199995,371.136788454,371.136788454,371.63975733,371.69728562999995,371.89346289599996,371.926183854,371.926183854,371.9752656300001,372.09612252000005,372.09612252000005,372.09612252000005,372.09612252000005,372.09612252000005,372.320339832,372.32628182400003,372.32628182400003,372.42358567200006,372.88229742000004,372.88229742000004,372.95456205000005,373.42403976,373.478667576,373.67484551999996,373.81534610399996,374.103817476,374.250083772,374.540100984,374.540100984,374.540100984,374.540100984,374.540100984,374.764318974,375.322386876,375.350310306,375.350310306,375.350310306,375.350310306,375.350310306,376.26193283399994,376.659703908,377.221488606,377.23820130599995,377.23820130599995,377.500737144,378.024182298,378.170445204,378.170445204,378.170445204,378.49771716,378.49771716,378.55274703,379.011460134,379.011460134,379.476513894,379.62278018999996,380.01102672,380.01102672,380.01102672,380.01102672,380.011027398,380.153241288,380.46780277799996,380.46780548999993,380.7459888899999,380.7459888899999,381.401819646,381.4018203239999,381.4018203239999,381.597995556,381.597995556,381.597995556,381.79417282200006,381.79417282200006,381.79417282200006,382.228915236,382.5070986359999,382.65336289799995,382.795574076,382.99175202000004,382.99175202000004,382.99175202000004,382.99175202000004,383.138018994,383.949937554,383.949937554,384.22324003200004,384.22324003200004,384.22324071,384.22324071,384.485777226,384.485777226,384.62798976000005,384.62798976000005,384.62798976000005,384.62798976000005,384.62798976000005,384.970435356,384.970435356,384.970435356,384.970435356,384.970435356,385.11669961800004,385.405175058,385.551439998,385.697702904,385.697702904,386.1180988379999,386.1180988379999,386.1180988379999,386.749020552,386.94520053,386.94520053,386.94520053,386.94520053,386.94520053,386.94520053,386.94520053,386.94520053,386.94520053,387.365595786,387.82430889000005,387.82430889000005,387.82430889000005,387.82430889000005,387.82430889000005,387.970575864,387.970575864,387.970575864,387.970575864,387.970579254,387.970579254,387.970579254,388.1392710779999,388.285538052,388.481716674,388.481716674,388.481716674,388.481716674,388.48171870799996,388.48171870799996,388.627985004,388.627985004,388.77425129999995,389.20648172399996,389.206485114,389.352752088,389.352752088,389.352752088,389.352752766,389.352752766,389.352752766,389.352752766,389.352752766,389.352752766,389.499017028,389.73506883000005,390.20942814,390.20942814,390.355689012,390.355689012,390.355689012,390.355689012,390.355689012,390.63387376800006,390.6338744460001,390.63387512400004,390.63387512400004,390.63387512400004,390.63387512400004,390.633877836,390.77608901400004,390.77608901400004,390.77608901400004,390.77608901400004,390.77608901400004,390.77608901400004,390.77608901400004,390.77608901400004,390.77608901400004,390.9223532760001,390.9223532760001,390.9223532760001,390.9223532760001,391.0686216060001,391.06862431800005,391.06862431800005,391.06862431800005,391.06862431800005,391.06862431800005,391.3571011140001,391.3571011140001,391.3571011140001,391.3571011140001,391.3571011140001,391.3571011140001,391.35710382600007,391.35710382600007,391.35710382600007,391.35710382600007,391.35710382600007,391.35710382600007,391.3571058600001,391.50337012200004,391.64963235000005,391.64963235000005,391.64963235000005,391.649635062,391.79590203600003,392.08843395,392.08843395,392.08843395,392.08843395,392.08843395,392.08843666200005,392.08843666200005,392.08843666200005,392.08843666200005,392.08843666200005,392.08843666200005,392.08843666200005,392.08843666200005,392.08843666200005,392.08843666200005,392.08843666200005,392.08843666200005,392.08843666200005,392.08843666200005,392.08843666200005,392.08843801800003,392.08843801800003,392.08843801800003,392.08843801800003,392.08843801800003,392.08843801800003,392.23470092400004,392.23470092400004,392.38096722,392.38096722,392.38096722,392.38096722,392.38096722,392.38096722,392.38096722,392.38096722,392.38096722,392.38096722,392.52723283800003,392.52723622800005,392.52723622800005,392.52723622800005,392.52723622800005,392.52723622800005,393.093893034,393.093893034,393.093893034,393.2361055680001,393.2361055680001,393.2361055680001,393.2361055680001,393.2361055680001,393.2361055680001,393.2361062460001,393.382371864,393.382371864,393.382371864,393.382371864,393.382371864,393.382371864,393.382371864,393.382371864,393.382371864,393.382371864,393.382371864,393.382371864,393.382377288,393.382377288,393.382377288,393.528644262,393.528644262,393.528644262,393.528644262,393.528644262,393.528644262,393.528644262,393.528644262,393.528644262,393.528644262,393.67491123599996,393.67491123599996,393.67491123599996,393.67491123599996,393.67491123599996,393.67491123599996,393.67491123599996,393.67491123599996,393.67491123599996,393.67491123599996,393.67491123599996,393.67491123599996,393.67491123599996,393.67491123599996,393.67491123599996,393.67491191400006,393.67491191400006,393.67491191400006,393.67491191400006,393.67491191400006,393.67491191400006,393.67491191400006,393.67491191400006,393.67491191400006,393.67491191400006,393.67491191400006,393.67491191400006,393.67491191400006,393.67491191400006,393.67491191400006,393.67491191400006,393.81712376999997,393.81712376999997,393.81712376999997,393.81712376999997,394.10560260000005,394.10560260000005,394.10560260000005,394.25186686200004,394.25186686200004,394.25186686200004,394.25186686200004,394.25186686200004,394.25186686200004,394.25186686200004,394.25186686200004,394.25186686200004,394.25186686200004,394.398131124,394.398133836,394.398133836,394.398133836,394.398133836,394.398133836,394.398133836,394.398134514,394.398134514,394.398134514,394.39813654799997,394.398138582,394.39813925999994,394.39813925999994,394.39813925999994,394.39814197199996,394.39814197199996,394.39814197199996,394.39814197199996,394.39814197199996,394.39814197199996,394.39814197199996,394.39814265,394.39814265,394.39814265,394.39814265,394.54440691200006,394.69067117399993,394.69067117399993,394.69067117399993,394.69067117399993,394.69067185200004,394.69067185200004,394.69067185200004,394.69067185200004,394.69067185200004,394.69067185200004,394.69067185200004,394.69067185200004,394.69067185200004,394.69067185200004,394.69067185200004,394.69067185200004,394.690674564,394.83694085999997,394.83694085999997,394.83694085999997,394.83694085999997,394.83694085999997,394.83694085999997,394.83694085999997,394.83694085999997,394.83694085999997,394.83694085999997,394.83694085999997,394.83694085999997,394.83694085999997,394.83694085999997,394.83694085999997,394.836942894,394.836942894,394.836942894,394.836942894,394.836942894,394.836942894,394.836942894,394.836942894,394.836942894,394.836942894,394.836942894,394.836942894,394.836942894,394.836942894,394.836942894,394.836942894,394.836942894,394.836942894,394.836942894,394.836942894,394.836942894,394.98320715600005,394.98320715600005,394.983207834,394.9832098680001,394.9832098680001,394.9832098680001,394.9832098680001,394.9832098680001,394.9832098680001,394.98321258,394.98321258,394.98321258,394.98321258,394.98321258,394.98321258,394.98321258,394.98321258,394.98321258,394.98321258,394.98321258,394.98321258,394.98321258,394.98321258,394.98321258,394.98321258,394.98321258,394.98321258,394.98321258,394.98321258,394.98321258,394.98321258,394.98321258,394.98321258,394.98321258,394.98321258,394.98321258,394.98321258,394.98321258,394.98321258,394.98321258,394.98321258,394.98321258,394.98321258,394.98321258,394.98321258,394.98321258,394.98321258,394.98321258,394.98321258,394.98321258,394.98321258,394.98321258,394.98321258,394.98321258,394.983215292,394.983215292,394.983215292,394.983215292,394.983215292,394.983215292,394.98321597,394.98321597,394.98321597,394.98321597,394.98321597,394.98321597,394.98321597,394.98321597,394.98321597,394.98321597,394.98321597,394.98321597,394.983216648,394.983216648,394.983222072,394.983222072,394.983222072,394.983222072,394.983222072,394.983222072,394.983222072,394.983222072,394.983222072,394.983222072,394.983222072,394.983222072,394.983222072,394.983222072,394.983222072,394.983222072,394.983222072,394.983222072,394.983222072,394.983222072,394.983222072,394.983222072,394.983222072,394.983222072,394.983222072,394.983222072,394.983222072,394.983222072,394.983222072,394.983222072,394.983222072,394.983222072,394.983222072,394.983222072,394.983222072,394.983222072,394.983222072,394.983222072,394.983222072,394.983222072,394.983222072,394.983222072,394.983222072,394.983222072,394.983222072,394.983222072,394.983222072,394.983222072,394.983222072,394.983222072,394.983222072,394.983222072,394.983222072,394.983222072,394.983222072,394.983222072,394.983222072,394.983222072,394.983222072,394.983222072,394.98322275,394.98322275,394.98322275,394.98322275,394.98322275,394.98322275,394.98322275,394.98322275,394.98322275,394.98322275,394.98322275,394.98322275,394.98322275,394.98322275,394.98322275,394.98322275,394.98322275,394.98322275,394.98322275,394.98322275,394.98322275,394.98322275,394.98322275,394.98322275,394.98322275,394.98322275,394.98322275,394.98322275,394.98322275,394.98322275,394.98322275,394.98322275,394.98322275,394.98322275,394.98322275,394.98322275,394.98322275,394.98322275,394.98322275,394.98322275,394.98322275,394.98322275,394.98322275,394.98322275,394.98322275,394.98322275,394.98322275,394.98322275,394.98322275,394.98322275,394.98322275,394.98322275,394.98322275,394.98322275,394.98322275,394.98322275,394.98322275,394.98322275,394.98322275,394.98322275,394.98322275,394.98322275,394.98322275,394.98322275,394.98322275,394.98322275,394.98322275,394.98322275,394.98322275,394.98322275,394.98322275,394.98322275,394.98322275,394.98322275,394.98322275,394.98322275,394.98322275,394.98322275,394.98322275,394.98322275,394.98322275,394.98322275,394.98322275,394.98322275,394.98322275,394.98322275,394.98322275,394.98322275,394.98322275,394.98322275,394.98322275,394.98322275,394.98322275,394.98322275,394.98322275,394.98322275,394.98322275,394.98322275,394.98322275,394.98322275,394.98322275,394.98322275,394.98322275,394.98322275,394.98322275,394.98322275,394.98322275,394.98322275,394.98322275,394.98322275,394.98322275,394.98322275,394.98322275,394.98322275,394.98322275,394.98322275,394.98322275,394.98322275,394.98322275,394.98322275,394.98322275,394.98322275,394.98322275,394.98322275,394.98322275,394.98322275,394.98322275,394.98322275,394.98322275,394.98322275,394.98322275,394.98322275,394.98322275,394.98322275,394.98322275,394.98322275,394.98322275,394.98322275,394.98322275,394.98322275,394.98322275,394.98322275,394.98322275,394.98322275,394.98322275,394.98322275,394.98322275,394.98322275,394.98322275,394.98322275,394.98322275,394.98322275,394.98322275,394.98322275,394.98322275,394.98322275,394.98322275,394.98322275,394.98322275,394.98322275,394.98322275,394.98322275,394.98322275,394.98322275,394.98322275,394.98322275,394.98322275,394.98322275,394.98322275,394.98322275,394.98322275,394.98322275,394.98322275,394.98322275,394.98322275,394.98322275,394.98322275,394.98322275,394.98322275,394.98322275,394.98322275,394.98322275,394.98322275,394.98322275,394.98322275,394.98322275,394.98322275,394.98322275,394.98322275,394.98322275,394.98322275,394.98322275,394.98322275,394.98322275,394.98322275,394.98322275,394.98322275,394.98322275,394.98322275,394.98322275,394.98322275,394.98322275,394.98322275,394.98322275,394.98322275,394.98322275,394.98322275,394.98322275,394.98322275,394.98322275,394.98322275,394.98322275,394.98322275,394.98322275,394.98322275,394.98322275,394.98322275,394.98322275,394.98322275,394.98322275,394.98322275,394.98322275,394.98322275,394.98322275,394.98322275,394.98322275,394.98322275,394.98322275,394.98322275,394.98322275,394.98322275,394.98322275,394.98322275,394.98322275,394.98322275,394.98322275,394.98322275,394.98322275,394.98322275,394.98322275,394.98322275,394.98322275,394.98322275,394.98322275,394.98322275,394.98322275,394.98322275,394.98322275,394.98322275,394.98322275,394.98322275,394.98322275,394.98322275,394.98322275,394.98322275,394.98322275,394.98322275,394.98322275,394.98322275,394.98322275,394.98322275,394.98322275,394.98322275,394.98322275,394.98322275,394.98322275,394.98322275,394.98322275,394.98322275,394.98322275,394.98322275,394.98322275,394.98322275,394.98322275,394.98322275,394.98322275,394.98322275,394.98322275,394.98322275,394.98322275,394.98322275,394.98322275,394.98322275,394.98322275,394.98322275,394.98322275,394.98322275,394.98322275,394.98322275,394.98322275,394.98322275,394.98322275,394.98322275,394.98322275,394.98322275,394.98322275,394.98322275,394.98322275,394.98322275,394.98322275,394.98322275,394.98322275,394.98322275,394.98322275
4,283.31157436200004,294.956375556,302.351202228,312.455702682,317.674659888,322.744132332,325.250352552,328.423597308,331.16041821,331.87952263799997,333.09931447199995,334.63214297400003,335.47108457999997,337.558269612,339.26840257199996,340.904862696,341.296781952,342.12770552999996,342.127707564,343.147568724,343.90122335399997,345.162177246,346.37511788999996,348.9057806880001,349.50916543200003,350.24170104000007,350.24170104000007,350.371226838,350.371226838,350.81168275799996,352.6417186620001,353.11024378200005,353.11024378200005,354.164487,354.34120770000004,354.45871255800006,355.07764248600006,355.420551156,355.747906506,356.33153907600007,356.439195984,357.817822878,358.80946160999997,359.22751098599997,359.44502559,359.44502559,359.5760124779999,360.01128779999993,360.01128779999993,360.06148963199996,360.1638025439999,360.1638025439999,360.20777287799996,360.20777287799996,360.20777287799996,361.06124199,361.7432354099999,362.2474009559999,362.64659854199994,362.64659854199994,362.64659854199994,362.84726416799987,362.84726416799987,363.27778331999997,364.66980206999995,364.66980206999995,364.80955142999994,364.98924515999994,364.98924515999994,364.98924515999994,364.98924515999994,364.98924515999994,364.98924515999994,364.98924515999994,364.98924515999994,364.98924515999994,364.98924515999994,364.98924515999994,364.98924515999994,365.03294090399993,365.7551071799999,365.7551071799999,365.7551071799999,365.7551071799999,365.7551071799999,365.7551071799999,365.7551071799999,365.7551071799999,365.7551071799999,366.15155683199987,366.15155683199987,366.15155683199987,366.1843794899999,366.1843794899999,366.1843794899999,366.1843794899999,366.1843794899999,366.1843794899999,366.1843794899999,366.1843794899999,366.4570412579999,366.4570412579999,366.4570412579999,366.4570412579999,366.4570412579999,366.4570412579999,366.4570412579999,366.55526108399994,367.67517266999994,367.67517266999994,367.67517266999994,367.70789498399995,367.96686996599993,367.96686996599993,367.96686996599993,368.58856274399994,368.72537568599995,369.454186362,369.454186362,369.454186362,369.454186362,369.454186362,369.454186362,369.454186362,369.460832118,369.876141696,370.38182460599995,370.4104151879999,370.4104151879999,370.4104151879999,370.4104151879999,370.7869363859999,370.7869363859999,370.7869363859999,371.1804252119999,371.1804252119999,371.52642488399994,371.75840665199996,371.75840665199996,371.75840665199996,371.861624694,372.4282855679999,372.4358703539999,372.5595660299999,372.5595660299999,372.5595660299999,373.0076833499999,373.0076833499999,373.0076833499999,373.0076833499999,373.0076833499999,373.337739852,373.86094228199994,373.98178764599993,373.98178764599993,373.98178764599993,374.13478919399995,374.13478919399995,374.13478919399995,374.13478919399995,374.13478919399995,374.177983896,374.177983896,374.608503048,374.608503048,374.889467604,375.11368559400006,375.11368559400006,375.76809729599995,375.76809729599995,375.76809729599995,375.76809729599995,375.76809729599995,375.76809729599995,375.76809729599995,375.83267950800007,375.869932896,376.29032883,376.29032883,376.29032883,376.29032883,376.43795994,376.677472254,376.77674162400007,377.11918450800005,377.11918450800005,377.197305024,377.197305024,377.197305024,377.376918072,377.376918072,377.376918072,377.376918072,378.19013568,378.19013568,378.933506406,378.933506406,379.452526254,379.59473811000004,379.790918766,379.790918766,379.790918766,380.167438608,380.167438608,380.18073622200006,380.21141097599997,380.21141301000006,380.21141301000006,380.21141301000006,380.21141436600004,380.51982232800003,380.51982232800003,380.51982232800003,380.71600027200003,380.775142212,380.775142212,380.775142212,380.775142212,380.775142212,380.775142212,380.775142212,380.775142212,380.80797029400003,380.80797029400003,380.80797029400003,380.80797029400003,380.955177654,380.955179688,381.12766085400006,381.193053276,381.82657647599996,381.82657647599996,381.82657647599996,381.82657647599996,381.85518672,381.85518672,381.85518672,381.85518672,381.871958406,381.871958406,381.871958406,381.871958406,382.304186796,382.304186796,382.304186796,382.304186796,382.304186796,382.594206042,383.047261236,383.07587080200005,383.0758741920001,383.29653064800004,383.29653064800004,383.43874250400006,383.485321782,383.485321782,383.485321782,383.763507216,383.763507216,383.96324737199996,383.96324737199996,383.96324737199996,383.96324737199996,383.96324737199996,383.96324737199996,383.96324737199996,383.96324737199996,383.96324737199996,383.96324737199996,383.96324737199996,383.96324737199996,383.96324737199996,384.014129238,384.014129238,384.014129238,384.014129238,384.17676313199996,384.400981122,384.400981122,384.400981122,384.400981122,385.055394858,385.39783570800006,385.39783570800006,385.856550846,385.856550846,385.856550846,385.856550846,385.856550846,385.856550846,385.856550846,385.856550846,385.856550846,386.46970896,386.46970896,386.46970896,386.46970896,386.46971235000007,386.758188468,386.758188468,386.758188468,386.90445544199997,386.90445544199997,386.90445612,386.90445612,386.90445612,386.90445612,386.90445612,387.05072309400003,387.05072309400003,387.05072309400003,387.05072309400003,387.05072309400003,387.05072309400003,387.05072309400003,387.05072309400003,387.05072309400003,387.19698939,387.19698939,387.19698939,387.19698939,387.19698939,387.39316733400005,387.535379868,387.535379868,387.535379868,387.535379868,387.535379868,387.681642774,387.681642774,387.827909748,387.827909748,387.827909748,387.827909748,387.827909748,387.827909748,387.827909748,387.974172654,387.974172654,387.974172654,388.21022106600003,388.210225134,388.406403756,388.406403756,388.6025816999999,388.748847996,388.895112258,389.233503414,389.4577180140001,389.4577180140001,389.4577180140001,389.4577180140001,389.4577180140001,389.4577180140001,389.4577180140001,389.4577180140001,389.45771869199996,389.45771869199996,389.45771869199996,389.45771937000006,389.746196844,389.746196844,389.746196844,389.942376822,389.942376822,389.942376822,389.942376822,389.942376822,389.942376822,389.942376822,389.942376822,389.942376822,389.942376822,389.942376822,389.942376822,390.138555444,390.138555444,390.28481834999997,390.28481834999997,390.28481834999997,390.284820384,390.28482377399996,390.28482377399996,390.28482377399996,390.28482377399996,390.28482377399996,390.28482648600004,390.28482648600004,390.43109346,390.43109346,390.43109684999996,390.43109684999996,390.43109684999996,390.43109684999996,390.43109684999996,390.577361112,390.61567896,390.61567896,390.761941866,390.90820612799996,390.90820884,390.908209518,390.908209518,390.908209518,390.90821223,390.90821562,390.90821562,390.90821562,391.0504240860001,391.0504240860001,391.0504240860001,391.0504240860001,391.0504240860001,391.0504240860001,391.19668834799995,391.196691738,391.196691738,391.196691738,391.196691738,391.196691738,391.196691738,391.196691738,391.196691738,391.196691738,391.196691738,391.196691738,391.196691738,391.1966924160001,391.1966924160001,391.1966924160001,391.196693094,391.196693094,391.338904272,391.338904272,391.338904272,391.338904272,391.338904272,391.338904272,391.338904272,391.338904272,391.338904272,391.338904272,391.3389049500001,391.3389049500001,391.3389049500001,391.3389049500001,391.3389049500001,391.3389049500001,391.3389049500001,391.3389049500001,391.3389049500001,391.3389049500001,391.338905628,391.338905628,391.338905628,391.338905628,391.485168534,391.485168534,391.485168534,391.485168534,391.48517056800006,391.48517056800006,391.48517056800006,391.63143483,391.63143483,391.631435508,391.631435508,391.63143754199996,391.63143822,391.63144160999997,391.63144160999997,391.77770587199996,391.77770587199996,391.77770587199996,391.77770587199996,391.77770587199996,391.77770587199996,391.77770587199996,391.77770655,391.77770655,391.77770655,391.77770655,391.919916372,391.919916372,391.919916372,391.91992044,391.91992044,391.91992044,391.91992044,391.91992044,391.91992044,391.91992044,391.91992044,391.91992044,391.91992044,391.91992044,391.91992044,391.91992111800005,392.066187414,392.066187414,392.066187414,392.066187414,392.066187414,392.066188092,392.066188092,392.066188092,392.066188092,392.066188092,392.066188092,392.066188092,392.06974827,392.21601321,392.21601321,392.21601321,392.21601321,392.21601321,392.21601321,392.21601321,392.21601321,392.78267340599996,392.78267340599996,392.782677474,392.782677474,392.782677474,392.782677474,392.782678152,392.782678152,393.12512239200004,393.12512239200004,393.12512239200004,393.12512239200004,393.12512239200004,393.12512239200004,393.12512239200004,393.271387332,393.32891563199996,393.32891563199996,393.32891563199996,393.32891563199996,393.32891563199996,393.32891563199996,393.32891563199996,393.32891563199996,393.32891563199996,393.32891563199996,393.32891563199996,393.32891563199996,393.32891563199996,393.32891563199996,393.32891631,393.32891631,393.32891631,393.32891631,393.32891631,393.32891631,393.32891631,393.32891631,393.475179216,393.47518125000005,393.47518125000005,393.47518125000005,393.47518125000005,393.47518125000005,393.47518125000005,393.47518125000005,393.47518125000005,393.47518192800004,393.47518192800004,393.47518192800004,393.47518192800004,393.47518192800004,393.47518192800004,393.47518192800004,393.47518192800004,393.47518192800004,393.47518192800004,393.47518192800004,393.47518192800004,393.47518192800004,393.47518192800004,393.47518192800004,393.763656012,393.90992027400006,393.90992027400006,393.90992027400006,393.90992163000004,393.90992163000004,393.90992163000004,393.90992163000004,393.90992163000004,393.90992163000004,393.90992163000004,393.90992163000004,393.90992163000004,393.90992163000004,393.90992163000004,393.90992163000004,393.90992163000004,393.90992163000004,393.90992163000004,393.90992163000004,393.90992163000004,393.90992163000004,393.90992163000004,393.90992163000004,394.056185892,394.056185892,394.056185892,394.056185892,394.056185892,394.056185892,394.056185892,394.056188604,394.056188604,394.056188604,394.056188604,394.056188604,394.20245150999995,394.20245150999995,394.20245150999995,394.20245150999995,394.20245150999995,394.20245150999995,394.20245150999995,394.20245150999995,394.20245150999995,394.20245150999995,394.20245150999995,394.20245422200003,394.20245422200003,394.20245422200003,394.20245422200003,394.20245422200003,394.20245422200003,394.259982522,394.259982522,394.259982522,394.259982522,394.259982522,394.259982522,394.259982522,394.259982522,394.259982522,394.259982522,394.259982522,394.259982522,394.259982522,394.259982522,394.259982522,394.259982522,394.259982522,394.259982522,394.4021937,394.4021937,394.4021937,394.4021937,394.4021937,394.4021937,394.4021937,394.4021937,394.4021937,394.4021937,394.4021937,394.4021937,394.4021937,394.4021937,394.4021937,394.4021937,394.4021937,394.4021937,394.4021937,394.4021937,394.4021937,394.4021937,394.4021937,394.4021937,394.4021937,394.4021937,394.40219641199997,394.40219641199997,394.40219641199997,394.40219708999996,394.40219708999996,394.40219708999996,394.402199802,394.402199802,394.402199802,394.402199802,394.402199802,394.402199802,394.402199802,394.402199802,394.402199802,394.402199802,394.402199802,394.402199802,394.402199802,394.402199802,394.402199802,394.402199802,394.402199802,394.402199802,394.548464064,394.548464064,394.548464064,394.548464064,394.548464064,394.548466098,394.69473375,394.69473375,394.69473375,394.69473375,394.69473375,394.69473375,394.69473375,394.69473375,394.69473375,394.69473375,394.69473375,394.69473375,394.69473375,394.69473375,394.69473375,394.69473375,394.69473375,394.69473375,394.69473375,394.69473375,394.69473375,394.69473375,394.69473375,394.69473375,394.69473375,394.69473375,394.69473375,394.69473375,394.69473375,394.69473375,394.69473375,394.69473375,394.69473578399993,394.69473578399993,394.69473578399993,394.69473578399993,394.69473578399993,394.69473578399993,394.69473578399993,394.69473578399993,394.69473578399993,394.69473578399993,394.69473578399993,394.69473578399993,394.69473578399993,394.69473578399993,394.69473578399993,394.69473578399993,394.69473578399993,394.69473578399993,394.69473578399993,394.694736462,394.694736462,394.694739174,394.694739174,394.694739174,394.694739174,394.694739174,394.694739174,394.694739174,394.694739174,394.694739174,394.694739174,394.694739174,394.694739174,394.694739174,394.694739174,394.694739174,394.694739174,394.694739174,394.694739174,394.694739174,394.694739174,394.694739174,394.694739174,394.694739174,394.694739174,394.694739174,394.694739174,394.694739174,394.694739174,394.694739174,394.84100411399993,394.84100411399993,394.84100411399993,394.84100411399993,394.84100411399993,394.84100411399993,394.84100411399993,394.84100411399993,394.84100411399993,394.84100411399993,394.84100411399993,394.84100411399993,394.84100411399993,394.84100411399993,394.84100411399993,394.84100411399993,394.84100411399993,394.84100411399993,394.84100411399993,394.84100411399993,394.84100411399993,394.84100411399993,394.84100411399993,394.84100411399993,394.84100411399993,394.84100411399993,394.84100411399993,394.84100411399993,394.84100411399993,394.84100411399993,394.84100411399993,394.84100411399993,394.84100411399993,394.84100411399993,394.84100411399993,394.84100411399993,394.84100411399993,394.8410047919999,394.8410047919999,394.8410047919999,394.8410047919999,394.8410047919999,394.8410047919999,394.8410047919999,394.8410047919999,394.8410047919999,394.8410047919999,394.8410047919999,394.8410047919999,394.8410047919999,394.8410047919999,394.8410047919999,394.8410047919999,394.8410047919999,394.84100546999997,394.98321664799994,394.98321664799994,394.98321664799994,394.98321664799994,394.98321664799994,394.98321732599993,394.9832180039999,394.9832180039999,394.9832180039999,394.9832180039999,394.9832180039999,394.9832180039999,394.9832180039999,394.9832180039999,394.9832180039999,394.9832180039999,394.9832180039999,394.9832180039999,394.98321868200003,394.98321868200003,395.12542986,395.12542986,395.12542986,395.12542986,395.12542986,395.12542986,395.12542986,395.12542986,395.12543053799993,395.12543053799993,395.12543053799993,395.12543053799993,395.12543053799993,395.12543053799993,395.12543053799993,395.12543053799993,395.12543053799993,395.12543053799993,395.2716948,395.2716948,395.2716948,395.2716948,395.2716948,395.27169547799997,395.27169547799997,395.27169547799997,395.27169547799997,395.27169547799997,395.27169547799997,395.27169547799997,395.27169547799997,395.27169547799997,395.27169547799997,395.27169547799997,395.27169547799997,395.27169547799997,395.27169547799997,395.27169547799997,395.27169547799997,395.27169547799997,395.27169547799997,395.27169547799997,395.27169547799997,395.27169547799997,395.27169547799997,395.27169818999994,395.27169818999994,395.27169818999994,395.27169818999994,395.27169818999994,395.27169818999994,395.27169818999994,395.27169818999994,395.27169818999994,395.27169818999994,395.27169818999994,395.27169818999994,395.27169818999994,395.27169818999994,395.27169818999994,395.27169818999994,395.27169818999994,395.27169818999994,395.27169818999994,395.27169818999994,395.27169818999994,395.27169818999994,395.27169818999994,395.27169818999994,395.27169818999994,395.27169818999994,395.27169818999994,395.27169818999994,395.27169818999994,395.27169818999994,395.27169818999994,395.27169818999994,395.27169818999994,395.27169818999994,395.27169818999994,395.27169818999994,395.27169818999994,395.27169818999994,395.27169818999994,395.27169818999994,395.27169818999994,395.27169818999994,395.27169818999994,395.27169818999994,395.27169818999994,395.27169818999994,395.27169818999994,395.2717002239999,395.2717002239999,395.2717002239999,395.2717002239999,395.2717002239999,395.2717002239999,395.2717002239999,395.2717002239999,395.2717002239999,395.2717002239999,395.2717002239999,395.2717002239999,395.2717002239999,395.2717002239999,395.2717002239999,395.2717002239999,395.2717002239999,395.2717002239999,395.2717002239999,395.2717002239999,395.2717002239999,395.2717002239999,395.2717002239999,395.2717002239999,395.2717002239999,395.2717002239999,395.2717002239999,395.2717002239999,395.2717002239999,395.2717002239999,395.2717002239999,395.2717002239999,395.2717002239999,395.2717002239999,395.2717002239999,395.2717002239999,395.2717002239999,395.2717002239999,395.2717002239999,395.2717002239999,395.2717002239999,395.2717002239999,395.2717002239999
5,277.517796552,295.77126036600004,302.627519772,310.36357096200004,313.77601208400006,320.31579939600005,324.742604454,326.89647282,331.91066182200007,333.62771919600004,334.90663059599996,336.2558689019999,336.59039749199997,337.96977832199997,338.6859843,340.235169552,341.04574499399996,341.979153018,342.33731194199993,343.1171353379999,345.77402817599994,345.91952087399994,345.91952087399994,346.52850454199995,347.147332092,347.70820691399996,348.681752538,348.743346126,349.1079928319999,349.140816846,349.32400430999996,350.655845814,350.852152578,351.54444888600005,351.552547596,351.677395194,352.231489338,352.32853758,352.32853758,352.499455956,352.602706542,353.37192262800005,353.78638063799997,353.78638063799997,353.799701304,354.361205988,354.64741894199994,355.12346172599996,355.4118198719999,355.890501432,355.890501432,355.890501432,356.01175698599997,356.616739098,356.616739098,357.377335092,357.377335092,357.377335092,357.49751262599995,357.49751262599995,357.99229804199996,357.99229804199996,357.99229804199996,358.041052344,358.2084641039999,358.325984556,359.18357523,359.18357523,359.18357523,359.18357523,359.518665204,360.006973686,360.006973686,360.152909796,360.152909796,360.152909796,360.152909796,360.415859892,360.415859892,360.415859892,360.415859892,360.415859892,360.948492624,361.11220318200003,361.374741054,361.75770054000003,362.03100234000004,362.03100234000004,362.67229203000005,362.67229203000005,363.20525155800004,363.31643135400003,363.332392152,363.381637326,363.381637326,363.65732636399997,363.65732636399997,363.65732636399997,363.65732636399997,363.65732636399997,363.65732636399997,363.65732636399997,363.65732636399997,363.65732636399997,363.65732636399997,363.76981605599997,363.80011519799996,363.82908749399996,363.96671539199997,363.96671539199997,363.96671539199997,364.067661456,364.067661456,364.067661456,364.08108653400006,364.08108653400006,364.08108653400006,364.08108653400006,364.08108653400006,364.29556573200006,364.29556573200006,364.559451468,364.62601140600003,364.626012762,364.979311782,364.979311782,365.232876324,365.40002162999997,365.40002162999997,365.4736965,365.4736965,365.4736965,366.63269885399995,366.895232658,367.74611859000004,367.78846443599997,368.17068490200006,368.17068490200006,368.17068490200006,368.17068490200006,368.22011923800005,368.22011923800005,368.22011923800005,368.22011923800005,368.897313774,369.37494036600003,369.37494036600003,369.37494036600003,370.118042604,370.593468408,370.593468408,370.593468408,370.80913681800007,370.80913681800007,370.80913681800007,371.26411956600003,371.26411956600003,371.26768177800005,371.610126696,371.610126696,371.610126696,371.70945505200007,372.00872154000007,372.00872154000007,372.71244147,372.99062351400005,372.99062351400005,373.49358967800003,374.20246308599997,374.20246308599997,374.313859164,374.313859164,374.35746337800003,374.37342349799997,374.37342349799997,374.37342349799997,374.37342349799997,374.56960211999996,374.56960211999996,375.04814536800006,375.04814536800006,375.16213005000003,375.16213005000003,375.16213005000003,375.528945,375.528945,375.528945,375.578378658,375.604863372,376.145584644,376.946515536,377.000482302,377.033310384,377.50873618800006,377.50873618800006,377.541560202,377.541560202,378.18089996400005,378.32716626,378.32716626,378.38113302600004,378.38113302600004,379.34498731800005,379.34498731800005,379.34498731800005,379.34498731800005,379.643539872,379.643539872,379.643539872,379.643539872,379.643539872,380.098214808,380.414717412,381.01969884600004,381.65750429400003,381.94752218400004,381.959357352,381.959357352,382.30180362600004,382.30180362600004,382.526022294,382.526022294,382.66826669400007,382.66826669400007,382.66826669400007,382.81047855,382.81047855,382.81047855,382.810479228,382.810479228,382.822314396,382.822314396,382.9685793360001,382.9685793360001,383.02254474600005,383.02254474600005,383.218722012,383.218722012,383.218722012,383.364988308,383.368548486,383.368548486,383.368548486,383.368548486,383.870947842,384.21695226,384.589914636,384.589914636,384.589914636,384.58991531400005,384.58991531400005,384.58991531400005,384.58991734800003,384.58991734800003,384.589918026,384.589918026,384.589918026,384.589918026,384.84274626000007,384.84274626000007,385.18672617000004,385.18672617000004,385.49351845800004,385.49351845800004,385.92574752600007,385.92574752600007,385.92575091599997,386.121926826,386.121926826,386.3461454940001,386.3461454940001,386.3461454940001,386.3461454940001,386.3461454940001,386.48835667200007,386.48835667200007,386.48835667200007,386.48835667200007,386.48835667200007,386.630568528,386.630568528,386.630568528,386.630568528,386.630568528,387.116764362,387.116764362,387.116764362,387.116764362,387.312942306,387.312942306,387.312942306,387.50912228400006,387.797599758,387.797599758,387.797599758,387.797599758,387.797599758,387.83042445,387.83042445,387.83042445,387.97669074600003,387.97669074600003,387.97669074600003,387.976691424,387.976691424,388.122956364,388.122956364,388.3191315960001,388.33096608600005,388.33096608600005,388.33096608600005,388.33096608600005,388.473177264,388.473177264,388.473177264,388.473177264,388.473177264,388.473177264,388.47317862000006,389.039840172,389.039840172,389.039840172,389.039840172,389.039840172,389.039840172,389.03984085,389.1820493160001,389.1820493160001,389.1820493160001,389.1820493160001,389.1820493160001,389.1820493160001,389.1820493160001,389.1820493160001,389.1820493160001,389.1820493160001,389.1820493160001,389.1820493160001,389.1820493160001,389.1820493160001,389.1820493160001,389.1820527060001,389.1820527060001,389.1820527060001,389.32831900200006,389.32831900200006,389.328321714,389.328321714,389.328321714,389.328321714,389.328321714,389.328321714,389.328321714,389.328321714,389.328321714,389.4740930700001,389.4740930700001,389.4740930700001,389.4740930700001,389.4740930700001,389.4740930700001,389.4740930700001,389.4740930700001,389.6203614000001,389.766625662,389.766625662,389.766625662,389.766625662,389.766625662,389.912888568,389.912888568,389.912888568,390.059153508,390.059153508,390.059153508,390.059153508,390.059153508,390.20541641400007,390.20541641400007,390.351683388,390.351683388,390.351683388,390.351683388,390.351683388,390.351683388,390.351683388,390.351683388,390.351683388,390.351683388,390.351683388,390.497946294,390.64420920000003,390.64420920000003,390.64420920000003,390.64420920000003,390.644210556,390.790475496,390.790475496,390.790475496,390.790475496,390.790475496,390.790475496,390.790475496,390.790475496,390.790475496,390.790475496,390.790475496,390.790475496,390.790475496,390.93674247,390.93674247,390.93674247,390.994268058,390.994268058,390.994268058,391.14053503199995,391.14053503199995,391.14053503199995,391.14053503199995,391.14053503199995,391.14053503199995,391.14053571,391.14053571,391.14053571,391.14053571,391.14053571,391.14053571,391.14053571,391.14053571,391.14053842199996,391.14053842199996,391.14053842199996,391.14053842199996,391.14053842199996,391.14053842199996,391.14053842199996,391.14053842199996,391.14053842199996,391.14053842199996,391.14053842199996,391.14053842199996,391.14053842199996,391.14053842199996,391.14053842199996,391.14053842199996,391.14053842199996,391.14053842199996,391.14053842199996,391.14053842199996,391.14053842199996,391.14053842199996,391.28275027800004,391.28275027800004,391.28275027800004,391.28275027800004,391.28275027800004,391.28275027800004,391.28275027800004,391.28275027800004,391.28275027800004,391.28275027800004,391.28275027800004,391.28275027800004,391.28275027800004,391.28275027800004,391.28275027800004,391.28275095600003,391.28275095600003,391.28275095600003,391.28275095600003,391.28275095600003,391.282752312,391.282752312,391.28275366800005,391.28275366800005,391.28275366800005,391.28275366800005,391.4249655240001,391.4249655240001,391.4249655240001,391.4249655240001,391.4249655240001,391.5671773800001,391.5671773800001,391.5671773800001,391.5671773800001,391.5671773800001,391.5671773800001,391.5671773800001,391.5671773800001,391.5671773800001,391.5671773800001,391.70938855800006,391.70938855800006,391.90556650200006,391.90556650200006,391.90556650200006,391.90556650200006,391.90556650200006,392.051829408,392.051829408,392.051829408,392.05183076400004,392.05183076400004,392.19809502600003,392.19809502600003,392.34436064400006,392.34436064400006,392.34436064400006,392.34436064400006,392.34436064400006,392.34436064400006,392.34436064400006,392.4906262620001,392.4906262620001,392.4906262620001,392.63283744000006,392.63283744000006,392.63283744000006,392.63283744000006,392.63283744000006,392.63283744000006,392.63283744000006,392.63283744000006,392.63283744000006,392.63283744000006,392.63283744000006,392.63283744000006,392.6328394740001,392.779106448,392.92537274399996,392.92537274399996,392.925375456,392.925375456,392.925375456,392.925375456,393.213848184,393.213848862,393.213848862,393.213848862,393.213848862,393.213848862,393.213848862,393.213852252,393.213852252,393.213852252,393.213852252,393.213852252,393.213852252,393.213852252,393.213852252,393.213852252,393.213852252,393.213852252,393.213852252,393.213852252,393.213852252,393.213852252,393.213852252,393.213852252,393.213852252,393.36011854799995,393.36011854799995,393.36011854799995,393.36011854799995,393.36011854799995,393.36011854799995,393.50638552199996,393.50638552199996,393.50638552199996,393.50638552199996,393.50638552199996,393.50638552199996,393.506386878,393.64859805599997,393.64859805599997,393.64859805599997,393.64859805599997,393.64859805599997,393.64859805599997,393.64860076799994,393.64860076799994,393.64860076799994,393.64860076799994,393.64860076799994,393.64860076799994,393.64860076799994,393.64860076799994,393.64860076799994,393.64860076799994,393.64860076799994,393.64860076799994,393.64860076799994,393.64860076799994,393.64860076799994,393.79486503,393.79486503,393.79486503,393.79486503,393.79486503,393.79486503,393.79486503,393.79486503,393.79486503,393.79486503,393.79486503,393.79486503,393.794865708,393.794865708,393.794865708,393.794865708,393.794865708,393.794865708,393.794865708,393.794865708,393.79486842000006,393.79486842000006,393.79486842000006,393.79486842000006,393.79486842000006,393.79486842000006,393.79486842000006,393.79486842000006,393.79486842000006,393.79486842000006,393.994609254,393.994609254,393.994609254,393.994609254,393.994609254,394.194348732,394.340612994,394.340612994,394.340612994,394.340612994,394.340612994,394.340612994,394.340612994,394.340612994,394.340612994,394.340612994,394.340612994,394.340612994,394.340612994,394.340612994,394.340612994,394.34061367199996,394.34061367199996,394.34061367199996,394.34061367199996,394.34061367199996,394.34061706200004,394.34061706200004,394.34061774,394.34061774,394.34061774,394.34061774,394.34061774,394.34061774,394.34061774,394.34061774,394.34061774,394.34061774,394.34061774,394.63315101,394.77941391599995,394.77941391599995,394.77941391599995,394.77941391599995,394.77941391599995,394.77941391599995,394.77941391599995,394.77941391599995,394.77941662800004,394.77941662800004,394.77941662800004,394.77941662800004,394.77941662800004,394.77941662800004,394.77941662800004,394.77941662800004,394.77941662800004,394.77941662800004,394.77941662800004,394.77941662800004,394.77941662800004,394.77941662800004,394.77941662800004,394.77941662800004,394.77941662800004,394.77941662800004,394.77941662800004,394.77941662800004,394.77941662800004,394.77941662800004,394.779420018,394.779420018,394.779420018,394.779420018,394.779420018,394.779420018,394.779420018,394.779420018,394.77942069599993,394.77942069599993,394.77942069599993,394.77942273,394.77942273,394.77942273,394.77942273,394.77942273,394.77942273,394.77942273,394.77942273,394.77942273,394.77942273,394.77942273,394.77942273,394.779425442,394.779425442,394.779425442,394.779425442,394.779425442,394.77942612,394.77942612,394.77942612,394.77942612,394.77942815399996,394.77942815399996,394.77942815399996,394.77942883199995,394.77942883199995,394.77942883199995,394.77942883199995,394.77942883199995,394.77942883199995,394.77942883199995,394.77942883199995,394.77942883199995,394.77942883199995,394.77942883199995,394.77942883199995,394.77942883199995,394.77942883199995,394.77942883199995,394.77942883199995,394.77942883199995,394.77942883199995,394.77942883199995,394.77942883199995,394.77942951,394.77942951,394.77942951,394.77942951,394.77942951,394.77942951,394.77942951,394.77942951,394.77942951,394.77942951,394.77942951,394.77942951,394.77942951,394.77942951,394.77942951,394.77942951,394.77942951,394.77942951,394.77942951,394.92569377199993,394.92569377199993,394.92569377199993,394.92569377199993,394.92569377199993,394.92569377199993,394.92569377199993,394.92569377199993,394.92569377199993,394.92569377199993,394.92569377199993,394.92569377199993,394.92569377199993,394.92569377199993,394.92569377199993,394.92569377199993,394.92569377199993,394.92569377199993,394.92569377199993,394.92569377199993,394.92569377199993,394.92569377199993,394.92569377199993,394.92569377199993,394.92569377199993,394.92569377199993,394.92569377199993,394.92569377199993,394.92569377199993,394.92569377199993,394.92569377199993,394.92569377199993,394.92569377199993,394.92569377199993,394.92569377199993,394.92569377199993,394.92569377199993,394.92569377199993,394.92569377199993,394.92569377199993,394.92569377199993,394.92569377199993,394.92569377199993,394.92569377199993,394.92569377199993,394.92569377199993,394.92569377199993,394.92569377199993,394.92569377199993,394.92569377199993,395.0719607459999,395.0719607459999,395.0719607459999,395.0719607459999,395.0719607459999,395.0719607459999,395.0719607459999,395.0719607459999,395.0719607459999,395.0719607459999,395.0719607459999,395.0719607459999,395.0719607459999,395.0719607459999,395.0719607459999,395.0719607459999,395.0719607459999,395.0719607459999,395.0719607459999,395.0719607459999,395.0719607459999,395.0719607459999,395.0719607459999,395.0719607459999,395.0719607459999,395.0719607459999,395.0719607459999,395.0719607459999,395.0719607459999,395.0719607459999,395.0719607459999,395.0719607459999,395.0719607459999,395.0719607459999,395.0719607459999,395.0719607459999,395.0719607459999,395.0719607459999,395.0719607459999,395.12948701199997,395.12948701199997,395.12948701199997,395.12948701199997,395.12948701199997,395.12948768999996,395.12948768999996,395.12948768999996,395.12948768999996,395.12948768999996,395.12948768999996,395.12948768999996,395.12948768999996,395.12948768999996,395.12948768999996,395.12948768999996,395.12948768999996,395.12948768999996,395.12948768999996,395.12948768999996,395.12948768999996,395.12948768999996,395.12948768999996,395.12948768999996,395.12948768999996,395.12948768999996,395.12948768999996,395.12948768999996,395.12948768999996,395.12948768999996,395.12948768999996,395.12948768999996,395.12948768999996,395.12948768999996,395.12948768999996,395.12948768999996,395.12948768999996,395.12948768999996,395.12948768999996,395.12948768999996,395.12949040199993,395.12949040199993,395.12949040199993,395.12949040199993,395.12949040199993,395.4179644859999,395.4179644859999,395.4179644859999,395.4179644859999,395.41796652,395.41796652,395.41796652,395.41796652,395.41796652,395.41796652,395.41796652,395.41796652,395.41796652,395.41796652,395.41796652,395.41796652,395.41796652,395.41796652,395.41796652,395.41796652,395.41796652,395.41796652,395.41796652,395.41796652,395.41796652,395.41796652,395.41796652,395.41796652,395.41796652,395.41796652,395.41796652,395.41797058799995,395.41797058799995,395.41797058799995,395.41797058799995,395.41797058799995,395.41797058799995,395.41797058799995,395.41797058799995,395.41797058799995,395.41797058799995,395.41797058799995,395.41797058799995,395.41797058799995,395.41797058799995,395.41797058799995,395.41797058799995,395.41797058799995,395.41797058799995,395.41797058799995,395.41797058799995,395.41797058799995,395.41797058799995,395.41797058799995,395.41797058799995,395.41797058799995,395.41797058799995,395.41797058799995,395.41797058799995,395.41797058799995,395.41797058799995,395.41797058799995,395.41797058799995,395.41797058799995,395.41797058799995,395.41797058799995,395.41797058799995,395.41797058799995,395.41797058799995,395.41797058799995,395.41797058799995,395.41797058799995,395.41797058799995,395.41797126599994,395.41797126599994,395.41797126599994,395.41797126599994,395.41797126599994,395.41797126599994,395.41797126599994,395.41797126599994,395.41797126599994,395.41797126599994,395.41797126599994,395.41797126599994,395.41797126599994,395.41797126599994,395.41797126599994,395.41797126599994,395.41797126599994,395.41797126599994,395.41797126599994,395.41797126599994,395.41797126599994,395.41797126599994,395.41797126599994,395.41797126599994
6,272.1525744059999,291.704174988,304.82176439399996,312.39918528000004,315.88095122399994,321.269725734,323.51579871,327.26400238199994,328.845781806,329.98086703200005,331.82076648000003,332.800270368,334.496568738,335.813909178,336.428987388,336.95537506200003,338.842962318,340.219994556,341.4399552120001,343.01724153000004,343.6729665180001,343.88854339800014,343.94697343800004,343.94697343800004,345.1195547760001,345.78576706800004,347.363700876,347.363700876,347.48056299,348.570635796,350.42116086000004,350.42116086000004,350.529492378,350.73573116399996,350.889549024,351.03581328599995,351.186464886,351.186464886,351.89264866800005,351.89264866800005,351.89264866800005,352.16912622,352.31518911600006,352.775039904,353.113935492,353.47024008600005,353.47024008600005,353.47024008600005,354.21382845,354.21382845,354.558272112,354.790226082,354.85837728599995,355.227816774,355.380816966,355.620582174,355.938693672,356.308130448,356.33183875200007,356.856310398,356.856310398,357.09847776000004,357.39636248400006,357.53338696200007,357.53338696200007,357.53338696200007,357.53338696200007,357.8280199980001,358.06697974200006,358.22519850000003,358.22519850000003,358.22519850000003,358.46808386400005,359.1870479460001,359.3822427900001,359.92747072800006,359.92747072800006,359.92747072800006,359.92747072800006,360.03070233000005,361.01358740400013,361.8581245440001,361.8581245440001,361.8581245440001,361.8581245440001,361.8581245440001,362.28864369600007,362.28864369600007,362.46957003000006,362.46957003000006,362.789517552,363.1007507400001,363.57358726200005,363.95966351400006,363.95966351400006,363.95966351400006,364.22583546600004,364.2816565620001,364.2816565620001,364.2816565620001,364.2816565620001,364.4334939840001,365.0492407020001,365.126453376,365.727772254,365.727772254,366.4501175220001,366.48843401400006,366.62818812000006,366.692741178,367.59064234199997,367.59064234199997,367.59064234199997,367.59064234199997,367.59064234199997,367.682521512,367.972541436,367.972541436,367.972541436,367.972541436,367.972541436,367.972541436,367.972541436,368.44444977600006,368.44444977600006,368.57571193200005,368.8841266740001,368.8841266740001,369.261344856,369.261344856,369.63911425200007,369.63911493000006,369.6719403000001,369.6719403000001,369.828047766,370.4469797280001,370.59324670200004,370.59324670200004,370.59324670200004,370.61762080200003,370.61762080200003,370.61762080200003,370.95672792600004,370.95672792600004,370.977200136,370.977200136,370.977200136,370.977200136,371.503189146,371.65129078800004,372.62650632599997,372.626507004,372.70145380200006,372.92567247,372.96886852800003,373.111079706,373.259849178,373.348807524,373.348807524,373.7224648500001,373.7224648500001,373.7717527380001,373.7717527380001,374.27472703800004,374.32935621,374.32935621,374.32935621,374.798836632,374.798836632,374.798836632,374.798839344,374.798839344,374.798839344,375.24784416600005,375.24784416600005,375.24784416600005,375.39410707200005,375.39410707200005,375.404872356,375.404872356,375.404872356,375.404872356,375.694891602,375.694891602,375.891066834,375.891066834,375.891066834,376.379279718,376.863936492,377.3129399580001,377.50911858,377.73333657,378.202816992,378.202816992,378.80779639199994,379.17372994199997,379.55687180999996,379.97726706599997,379.97726706599997,379.97726706599997,380.4359801699999,380.77842576599994,380.7784271219999,380.7784271219999,381.09039729599994,381.09039729599994,381.09039729599994,381.09039729599994,381.09039729599994,381.813610404,381.813610404,382.210975356,382.210975356,382.447024446,382.500994602,382.807787568,382.807787568,382.807788246,382.807788246,382.807788246,382.9540579319999,383.15023790999993,383.15023790999993,383.15023790999993,383.296502172,383.442768468,383.442768468,383.442768468,383.442768468,383.442768468,383.442768468,383.731247298,384.21995986799993,384.257209866,384.257209866,384.257209866,384.89218398599996,384.89218398599996,384.89218398599996,384.89218534199995,384.8921880539999,384.8921880539999,384.892188732,384.892188732,384.892188732,385.32270856199995,385.3345410179999,385.5970748219999,385.5970748219999,385.5970748219999,385.597077534,385.93546597799997,385.93546597799997,386.077676478,386.077676478,386.077676478,386.22394141800004,386.22394141800004,386.22394141800004,386.45643033,386.65260827399993,386.65260827399993,386.65260827399993,386.65260827399993,386.65260827399993,386.652610308,386.652610308,386.652610308,386.710136574,386.710137252,386.71013996399995,386.71013996399995,386.71014199800004,386.71014199800004,386.71014199800004,386.71014199800004,387.276802194,387.276802194,387.27680490600005,387.423067812,387.423067812,387.423067812,387.423067812,387.76906884,387.76906884,387.91128069599995,387.91128069599995,387.91128408599997,388.14377503199995,388.14377503199995,388.42593422399995,388.42593422399995,388.42593422399995,388.42593422399995,388.42593422399995,388.483459134,388.483459134,388.62972204,388.62972204,388.68724695,388.829459484,388.829459484,388.829459484,388.829459484,388.829459484,388.975727814,388.975727814,388.97573052599995,388.97573052599995,388.97573120400006,388.975733916,388.975733916,388.975733916,388.975733916,388.975733916,388.975733916,388.987566372,388.987566372,388.987566372,389.40796230599994,389.40796230599994,389.40796230599994,389.40796230599994,389.40796230599994,389.68614638400004,389.68614638400004,389.68614638400004,389.68614638400004,389.68614638400004,389.8283595959999,390.106542318,390.106542318,390.106542318,390.106542996,390.252807258,390.252807258,390.252807258,390.252807258,390.252807258,390.252807258,390.252807258,390.39906948600003,390.39906948600003,390.54533374799996,390.54533374799996,390.54533374799996,390.54533374799996,390.98007344999996,390.98007344999996,390.98007344999996,391.1263404239999,391.126341102,391.126341102,391.126341102,391.126341102,391.126341102,391.18386940199997,391.18386940199997,391.18386940199997,391.18386940199997,391.18386940199997,391.241397702,391.241397702,391.38360752399996,391.38360752399996,391.38360752399996,391.5298738199999,391.5298738199999,391.5298738199999,391.5298738199999,391.5298738199999,391.5298738199999,391.67208567599994,391.67208567599994,391.67208567599994,391.81835197199996,391.81835197199996,392.11088727599997,392.11088727599997,392.11088727599997,392.11089066599993,392.11089066599993,392.11089066599993,392.11089066599993,392.11089066599993,392.11089066599993,392.11089066599993,392.11089066599993,392.253105234,392.253107268,392.253107268,392.253107268,392.253107268,392.25310794599994,392.25310794599994,392.25310794599994,392.39937491999996,392.39937491999996,392.39937491999996,392.39937491999996,392.39937491999996,392.39937491999996,392.623593588,392.623593588,392.623593588,392.623593588,392.623595622,392.623595622,392.623595622,392.623595622,392.6235963,392.76986327399993,392.76986327399993,392.76986327399993,392.76986327399993,392.76986327399993,392.76986327399993,392.76986327399993,392.76986327399993,392.76986327399993,393.10825307399995,393.10825307399995,393.10825307399995,393.10825307399995,393.10825307399995,393.10825307399995,393.10825307399995,393.10825307399995,393.10825375199994,393.1082564639999,393.10825714199996,393.108260532,393.108260532,393.108260532,393.108260532,393.108260532,393.10826595599997,393.10826595599997,393.10826595599997,393.10826595599997,393.2545302179999,393.2545302179999,393.2545302179999,393.2545302179999,393.2545302179999,393.2545302179999,393.2545302179999,393.2545302179999,393.2545302179999,393.2545302179999,393.2545302179999,393.2545302179999,393.2545302179999,393.2545302179999,393.4007944799999,393.4007944799999,393.4007944799999,393.4007944799999,393.4007944799999,393.4007944799999,393.4007944799999,393.4007944799999,393.4007944799999,393.4007944799999,393.4007944799999,393.4007944799999,393.4007944799999,393.4007944799999,393.4007944799999,393.4007944799999,393.4007944799999,393.4007944799999,393.4007944799999,393.4007944799999,393.4007944799999,393.4007944799999,393.4007944799999,393.4007944799999,393.4007944799999,393.4007944799999,393.4007944799999,393.4007944799999,393.4007944799999,393.4007944799999,393.4007944799999,393.4007944799999,393.4007944799999,393.4007944799999,393.4007944799999,393.4007944799999,393.4007944799999,393.4007944799999,393.4007944799999,393.4007944799999,393.4007944799999,393.4007944799999,393.54705874199993,393.5470621319999,393.5470621319999,393.5470621319999,393.54706280999994,393.54706280999994,393.54706280999994,393.5470641659999,393.5470641659999,393.5470641659999,393.5470641659999,393.5470641659999,393.5470641659999,393.5470641659999,393.5470641659999,393.5470641659999,393.5470641659999,393.5470641659999,393.5470641659999,393.5470641659999,394.11372503999996,394.11372503999996,394.11372503999996,394.11372503999996,394.11372503999996,394.11372503999996,394.11372503999996,394.11372503999996,394.11372503999996,394.11372503999996,394.11372503999996,394.11372503999996,394.11372503999996,394.11372503999996,394.11372503999996,394.11372503999996,394.11372503999996,394.11372503999996,394.25593960799995,394.25593960799995,394.25593960799995,394.25593960799995,394.25593960799995,394.25593960799995,394.25593960799995,394.25593960799995,394.25593960799995,394.25593960799995,394.25593960799995,394.25593960799995,394.25593960799995,394.25593960799995,394.25593960799995,394.25593960799995,394.25593960799995,394.25593960799995,394.25593960799995,394.25593960799995,394.25593960799995,394.398150108,394.54441301399993,394.54441301399993,394.54441301399993,394.54441301399993,394.54441301399993,394.54441301399993,394.54441301399993,394.54441572599995,394.54441572599995,394.6906786319999,394.6906786319999,394.6906786319999,394.6906786319999,394.6906786319999,394.6906786319999,394.6906786319999,394.6906786319999,394.6906786319999,394.6906786319999,394.6906786319999,394.6906786319999,394.6906786319999,394.6906786319999,394.6906786319999,394.6906786319999,394.6906786319999,394.6906786319999,394.6906786319999,394.6906786319999,394.6906786319999,394.6906786319999,394.6906786319999,394.6906786319999,394.6906786319999,394.6906786319999,394.6906786319999,394.6906786319999,394.6906786319999,394.6906786319999,394.6906786319999,394.6906786319999,394.6906786319999,394.6906786319999,394.6906786319999,394.6906786319999,394.6906786319999,394.6906786319999,394.6906786319999,394.6906786319999,394.6906786319999,394.6906786319999,394.6906786319999,394.6906786319999,394.690681344,394.690681344,394.690681344,394.690681344,394.690681344,394.690681344,394.690681344,394.69068269999997,394.69068269999997,394.69068269999997,394.69068269999997,394.69068269999997,394.69068269999997,394.69068269999997,394.69068269999997,394.69068269999997,394.69068337799996,394.69068337799996,394.69068337799996,394.69068405599995,394.6906874459999,394.6906874459999,394.6906874459999,394.6906874459999,394.6906874459999,394.6906874459999,394.69068812399996,394.69068812399996,394.69068812399996,394.69068812399996,394.69068812399996,394.69068812399996,394.69068812399996,394.69068812399996,394.83289930199993,394.8329013359999,394.8329013359999,394.8329013359999,394.8329013359999,394.8329013359999,394.8329013359999,394.8329013359999,394.8329013359999,394.8329013359999,394.8329013359999,394.8329013359999,394.8329013359999,394.8329013359999,394.8329013359999,394.8329013359999,394.8329013359999,394.8329013359999,394.8329013359999,394.8329013359999,394.8329013359999,394.8329013359999,394.8329013359999,394.8329013359999,394.8329020139999,394.8329020139999,394.8329020139999,394.8329020139999,394.8329020139999,394.8329020139999,394.8329020139999,394.8329020139999,394.8329020139999,394.8329020139999,394.8329020139999,394.8329020139999,394.97916831,394.97916831,394.97916831,394.97916831,394.97916831,394.97916831,394.97916831,394.97916831,394.97916831,394.97916831,394.97916831,394.97916831,394.97916831,394.97916831,394.97916831,394.97916831,394.97916831,394.97916831,394.97916831,394.97916831,394.97916831,394.97916831,394.97916831,394.97916831,394.97916831,394.97916831,394.97916831,394.97916831,394.97916831,394.97916831,394.97916831,394.97916831,394.97916831,394.97916831,394.97916831,394.97916898799997,394.97916898799997,394.97916898799997,394.97916898799997,394.97916898799997,394.97916898799997,394.97916898799997,394.97916898799997,394.97916898799997,394.97916898799997,394.97916898799997,394.97916898799997,394.97916898799997,394.97916898799997,394.97916898799997,394.97916898799997,394.97916898799997,394.97916898799997,394.97916898799997,394.97916898799997,394.97916898799997,394.97916966599996,394.97916966599996,394.97916966599996,394.97916966599996,394.97916966599996,394.97916966599996,394.97916966599996,394.97916966599996,394.97916966599996,394.97916966599996,394.97916966599996,394.97916966599996,394.97916966599996,394.97916966599996,394.97916966599996,394.97916966599996,394.97916966599996,394.97916966599996,394.97916966599996,394.97916966599996,394.97916966599996,394.97916966599996,394.97916966599996,394.97917034399995,394.97917034399995,394.97917034399995,394.97917034399995,394.97917034399995,394.97917034399995,394.97917034399995,394.97917034399995,394.97917102199995,394.97917102199995,394.97917102199995,394.97917102199995,394.97917102199995,394.97917102199995,394.97917102199995,394.97917102199995,394.97917102199995,394.97917102199995,394.97917102199995,394.97917102199995,394.97917102199995,394.97917102199995,394.97917102199995,394.97917102199995,394.97917102199995,394.97917102199995,394.97917102199995,394.97917102199995,394.97917102199995,394.97917102199995,394.97917102199995,394.97917102199995,394.97917102199995,394.97917102199995,394.97917102199995,394.97917102199995,394.97917102199995,394.97917102199995,394.97917102199995,394.97917102199995,394.97917102199995,394.97917102199995,394.97917102199995,394.97917102199995,394.97917102199995,394.97917102199995,394.97917102199995,394.97917102199995,394.97917102199995,394.97917102199995,394.97917102199995,394.97917102199995,394.97917102199995,394.97917102199995,394.97917102199995,394.97917102199995,394.97917102199995,394.97917102199995,394.97917102199995,394.97917102199995,394.97917102199995,394.97917102199995,394.97917102199995,394.97917102199995,394.97917102199995,394.97917102199995,394.97917102199995,394.97917102199995,394.97917102199995,394.97917102199995,394.97917102199995,394.97917102199995,394.97917102199995,394.97917169999994,394.97917169999994,394.97917169999994,394.97917169999994,394.97917237799993,394.97917237799993,394.97917237799993,394.9791730559999,394.9791730559999,394.9791730559999,394.9791730559999,394.9791730559999,394.9791730559999,394.9791730559999,394.9791730559999,394.9791730559999,394.9791730559999,394.9791730559999,394.9791730559999,394.9791730559999,394.9791730559999,394.9791730559999,394.9791730559999,394.9791730559999,394.9791730559999,394.9791730559999,394.9791730559999,394.9791730559999,395.12543935199994,395.12543935199994,395.12543935199994,395.12543935199994,395.12543935199994,395.12543935199994,395.12543935199994,395.12543935199994,395.12543935199994,395.12543935199994,395.12543935199994,395.12544002999994,395.12544002999994,395.12544002999994,395.12544002999994,395.12544002999994,395.12544002999994,395.12544002999994,395.12544002999994,395.12544002999994,395.12544002999994,395.12544002999994,395.12544002999994,395.12544002999994,395.12544002999994,395.12544002999994,395.12544002999994,395.12544002999994,395.12544002999994,395.12544002999994,395.12544002999994,395.12544002999994,395.12544002999994,395.12544002999994,395.27170497,395.27170497,395.27170497,395.27170497,395.27170497,395.27170497,395.27170497,395.27170497,395.27170497,395.27170497,395.27170497,395.27170497,395.27170497,395.27170497,395.27170497,395.27170497,395.27170497,395.27170497,395.27170497,395.27170497,395.27170497,395.27170497,395.27170497,395.27170497,395.27170497,395.27170497,395.27170497,395.27170497,395.27170497,395.27170497,395.27170497,395.27170497,395.27170497,395.27170497,395.27170497,395.27170497,395.27170497,395.27170497,395.27170497,395.27170497,395.27170497,395.27170497,395.27170497,395.27170497,395.27170497,395.27170497,395.27170497,395.27170497,395.27170497,395.27170497,395.27170497,395.27170497,395.27170497,395.27170497,395.27170497,395.27170497,395.27170497,395.27170497,395.27170497,395.27170497,395.27170497,395.27170497,395.27170497,395.27170497,395.27170497,395.27170497,395.27170497,395.27170497,395.27170497,395.27170497,395.27170497,395.27170497,395.27170497,395.27170497,395.27170497,395.27170497,395.27170497,395.27170497,395.27170497,395.27170497,395.27170497,395.27170497,395.27170497,395.27170497,395.27170497,395.27170497,395.27170497,395.27170497,395.27170497,395.27170497,395.27170497,395.27170497,395.27170497,395.27170497,395.27170497,395.27170497,395.27170497,395.27170497,395.27170497,395.27170497,395.2717056479999,395.2717056479999,395.2717056479999,395.2717056479999,395.2717056479999,395.2717056479999,395.2717056479999
7,278.46144305400003,292.83532171200005,302.567078784,311.03149452599996,314.35058115,316.171626774,319.416420192,322.060762572,325.460959692,326.32730877,328.04512075800005,332.960095986,335.31854000399994,335.59078344599993,336.4214649779999,337.245961794,338.26679723999996,339.29337873599997,340.401159546,341.537491614,341.79092665799993,342.94310833199995,343.30416096,343.48524052199997,344.5065126,345.416823198,345.81507700799995,346.6368774179999,346.71012175799996,347.1008538359999,347.1946592039999,347.1946592039999,347.1974593439999,348.52225574999994,348.52225574999994,349.4948216639999,349.5610439579999,350.75436463799997,351.42225498,351.687632994,352.09986648599994,352.21420169399994,352.43524257599995,352.6386242699999,353.53050614999995,353.61271704,353.61271704,354.33410293799994,355.05309617399996,355.05914664599993,355.05914664599993,355.39829648399996,355.39829648399996,355.39829648399996,355.39829648399996,355.5277354979999,355.5277354979999,355.6527986999999,356.2081857899999,356.7647953139999,356.7647953139999,356.7647953139999,356.7647953139999,356.7647953139999,357.35064629999994,357.8202474059999,357.8202474059999,358.118654868,359.45353381199993,359.95751765399996,360.855447972,361.38223431,361.600064862,361.600064862,361.6487466179999,361.6487466179999,361.98899956199995,362.4976521119999,363.2916958799999,363.2916958799999,363.2916958799999,363.2916958799999,363.5935245299999,363.8623996679999,363.8623996679999,363.8623996679999,363.8623996679999,364.74746764799994,364.74746764799994,364.74746764799994,364.74746764799994,364.74746764799994,364.74746764799994,365.232020688,365.62112421,365.62112421,365.907078846,365.907078846,365.98178970000004,365.98178970000004,365.98178970000004,366.046523106,366.30045851399996,366.502358778,366.502358778,366.502358778,367.3067556060001,367.3067556060001,367.3067556060001,367.3067556060001,367.33324303200004,367.33324303200004,367.33324303200004,367.33324303200004,367.33324303200004,367.33324303200004,367.81528137000004,367.81528137000004,368.7411819000001,368.7411819000001,368.7411819000001,368.7411819000001,369.356927262,369.403128216,369.403128216,369.403128216,369.403128216,369.585818706,369.87429346799996,369.87429346799996,369.87429346799996,370.678834032,370.75303570799997,370.75303842,371.108753832,371.389485834,371.40132167999997,371.553334704,371.553334704,371.553334704,371.553334704,371.553334704,371.581943592,371.581943592,371.581943592,372.197686242,372.605931738,372.605931738,372.605931738,372.825054558,372.92236179599996,373.93802816999994,373.9766978999999,374.026131558,374.564857476,374.87165044200003,375.41236968,375.41236968,375.41236968,375.41236968,375.56467220999997,375.56467220999997,375.56467220999997,375.56467220999997,375.56467220999997,375.581445252,375.581445252,375.859628652,375.859628652,375.859628652,375.908707716,376.05497468999994,376.2791913239999,376.32150733799995,376.32150733799995,376.32150733799995,376.90000337999993,377.511320724,377.51132207999996,377.51132207999996,377.51132207999996,377.77174391399996,378.17431794,378.31653047399993,378.3341401679999,379.301397342,379.497576642,379.89494566200005,379.89494566200005,380.041213314,380.04121670399996,380.04121670399996,380.04121670399996,380.04121670399996,380.04121670399996,380.04121670399996,380.18748164399994,380.18748164399994,380.18748164399994,380.33374861799996,380.7541431959999,381.0323259179999,381.0323259179999,381.63348343199993,381.8296620539999,382.55800287599993,382.55800287599993,382.5580035539999,382.8464817059999,382.8464817059999,382.8464817059999,382.8464817059999,383.1723583379999,383.1723583379999,383.31862463399995,383.31862463399995,383.31862463399995,383.7109818779999,383.7109818779999,383.7109818779999,383.93519919,384.08146684199994,384.3596509199999,384.7415452679999,384.74154730199996,384.7415500139999,384.7415500139999,384.7415500139999,385.3640279159999,385.3640279159999,385.50623977199996,385.83945439799993,385.83945439799993,386.0356296299999,386.1818966039999,386.1818966039999,386.1818979599999,386.1818979599999,386.1819006719999,386.1819006719999,386.1819006719999,386.1819006719999,386.3281649339999,386.63495450999994,386.77716636599996,386.9234333399999,386.9234333399999,386.9234333399999,386.9234353739999,386.9234353739999,386.923438086,386.923438086,387.06564994199994,387.2119162379999,387.35242089,387.35242089,387.35242089,387.3524215679999,387.3524215679999,387.4986871859999,387.6449534819999,387.6449534819999,387.6449534819999,387.6449534819999,387.6449534819999,387.6449534819999,387.6449534819999,387.6449561939999,387.6449561939999,387.6449561939999,387.7871673719999,387.9293785499999,387.9293785499999,388.3497744839999,388.50209057399996,388.50209057399996,388.50209057399996,388.50209057399996,388.79056533599993,388.79056533599993,388.79056533599993,388.79056533599993,388.79056533599993,388.79056533599993,389.01122247,389.15748740999993,389.29969994399994,389.29969994399994,389.29969994399994,389.29969994399994,389.29969994399994,389.29969994399994,389.445964884,389.445964884,389.445964884,389.445964884,389.445964884,389.445964884,389.445964884,389.445964884,389.698791762,389.8450567019999,389.8450567019999,389.8450567019999,389.8450567019999,389.8450573799999,389.8450573799999,389.8450573799999,389.8450573799999,389.8450573799999,389.9872685579999,389.9872712699999,390.13353824399996,390.13353824399996,390.13353824399996,390.13353824399996,390.13353824399996,390.13353824399996,390.13353824399996,390.13353824399996,390.13353824399996,390.13353892199996,390.423559524,390.423559524,390.423559524,390.62735208600003,390.62735208600003,390.62735208600003,390.62735208600003,390.62735208600003,390.62735208600003,390.63091023,390.77717516999996,390.77717516999996,390.77717516999996,390.77717516999996,390.77717516999996,390.77717584799996,390.77717584799996,390.77717856000004,390.77717856000004,390.77717856000004,390.77717856000004,390.77717856000004,390.777181272,390.777181272,390.777181272,390.777181272,390.777181272,390.777181272,390.777181272,391.11962686799995,391.11962686799995,391.11962686799995,391.261838046,391.261838046,391.261838046,391.261838046,391.261838046,391.261838046,391.261838046,391.26184075799995,391.26184075799995,391.26184075799995,391.26184075799995,391.26184075799995,391.26184075799995,391.26184075799995,391.26184075799995,391.26184075799995,391.26184075799995,391.26184414799997,391.26184414799997,391.26184414799997,391.26184414799997,391.26184414799997,391.26184414799997,391.26184414799997,391.26184414799997,391.26184414799997,391.26184414799997,391.26184414799997,391.26184414799997,391.40810841,391.40810841,391.408109766,391.4081117999999,391.4081117999999,391.4081117999999,391.4081117999999,391.4081117999999,391.40811247799996,391.40811383399995,391.40811383399995,391.40811383399995,391.408116546,391.46564077799997,391.46564077799997,391.46564145599996,391.46564145599996,391.46564145599996,391.46564145599996,391.46564145599996,391.46564213399995,391.46564213399995,391.46564213399995,391.46564213399995,391.46564213399995,391.46564213399995,391.46564213399995,391.46564213399995,391.46564213399995,391.611906396,391.61190910799996,391.61190910799996,391.61190910799996,391.61190910799996,391.61191181999993,391.61191181999993,391.61191453199996,391.61191453199996,391.75412299799996,391.90038726,391.90038726,391.90038726,391.90038726,391.90038726,391.90038726,391.90038726,391.90038726,391.90038726,391.90038726,391.90038726,391.90038726,391.900388616,392.0425991159999,392.0425991159999,392.0425991159999,392.0425991159999,392.0425991159999,392.2387777379999,392.238779772,392.2387804499999,392.2387804499999,392.2387804499999,392.23878112799997,392.23878112799997,392.23878112799997,392.385046746,392.385046746,392.385046746,392.385046746,392.385046746,392.385046746,392.385046746,392.385046746,392.385046746,392.385046746,392.385046746,392.385046746,392.385046746,392.38504945799997,392.527261992,392.527261992,392.527261992,392.527261992,392.527261992,392.527261992,392.527261992,392.527261992,392.527261992,392.527261992,392.527261992,392.527261992,392.527261992,392.527261992,392.527261992,392.527261992,392.6694724919999,392.6694724919999,392.6694724919999,392.81573675399994,392.81573675399994,392.81573675399994,392.81573675399994,392.81573675399994,392.81573675399994,392.81573675399994,392.81573675399994,392.815740144,392.815740144,392.815740144,392.815740144,392.815740144,392.815740144,392.815740144,392.815740144,392.815740144,392.81574217799994,392.81574217799994,392.81574217799994,392.81574217799994,392.81574217799994,392.81574217799994,392.81574217799994,392.81574217799994,392.81574217799994,392.81574217799994,392.9579533559999,392.9579533559999,392.9579533559999,392.9579533559999,392.9579533559999,392.9579533559999,393.10421626199997,393.25047849,393.25047849,393.25048120199995,393.25048120199995,393.25048120199995,393.25048120199995,393.25048187999994,393.25048187999994,393.25048187999994,393.25048255799993,393.25048255799993,393.25048255799993,393.39674682,393.39674682,393.39674682,393.39674682,393.3967474979999,393.3967474979999,393.3967474979999,393.3967474979999,393.5430097259999,393.5430097259999,393.5430097259999,393.5430097259999,393.5430097259999,393.5430097259999,393.5430097259999,393.5430097259999,393.5430097259999,393.5430097259999,393.5430097259999,393.5430097259999,393.5430097259999,393.5430097259999,393.5430097259999,393.5430097259999,393.5430097259999,393.6852242939999,393.685226328,393.685226328,393.68522971799996,393.68522971799996,393.68522971799996,393.68522971799996,393.68522971799996,393.68522971799996,393.68522971799996,393.68522971799996,393.68522971799996,393.68522971799996,393.68522971799996,393.68523039599995,393.68523039599995,393.68523039599995,393.68523039599995,393.68523039599995,393.68523039599995,393.68523039599995,393.68523039599995,393.68523039599995,393.68523039599995,393.68523039599995,393.68523039599995,393.68523039599995,393.68523039599995,393.68523039599995,393.68523039599995,393.68523039599995,393.68523039599995,393.68523039599995,393.68523039599995,393.68523039599995,393.68523039599995,393.68523039599995,393.68523039599995,393.68523039599995,393.68523039599995,393.68523039599995,393.68523039599995,393.68523039599995,393.68523039599995,393.68523039599995,393.68523039599995,393.68523039599995,393.68523039599995,393.827441574,393.827441574,393.827441574,393.827441574,393.827441574,393.827441574,393.827441574,393.97370651399996,393.97370651399996,393.97370651399996,393.97370651399996,393.97370651399996,393.97370651399996,393.97370651399996,393.97370651399996,393.97370651399996,393.97370651399996,393.97370651399996,393.97370651399996,393.97370651399996,393.97370651399996,393.97370651399996,393.97370651399996,393.97370651399996,393.973707192,393.973707192,393.973707192,393.973707192,394.119971454,394.119971454,394.119971454,394.119971454,394.119971454,394.119971454,394.119971454,394.119971454,394.119971454,394.119971454,394.119971454,394.119971454,394.119971454,394.119971454,394.119971454,394.119971454,394.119971454,394.119971454,394.344190122,394.344190122,394.344190122,394.344190122,394.344190122,394.344190122,394.344190122,394.344190122,394.344190122,394.344190122,394.344190122,394.344190122,394.344190122,394.3441921559999,394.3441921559999,394.3441921559999,394.5403694219999,394.5403694219999,394.5403694219999,394.5403694219999,394.5403694219999,394.5403694219999,394.5403694219999,394.5403694219999,394.5403694219999,394.5403694219999,394.5403694219999,394.5403694219999,394.540371456,394.540372134,394.540372134,394.540372134,394.540372134,394.540372134,394.540372134,394.54037484599996,394.54037484599996,394.54037484599996,394.54037484599996,394.54037484599996,394.54037484599996,394.54037484599996,394.54037484599996,394.54037484599996,394.54037484599996,394.54037484599996,394.54037484599996,394.54037484599996,394.54037484599996,394.54037484599996,394.54037484599996,394.54037484599996,394.68663978599994,394.68663978599994,394.68663978599994,394.68663978599994,394.68663978599994,394.68663978599994,394.68663978599994,394.68663978599994,394.68663978599994,394.68663978599994,394.68663978599994,394.68663978599994,394.68663978599994,394.68663978599994,394.68663978599994,394.68663978599994,394.68663978599994,394.68663978599994,394.68663978599994,394.68663978599994,394.68663978599994,394.68663978599994,394.68663978599994,394.68663978599994,394.68663978599994,394.68663978599994,394.68663978599994,394.68663978599994,394.68663978599994,394.68663978599994,394.68663978599994,394.68663978599994,394.68663978599994,394.68663978599994,394.68663978599994,394.68663978599994,394.68663978599994,394.68663978599994,394.68663978599994,394.68663978599994,394.68663978599994,394.6866418199999,394.6866418199999,394.6866418199999,394.6866418199999,394.6866418199999,394.6866418199999,394.6866418199999,394.6866418199999,394.6866418199999,394.6866418199999,394.6866418199999,394.8329067599999,394.8329067599999,394.8329067599999,394.8329067599999,394.8329067599999,394.8329067599999,394.8329067599999,394.8329067599999,394.8329067599999,394.8329067599999,394.8329067599999,394.8329067599999,394.8329067599999,394.8329067599999,394.8329067599999,394.8329067599999,394.8329067599999,394.8329067599999,394.8329067599999,394.8329067599999,394.8329067599999,394.8329067599999,394.8329067599999,394.8329067599999,394.8329067599999,394.8329067599999,394.8329067599999,394.8329067599999,394.8329067599999,394.8329067599999,394.8329067599999,394.8329067599999,394.8329067599999,394.8329067599999,394.8329067599999,394.8329067599999,394.8329067599999,394.8329067599999,394.8329067599999,394.8329067599999,394.8329067599999,394.8329067599999,394.8329067599999,394.8329067599999,394.8329067599999,394.8329067599999,394.8329067599999,394.8329067599999,394.8329067599999,394.8329067599999,394.8329067599999,394.8329067599999,394.8329067599999,394.8329067599999,394.8329067599999,394.8329067599999,394.8329067599999,394.8329067599999,394.8329067599999,394.8329067599999,394.8329067599999,394.8329067599999,394.8329067599999,394.8329067599999,394.8329067599999,394.8329067599999,394.97917169999994,394.97917169999994,394.97917169999994,394.97917169999994,394.97917169999994,394.97917169999994,394.97917169999994,394.97917169999994,394.97917169999994,394.97917237799993,394.97917237799993,394.97917237799993,394.97917237799993,394.97917237799993,394.97917237799993,394.97917237799993,394.97917237799993,394.97917237799993,394.97917237799993,394.97917237799993,394.97917237799993,394.97917237799993,394.97917237799993,394.97917237799993,394.97917237799993,394.97917237799993,394.97917237799993,394.97917237799993,394.97917237799993,394.97917237799993,394.97917237799993,394.97917237799993,395.12543664,395.12543664,395.12543664,395.12543664,395.12543664,395.12543664,395.12543935199994,395.12543935199994,395.12543935199994,395.12543935199994,395.12543935199994,395.12543935199994,395.12543935199994,395.12543935199994,395.12543935199994,395.12543935199994,395.12543935199994,395.12543935199994,395.12543935199994,395.12543935199994,395.12543935199994,395.12543935199994,395.12543935199994,395.12543935199994,395.12543935199994,395.12543935199994,395.12543935199994,395.12543935199994,395.12543935199994,395.12543935199994,395.12543935199994,395.12543935199994,395.12543935199994,395.12543935199994,395.12543935199994,395.12543935199994,395.12543935199994,395.12543935199994,395.12543935199994,395.12543935199994,395.12543935199994,395.12543935199994,395.12543935199994,395.12543935199994,395.12543935199994,395.12543935199994,395.12543935199994,395.12543935199994,395.27170632599996,395.27170632599996,395.27170632599996,395.27170632599996,395.27170632599996,395.27170632599996,395.27170632599996,395.27170632599996,395.27170632599996,395.27170632599996,395.27170632599996,395.27170632599996,395.27170632599996,395.27170632599996,395.27170632599996,395.27170632599996,395.27170632599996,395.27170632599996,395.27170632599996,395.27170632599996,395.27170632599996,395.27170632599996,395.27170632599996,395.27170632599996,395.27170632599996,395.27170632599996,395.27170632599996,395.27170632599996,395.27170632599996,395.27170632599996,395.27170632599996,395.27170632599996,395.27170632599996,395.27170632599996,395.27170632599996,395.27170632599996,395.27170632599996,395.27170632599996,395.27170632599996,395.27170632599996,395.27170632599996,395.27170632599996,395.27170632599996,395.27170632599996,395.27170632599996,395.27170632599996,395.27170632599996,395.27170632599996,395.27170632599996,395.27170632599996,395.27170632599996,395.27170632599996,395.27170632599996,395.27170632599996,395.27170632599996,395.27170632599996,395.27170632599996,395.27170632599996,395.27170632599996,395.27170632599996,395.27170632599996,395.27170632599996,395.27170632599996,395.27170632599996,395.27170632599996,395.27170632599996,395.27170632599996,395.27170632599996,395.27170632599996,395.27170632599996,395.27170632599996,395.27170632599996,395.27170632599996,395.27170632599996,395.27170632599996,395.27170632599996,395.27170632599996,395.27170632599996,395.27170632599996,395.27170632599996,395.27170632599996,395.27170632599996,395.27170632599996,395.27170632599996,395.27170632599996,395.27170632599996,395.27170632599996,395.27170632599996,395.27170632599996,395.27170632599996,395.27170632599996,395.27170632599996,395.27170632599996,395.27170632599996,395.27170632599996,395.27170632599996,395.27170632599996,395.27170632599996,395.27170632599996,395.27170632599996,395.27170632599996,395.27170632599996,395.27170632599996,395.27170632599996
8,277.008044286,295.264342818,308.403494658,318.87911943,322.245848436,325.86093494399995,328.12520544,331.608090762,331.760508552,333.663893208,334.737409254,336.011255316,337.24325318399997,337.388280774,337.613540172,338.542213044,338.85161698800005,339.31022568000003,339.593628324,341.84619654,342.080144508,342.88028010600004,342.93202845600007,343.217229156,343.217229156,344.9916073620001,346.03171292400003,347.01635469600006,347.133350376,348.59447359800004,348.59447359800004,349.80901839000006,350.36221554,350.6676125040001,350.85441235200005,351.0354437760001,351.2366124780001,351.2366124780001,351.493994838,351.557585814,351.77249622000005,352.29151674600007,352.94046105600006,353.2259844840001,353.2259844840001,353.2259844840001,353.717258538,353.972098398,354.331515012,354.834264216,355.77563535,355.883280054,356.19279993600003,356.780237442,357.07682244000006,357.151868904,357.640795044,357.77778291000004,357.77778291000004,359.216257542,359.216257542,359.57000472000004,359.86315225799996,360.179500278,360.179500278,360.58150749600003,361.37736966000006,361.415568858,361.615309014,361.827377244,361.827377244,362.810591826,362.810591826,362.810591826,362.810591826,363.319990176,363.37512039,363.61563411000003,363.61563411000003,363.61563411000003,363.61563411000003,363.63159422999996,363.63159422999996,363.73440208200003,363.73440208200003,363.86624257200003,363.930823428,363.930823428,363.930823428,364.22348212800006,364.22348212800006,364.22348212800006,364.22790268800003,364.22790268800003,364.22790268800003,364.22790268800003,364.22790268800003,364.800601152,364.800601152,364.800601152,365.135439588,365.1787637880001,365.1787637880001,365.1787637880001,365.1787637880001,365.1787637880001,365.88059074200004,365.88059074200004,365.88059074200004,365.88059074200004,365.88059074200004,366.49190740800003,367.021233534,367.021233534,367.04171252399993,367.04171252399993,367.11595420200007,367.11595420200007,367.445593056,367.644308754,367.644308754,368.01551510999997,368.01551510999997,368.01551782200005,368.041927278,368.041927278,368.041927278,368.88464059800003,368.89435091400003,368.89435091400003,368.89435091400003,368.89435091400003,368.89435091400003,368.951875824,368.951875824,368.951875824,368.951875824,368.951875824,369.094085646,369.29026291199995,369.29026291199995,369.9496409640001,369.9496409640001,369.9496409640001,370.524682596,370.524682596,370.52824073999994,370.52824073999994,370.989858396,370.989858396,370.989858396,371.876929188,371.99219461200005,372.19689569400003,372.19689569400003,372.19689569400003,372.19689569400003,372.3949537320001,372.3949537320001,372.39495576600007,372.39495576600007,372.39495576600007,373.12649742600007,373.12649742600007,373.12649742600007,373.58520985200005,373.58520985200005,373.58520985200005,373.58520985200005,373.58520985200005,373.58520985200005,373.605690876,373.605690876,373.660317336,373.68892825800003,373.68892825800003,373.962230736,374.23552846800004,374.23552846800004,374.37774032399994,374.37774032399994,374.573918946,374.770097568,374.770097568,374.923099116,375.23151114600006,375.455971182,376.417174494,376.417174494,376.495292976,376.68621845399997,376.68621845399997,376.68621845399997,376.68621845399997,376.68621845399997,376.68621845399997,376.68621845399997,376.68621845399997,377.423155638,377.423155638,377.872158426,377.872158426,378.54162783,378.54162783,378.55767609000003,378.55767609000003,378.55767609000003,378.55767609000003,378.78189069,378.78189069,378.92815495199994,379.1243301840001,379.30484904,380.04821976600005,380.048220444,380.47267014000005,380.8930681080001,380.8930681080001,381.8576783700001,381.8576783700001,381.8576783700001,381.8576790480001,382.26818499600006,382.268188386,382.38220493400013,382.38220493400013,382.38220493400013,382.6064222460001,382.6064222460001,382.6064222460001,382.6064222460001,382.8061590120001,382.8061590120001,382.81210507200007,382.81210507200007,383.378762556,383.378762556,383.378762556,383.432728644,383.432728644,383.432728644,383.432728644,383.432728644,383.54040928200004,383.54040928200004,383.54040928200004,383.54040996000003,383.54040996000003,383.54040996000003,383.54040996000003,383.54040996000003,383.6866728660001,383.82888404400006,384.171326928,384.171326928,384.171326928,384.171326928,384.171326928,384.171326928,384.171326928,384.313539462,384.313539462,384.45980508,384.486288438,384.486288438,384.62850029400005,384.62850029400005,385.097980038,385.67647133400004,385.67647133400004,385.67647133400004,385.67647133400004,385.82273830800005,385.82273830800005,385.82273830800005,385.82273830800005,385.82273830800005,385.82273830800005,385.82273830800005,386.2574814,386.2574814,386.2574814,386.63047360799993,386.63047360799993,386.63047360799993,386.63047360799993,386.63047360799993,386.834265492,386.834265492,386.834265492,386.834265492,386.834265492,387.157103328,387.157103328,387.157103328,387.157103328,387.157103328,387.157103328,387.157103328,387.157103328,387.157103328,387.315200724,387.457411224,387.457411224,387.457411224,387.45741258000004,387.45741325800003,387.45741325800003,387.45741325800003,387.45741325800003,387.74589208800006,387.94207003200006,387.94207003200006,387.94207003200006,387.94207003200006,387.94207003200006,387.94207003200006,387.94207003200006,387.94207003200006,387.94207003200006,387.94207003200006,387.94207003200006,387.94207003200006,387.94207003200006,387.94207003200006,387.94207003200006,387.94207003200006,387.94207003200006,387.94207003200006,388.088337006,388.088337006,388.284516984,388.284516984,388.284516984,388.284516984,388.284516984,388.284516984,388.284516984,388.284521052,388.284521052,388.284521052,388.284521052,388.284521052,388.284521052,388.284521052,388.284521052,388.284521052,388.284521052,388.50873633000003,388.50873633000003,388.50873633000003,388.50873633000003,388.50873633000003,388.50873633000003,388.732951608,388.87921790400003,388.87921790400003,388.87921790400003,388.87921790400003,389.075396526,389.36387467800006,389.36387467800006,389.51013894000005,389.51013894000005,389.51013894000005,389.51013894000005,389.51013894000005,389.51013894000005,389.51013894000005,389.51013894000005,389.51013894000005,389.656401846,389.915378862,389.915378862,389.915378862,389.915378862,389.915378862,389.915378862,390.203856336,390.203856336,390.203856336,390.203856336,390.203856336,390.203856336,390.203856336,390.203856336,390.203856336,390.203856336,390.203856336,390.203856336,390.63608472600004,390.63608472600004,390.63608472600004,390.63608676,390.7823530560001,390.7823530560001,390.7823530560001,390.7823530560001,390.78235373399997,390.978529644,390.978529644,390.978529644,390.978529644,390.978529644,390.978529644,390.978529644,390.978529644,390.978529644,390.978529644,390.9785316780001,390.978533712,390.978533712,390.978533712,390.978533712,390.978533712,391.12479865200004,391.12479865200004,391.12479865200004,391.12479865200004,391.12479865200004,391.12479865200004,391.12479865200004,391.12479865200004,391.12479865200004,391.12479865200004,391.12479865200004,391.12479865200004,391.12479865200004,391.124800008,391.267011186,391.267011186,391.267011186,391.267011186,391.267011186,391.267011186,391.267011186,391.267011186,391.26701322,391.26701322,391.409223042,391.409223042,391.409223042,391.409223042,391.409223042,391.409223042,391.46674863,391.46674863,391.46674863,391.46674863,391.46674863,391.52427693,391.52427760800003,391.670544582,391.670544582,391.670544582,391.670544582,391.670544582,391.670544582,391.670547294,391.670550684,391.670551362,391.670551362,391.67055204,391.67055204,391.67055204,391.67055204,391.67055204,391.67055204,391.67055204,391.67055204,391.67055204,391.67055204,391.67055204,391.67055204,391.67055204,391.67055204,391.67055204,391.81276389600004,391.9590281580001,391.9590281580001,391.9590281580001,391.9590281580001,391.9590281580001,391.9590281580001,391.9590281580001,391.9590281580001,391.9590281580001,391.959031548,391.959031548,391.959031548,391.959031548,391.959031548,391.959031548,391.959031548,391.959031548,391.959031548,391.959031548,391.95903493800006,391.95903765,391.959040362,391.959040362,391.959040362,391.959040362,391.959040362,391.959040362,391.959040362,391.959040362,391.959040362,391.959040362,391.959040362,391.95904375200007,391.95904375200007,391.95904375200007,391.95904375200007,391.95904375200007,391.95904375200007,391.95904375200007,391.95904646400004,391.95904646400004,391.95904646400004,391.95904646400004,391.95904646400004,391.95904646400004,392.01657340800006,392.01657340800006,392.162836314,392.30909922000006,392.30909922000006,392.30909922000006,392.30909922000006,392.45536416000004,392.45536416000004,392.45536416000004,392.45536416000004,392.45536416000004,392.455366194,392.455366194,392.455366194,392.455366194,392.455366872,392.60163316800003,392.60163316800003,392.60163316800003,392.60163316800003,392.60163316800003,392.60163316800003,392.60163316800003,392.60163316800003,392.60163316800003,392.60163316800003,392.747900142,392.747900142,392.747900142,392.747900142,392.747900142,392.74790285399996,392.74790285399996,392.74790285399996,392.74790285399996,392.89011335400005,392.89011335400005,392.89011335400005,392.89011335400005,392.89011335400005,392.89011335400005,392.89011335400005,392.89011335400005,392.89011335400005,392.89011335400005,392.89011335400005,392.89011335400005,392.89011335400005,392.89011471000003,392.89011471000003,392.89011674399995,392.89011674399995,393.036381006,393.036381006,393.036381006,393.036381006,393.036381006,393.036381006,393.036381006,393.036381006,393.036381006,393.036381006,393.036381006,393.036381006,393.036381006,393.036381006,393.036381006,393.036381006,393.036381006,393.036381006,393.036381006,393.0363816840001,393.182645946,393.182645946,393.182645946,393.182645946,393.182645946,393.182645946,393.182645946,393.182645946,393.182645946,393.182645946,393.182645946,393.32891224200006,393.32891224200006,393.32891224200006,393.32891224200006,393.32891224200006,393.32891224200006,393.32891224200006,393.32891224200006,393.32891224200006,393.32891224200006,393.32891224200006,393.32891224200006,393.32891224200006,393.32891224200006,393.32891224200006,393.32891224200006,393.3289149540001,393.3289149540001,393.32891563199996,393.32891563199996,393.32891563199996,393.32891563199996,393.32891563199996,393.32891631000007,393.32891631000007,393.32891631000007,393.32891631000007,393.32891631000007,393.47112748800004,393.47112748800004,393.47112748800004,393.47112748800004,393.47112748800004,393.47112748800004,393.47112748800004,393.47112748800004,393.47112748800004,393.61739175,393.617393784,393.617393784,393.617394462,393.617394462,393.617394462,393.617394462,393.617394462,393.617394462,393.617394462,393.617394462,393.617394462,393.617394462,393.617394462,393.617394462,393.617394462,393.617394462,393.617396496,393.617396496,393.617399208,393.617399208,393.617399208,393.76366143599995,393.76366143599995,393.76366143599995,393.76366143599995,393.76366143599995,393.76366143599995,393.76366143599995,393.76366143599995,393.905871258,393.905871258,393.905871258,393.905871258,393.905871258,393.905871258,393.905871258,393.905871258,393.90587396999996,393.90587396999996,393.90587396999996,393.90587396999996,393.90587396999996,394.052138232,394.052138232,394.052138232,394.052138232,394.052138232,394.052138232,394.052138232,394.052138232,394.052138232,394.052138232,394.05213891,394.05213891,394.05213891,394.05213891,394.198405884,394.198405884,394.198405884,394.34466879,394.34466879,394.34466879,394.34467218000003,394.34467218000003,394.34467218000003,394.34467218000003,394.34467218000003,394.34467218000003,394.34467218000003,394.34467218000003,394.34467218000003,394.34467218000003,394.34467218000003,394.34467557000005,394.34467557000005,394.34467557000005,394.34467557000005,394.34467557000005,394.34467557000005,394.34467557000005,394.34467557000005,394.34467624800004,394.34467624800004,394.34467624800004,394.34467624800004,394.34467624800004,394.34467624800004,394.34467624800004,394.34467624800004,394.34467624800004,394.34467624800004,394.34467624800004,394.34467624800004,394.34467624800004,394.34467624800004,394.34467624800004,394.34467624800004,394.34467624800004,394.34467624800004,394.34467624800004,394.34467624800004,394.34467624800004,394.34467624800004,394.34467624800004,394.34467624800004,394.34467624800004,394.34467624800004,394.34467624800004,394.34467624800004,394.34467624800004,394.34467624800004,394.34467624800004,394.34467624800004,394.34467624800004,394.34467624800004,394.34467624800004,394.34467692600003,394.34467692600003,394.34467692600003,394.34467692600003,394.34467692600003,394.34467692600003,394.34467692600003,394.34467692600003,394.34467692600003,394.34467692600003,394.34467692600003,394.34467692600003,394.34467692600003,394.34467692600003,394.34467692600003,394.34467692600003,394.34467692600003,394.34467692600003,394.344679638,394.344679638,394.344679638,394.344679638,394.34468235,394.34468235,394.34468235,394.34468235,394.34468235,394.34468235,394.34468235,394.34468235,394.34468235,394.34468235,394.34468235,394.34468235,394.34468235,394.34468235,394.34468235,394.34468235,394.34468235,394.34468235,394.34468235,394.34468235,394.344683028,394.344683028,394.344683028,394.344683028,394.344683028,394.344683028,394.344683028,394.344683028,394.344683028,394.344683028,394.344683028,394.344683028,394.344683028,394.344683028,394.344683028,394.344683028,394.344683028,394.344683028,394.344683028,394.344683028,394.344683028,394.34468574,394.34468574,394.34468574,394.34468574,394.34468913000006,394.34468913000006,394.34468913000006,394.34468913000006,394.34468913000006,394.34468913000006,394.34468913000006,394.34468913000006,394.34468913000006,394.34468913000006,394.34468913000006,394.34468913000006,394.34468913000006,394.34468913000006,394.34468913000006,394.34468913000006,394.34469252,394.34469252,394.34469252,394.34469252,394.34469252,394.34469252,394.34469252,394.48690302,394.48690302,394.48690302,394.48690302,394.48690302,394.63316796,394.63316796,394.63316796,394.63316796,394.63316796,394.63316796,394.63316796,394.63316796,394.63316796,394.63316796,394.63316796,394.63316796,394.63316796,394.63316796,394.63316796,394.63316796,394.63316796,394.63316796,394.63316796,394.63316796,394.63316796,394.633168638,394.633168638,394.633168638,394.77942951000006,394.77942951000006,394.77942951000006,394.77942951000006,394.77942951000006,394.77943086600004,394.77943086600004,394.77943086600004,394.77943086600004,394.77943086600004,394.77943086600004,394.77943086600004,394.77943086600004,394.77943086600004,394.77943086600004,394.77943086600004,394.77943086600004,394.77943086600004,394.77943086600004,394.92569512800003,394.92569512800003,394.92569512800003,394.92569512800003,394.92569512800003,394.92569512800003,394.92569512800003,394.92569512800003,394.92569512800003,394.92569512800003,394.92569512800003,394.92569512800003,394.92569512800003,394.92569512800003,394.92569512800003,394.92569512800003,394.92569512800003,394.92569512800003,394.92569512800003,394.92569512800003,394.92569512800003,394.92569512800003,394.92569512800003,394.92569512800003,394.92569512800003,394.92569512800003,394.92569512800003,394.92569512800003,394.92569512800003,394.92569512800003,394.92569512800003,394.92569512800003,394.92569512800003,394.92569512800003,394.92569512800003,394.92569512800003,394.92569512800003,394.92569512800003,394.983222072,394.983222072,394.983222072,394.983222072,394.983222072,394.983222072,394.983222072,394.983222072,394.983222072,394.983222072,394.983222072,394.983222072,394.983222072,394.983222072,394.983222072,394.983222072,394.983222072,394.983222072,394.983222072,394.983222072,394.983222072,394.983222072,394.983222072,394.983222072,394.983222072,394.983222072,394.983222072,394.983222072,394.983222072,394.983222072,394.983222072,394.983222072,394.983222072,395.1254312159999,395.1254312159999,395.1254312159999,395.1254312159999,395.1254312159999,395.1254312159999,395.1254312159999,395.1254312159999,395.1254312159999,395.1254312159999,395.1254312159999,395.1254312159999,395.1254312159999,395.1254312159999,395.1254312159999,395.1254312159999,395.125431894,395.125431894,395.125431894,395.125431894,395.125431894,395.125431894,395.125431894,395.125431894,395.125431894,395.125431894,395.125431894,395.125431894,395.125431894,395.125431894
9,286.87565831999996,301.72003033199996,310.47495822599996,316.203832452,319.16885594999997,321.68134563599995,323.64249657,327.73803353999995,330.028969098,331.60405530599996,331.890348264,334.14727263000003,337.484824584,338.81481718199996,340.02860464799994,341.449226862,341.92089112199994,342.08643227999994,342.834661554,343.765832178,344.88547392,345.210397284,345.210397284,345.692964462,346.52419653,347.004168324,347.27323533599997,347.34684986400003,348.25683773399993,348.53418041399993,349.55702002799995,349.65208512,349.65208512,349.678417284,350.177052384,350.177052384,351.33338070599996,351.4584425519999,351.63660196799987,352.0888442399999,352.6488593579999,352.6488593579999,352.6488593579999,352.742831514,353.36580096599994,354.627356922,354.958829766,354.958832478,355.4070826859999,355.85524610999994,355.9410965039999,355.9410965039999,357.2084330879999,357.2084330879999,357.2084330879999,357.2084330879999,357.48825114599987,357.6102931799999,358.30792467,359.33374273800007,359.33374273800007,359.600869992,359.600869992,359.70735260400005,359.70735260400005,359.70735260400005,359.870681448,359.98018794,359.98018794,360.07626867600004,360.15737035800004,360.15737035800004,360.15737035800004,360.15737035800004,360.524510748,360.631123536,360.711206184,361.36819767599997,361.50127958400003,361.831976118,361.99570701600004,361.99570701600004,362.76486208200004,362.76486208200004,363.15293233200003,363.15293233200003,363.80095795200003,363.80095795200003,363.80095795200003,363.80095795200003,363.8502451620001,363.8502451620001,363.8502451620001,363.91549384800004,364.16049999600006,364.16049999600006,364.16049999600006,364.16049999600006,364.16049999600006,364.16049999600006,364.30456550400004,364.30456550400004,364.30456550400004,364.987418628,365.55803834400007,365.7826041480001,365.7826041480001,366.39863494800005,366.61399351200004,366.61399351200004,366.62475608399996,367.4228095440001,367.4228095440001,367.4228095440001,367.4228095440001,367.4228095440001,367.4228095440001,367.83098452800004,367.83098452800004,367.83098452800004,368.83232815199995,368.9226797879999,369.31255826399996,369.41581224000004,370.077989076,370.57224836399996,371.13891059400004,371.1928766820001,371.1928766820001,371.1928766820001,371.39261616000005,371.39261616000005,371.645521686,372.261263658,372.29193841200004,372.29193909,372.29193909,372.291939768,372.433594986,372.433594986,372.433594986,372.433594986,372.433594986,372.433594986,372.433594986,372.433594986,372.433598376,372.806590584,372.814491318,372.814491318,372.826324452,372.826324452,372.826324452,373.081496532,373.1697239940001,373.1697239940001,373.34590297200003,373.39610005800006,373.39610005800006,373.6643643180001,373.70303133600004,373.70303133600004,373.70303133600004,373.70303133600004,373.8452411580001,373.8452411580001,373.8452411580001,373.9484917440001,373.9484917440001,373.996265658,373.996265658,373.996265658,373.996265658,373.996265658,374.5705357260001,374.61519287400006,374.63280121200006,375.0154054259999,375.14130256799996,375.14130256799996,375.29430479399997,375.436515972,375.436515972,375.436515972,375.832931046,375.832931046,375.832931046,375.832931046,375.832931046,375.832931046,375.832931046,375.832931046,375.832931046,376.20592461,376.35219090600003,376.35219090600003,376.35219090600003,376.35219090600003,376.35219090600003,376.8753913020001,377.476708824,377.50379424600004,377.503796958,377.93602534800004,377.93602534800004,377.93602534800004,377.93602534800004,378.547345404,378.547345404,378.547345404,378.69361169999996,379.20175914,379.20175914,379.20175914,379.671239562,379.671239562,379.798866282,380.08733900999994,381.23532183,381.43149977400003,381.43149977400003,381.43149977400003,381.72403507800004,381.72403507800004,381.72403507800004,381.72403507800004,381.72403507800004,381.87030001799997,381.87030137399995,381.87030137399995,382.09451529599994,382.09451529599994,382.318730574,382.32342775800004,382.32342775800004,382.72079271,383.10764323800004,383.10764323800004,383.10764323800004,383.10764323800004,383.16160797000003,383.4500834100001,383.4500834100001,383.4500834100001,384.06582809400004,384.06582809400004,384.2120923560001,384.2120923560001,384.40826962200003,384.40826962200003,384.550481478,384.550481478,384.550481478,384.550481478,385.1662275180001,385.7328890700001,385.7328890700001,385.7328890700001,385.7328890700001,385.7328890700001,385.7328890700001,385.7328890700001,385.7328890700001,385.7328890700001,385.7328890700001,385.7328890700001,385.7328890700001,385.7328890700001,385.7328890700001,385.7328890700001,385.7328890700001,385.7328890700001,385.85373375600005,385.85373375600005,385.85373375600005,385.85373375600005,385.886458104,385.886458104,385.886458104,386.737040292,386.737040292,386.87925079199994,386.87925079199994,386.87925147000004,387.025520478,387.171788808,387.31805171400003,387.31805171400003,387.31805171400003,387.37557797999995,387.37557797999995,387.37557797999995,387.37557797999995,387.37557797999995,387.37557797999995,387.3755806919999,387.52184292000004,387.52184292000004,387.52184292000004,387.721582398,387.92537292599997,387.92537292599997,387.9253749599999,388.1215522259999,388.12155358199993,388.12155358199993,388.12155358199993,388.12155358199993,388.12155358199993,388.12155358199993,388.1274942179999,388.1274942179999,388.1274942179999,388.1274942179999,388.1274942179999,388.1274942179999,388.1274942179999,388.1274942179999,388.1274942179999,388.17658345199993,388.17658345199993,388.74324093599995,388.74324229200005,388.74324229200005,389.321735622,389.321735622,389.321735622,389.321735622,389.321739012,389.321739012,389.321739012,389.7305364,389.8768026959999,390.21924558,390.21924558,390.21924558,390.21924558,390.21924558,390.361455402,390.361455402,390.50771966400004,390.50771966400004,390.50771966400004,390.50771966400004,390.50771966400004,390.50771966400004,390.50771966400004,390.50771966400004,390.507721698,390.507721698,390.507721698,390.507721698,390.507721698,390.507721698,390.565247286,390.76142523000004,390.76142794200007,390.81895353000004,390.81895353000004,390.81895353000004,390.81895353000004,390.81895353000004,390.8189548860001,390.81895759800005,390.81895759800005,390.81895759800005,390.81895759800005,390.81895759800005,390.81895759800005,390.81895759800005,390.81896031,390.81896031,390.965226606,390.96522863999996,390.965231352,390.965231352,390.96523203,391.1894500199999,391.1894500199999,391.1894500199999,391.47792546,391.47792546,391.477927494,391.477929528,391.477929528,391.477929528,391.477929528,391.477929528,391.477929528,391.477929528,391.4779315619999,391.9702002419999,391.9702009199999,391.9702009199999,392.26273215599997,392.26273215599997,392.26273215599997,392.40899641799996,392.40899641799996,392.5552627139999,392.5552627139999,392.5552627139999,392.70152833199995,392.8477925939999,392.8477925939999,392.8477925939999,392.8477925939999,392.8477925939999,392.8477925939999,392.8477925939999,392.8477925939999,392.8477925939999,393.04397121599993,393.043975284,393.043975284,393.043975284,393.043975284,393.38641749000004,393.38641749000004,393.38641749000004,393.38641749000004,393.38641749000004,393.38641749000004,393.386420202,393.386420202,393.386421558,393.386421558,393.386421558,393.386421558,393.386421558,393.386421558,393.386421558,393.386421558,393.386421558,393.67895076,393.67895076,393.678951438,393.678951438,393.678951438,393.678951438,393.67895550599997,393.67895550599997,393.67895550599997,393.67895550599997,393.67895550599997,393.67895550599997,393.67895550599997,393.67895550599997,393.821167362,393.821167362,393.82116804,393.82116804,393.82117075199994,393.82117075199994,393.96743365799995,393.96743365799995,393.96743365799995,393.9674363699999,393.9674363699999,393.9674363699999,393.9674363699999,393.9674363699999,393.9674363699999,393.9674363699999,393.9674363699999,393.9674363699999,393.9674363699999,393.9674363699999,393.9674363699999,393.9674363699999,393.9674363699999,393.9674363699999,393.9674363699999,393.9674363699999,393.9674363699999,393.9674390819999,393.9674390819999,393.9674390819999,393.9674390819999,393.96744179399997,393.96744179399997,393.96744179399997,393.96744179399997,393.96744247199996,393.96744247199996,393.96744586200003,393.96744586200003,393.96744586200003,393.96744586200003,393.96744586200003,393.96744586200003,393.96744586200003,393.96744586200003,393.96744586200003,393.96744586200003,393.96744586200003,393.96744586200003,393.96744586200003,393.96744586200003,393.96744586200003,393.96744586200003,393.96744586200003,393.96744586200003,393.96744586200003,394.10965771799994,394.10965771799994,394.10965771799994,394.10965771799994,394.10965771799994,394.10965771799994,394.10965771799994,394.10965771799994,394.10965771799994,394.10965771799994,394.10965771799994,394.10965771799994,394.10965771799994,394.10965771799994,394.10965771799994,394.10965771799994,394.10965771799994,394.10965771799994,394.10965771799994,394.10965771799994,394.10965771799994,394.10965771799994,394.255920624,394.255920624,394.255920624,394.255920624,394.255920624,394.255920624,394.25592333599997,394.25592333599997,394.25592333599997,394.25592333599997,394.25592333599997,394.25592333599997,394.25592333599997,394.25592333599997,394.25592333599997,394.25592333599997,394.402186242,394.40218691999996,394.40218691999996,394.40218691999996,394.40218691999996,394.40218691999996,394.40218691999996,394.40218691999996,394.40218691999996,394.40218691999996,394.40218691999996,394.40218691999996,394.40218691999996,394.5484532159999,394.5484532159999,394.5484532159999,394.5484532159999,394.5484532159999,394.5484532159999,394.5484532159999,394.5484532159999,394.690666428,394.690666428,394.690666428,394.690666428,394.690666428,394.690666428,394.979139156,394.979139156,394.97914254599993,395.12540816399996,395.12540816399996,395.12540816399996,395.1254122319999,395.1254122319999,395.12541494399994,395.125415622,395.1254162999999,395.1254162999999,395.1254162999999,395.1254162999999,395.1254162999999,395.1254162999999,395.1254162999999,395.1254162999999,395.125420368,395.41794618,395.41794618,395.41794618,395.41794618,395.41794889199997,395.41794889199997,395.41794889199997,395.41794889199997,395.41794889199997,395.41794889199997,395.41794889199997,395.41794889199997,395.41794889199997,395.41794889199997,395.41794889199997,395.41794889199997,395.41794889199997,395.41794889199997,395.41794889199997,395.41794889199997,395.41794889199997,395.41794889199997,395.41794889199997,395.41794889199997,395.41794889199997,395.41794889199997,395.41794889199997,395.41794889199997,395.41794889199997,395.41794889199997,395.41794889199997,395.41794889199997,395.41794889199997,395.41794889199997,395.41794889199997,395.41794889199997,395.41794889199997,395.41794889199997,395.41794956999996,395.417953638,395.417953638,395.417953638,395.417953638,395.417953638,395.417953638,395.417953638,395.417953638,395.417953638,395.417953638,395.417953638,395.417953638,395.417953638,395.417953638,395.417953638,395.417953638,395.417953638,395.417953638,395.417953638,395.417953638,395.417953638,395.417953638,395.417953638,395.4179577059999,395.4179577059999,395.4179577059999,395.4179577059999,395.4179577059999,395.4179577059999,395.4179577059999,395.4179577059999,395.4179577059999,395.4179577059999,395.4179577059999,395.4179577059999,395.4179577059999,395.4179577059999,395.4179577059999,395.4179577059999,395.4179577059999,395.4179577059999,395.4179577059999,395.4179577059999,395.4179577059999,395.41796109599994,395.41796109599994,395.41796109599994,395.41796109599994,395.41796109599994,395.41796109599994,395.41796109599994,395.41796109599994,395.41796109599994,395.41796109599994,395.41796109599994,395.41796109599994,395.41796109599994,395.41796109599994,395.41796109599994,395.41796109599994,395.41796109599994,395.41796109599994,395.41796109599994,395.41796109599994,395.41796109599994,395.41796109599994,395.41796109599994,395.41796177399993,395.41796177399993,395.41796177399993,395.41796177399993,395.41796177399993,395.41796177399993,395.41796177399993,395.41796177399993,395.4179638079999,395.4179638079999,395.4179638079999,395.4179638079999,395.4179638079999,395.4179638079999,395.4179638079999,395.4179638079999,395.4179638079999,395.4179638079999,395.4179638079999,395.4179638079999,395.4179638079999,395.4179638079999,395.4179638079999,395.4179638079999,395.4179638079999,395.4179638079999,395.4179638079999,395.4179638079999,395.4179638079999,395.4179638079999,395.4179638079999,395.4179638079999,395.4179638079999,395.4179638079999,395.4179665199999,395.4179665199999,395.4179665199999,395.4179665199999,395.4179665199999,395.4179665199999,395.4179665199999,395.4179665199999,395.4179665199999,395.4179665199999,395.4179665199999,395.4179665199999,395.4179665199999,395.4179665199999,395.4179665199999,395.4179665199999,395.4179665199999,395.4179665199999,395.4179665199999,395.417967198,395.417967198,395.417967198,395.417967198,395.417967198,395.417967198,395.417967198,395.417967198,395.417967198,395.417967198,395.417967198,395.417967198,395.417967198,395.417967198,395.417967198,395.417967198,395.417967198,395.417967198,395.417967198,395.417967198,395.417967198,395.417967198,395.417967198,395.417967198,395.417967198,395.417967198,395.417967198,395.417967198,395.417967198,395.417967198,395.417967198,395.417967198,395.417967198,395.417967198,395.417967198,395.417967198,395.417967198,395.417967198,395.41796990999995,395.41796990999995,395.41796990999995,395.41796990999995,395.41796990999995,395.41796990999995,395.41796990999995,395.41796990999995,395.41796990999995,395.41796990999995,395.41796990999995,395.41796990999995,395.41796990999995,395.41796990999995,395.41796990999995,395.41796990999995,395.41796990999995,395.41796990999995,395.41796990999995,395.41796990999995,395.41796990999995,395.41796990999995,395.41796990999995,395.41796990999995,395.41796990999995,395.41796990999995,395.41796990999995,395.41796990999995,395.41796990999995,395.41796990999995,395.41796990999995,395.41796990999995,395.41796990999995,395.41796990999995,395.41796990999995,395.41796990999995,395.41796990999995,395.41796990999995,395.41796990999995,395.41796990999995,395.41796990999995,395.41796990999995,395.41797058799995,395.41797058799995,395.41797058799995,395.41797058799995,395.41797058799995,395.41797058799995,395.41797058799995,395.41797058799995,395.41797058799995,395.41797058799995,395.41797058799995,395.41797058799995,395.41797058799995,395.41797058799995,395.41797058799995,395.41797058799995,395.41797058799995,395.41797058799995,395.41797058799995,395.41797058799995,395.41797058799995,395.41797058799995,395.41797058799995,395.41797058799995,395.41797058799995,395.41797058799995,395.41797058799995,395.41797058799995,395.41797058799995,395.41797058799995,395.41797058799995,395.41797058799995,395.41797058799995,395.41797058799995,395.41797058799995,395.41797058799995,395.41797058799995,395.41797058799995,395.41797058799995,395.41797058799995,395.41797058799995,395.41797058799995,395.41797058799995,395.41797058799995,395.41797058799995,395.41797058799995,395.41797126599994,395.41797126599994,395.41797126599994,395.41797126599994,395.41797126599994,395.41797126599994,395.41797126599994,395.41797126599994,395.41797126599994,395.41797126599994,395.41797126599994,395.41797126599994,395.41797126599994,395.41797126599994,395.41797126599994,395.41797126599994,395.41797126599994,395.41797126599994,395.41797126599994,395.41797126599994,395.41797126599994,395.41797126599994,395.41797126599994,395.41797126599994,395.41797126599994,395.41797126599994,395.41797126599994,395.41797126599994,395.41797126599994,395.41797126599994,395.41797126599994,395.41797126599994,395.41797126599994,395.41797126599994,395.41797126599994,395.41797126599994,395.41797126599994,395.41797126599994,395.41797126599994,395.41797126599994,395.41797126599994,395.41797126599994,395.41797126599994,395.41797126599994,395.41797126599994,395.41797126599994,395.41797126599994,395.41797126599994,395.41797194399993,395.41797194399993,395.41797194399993,395.41797194399993,395.41797194399993,395.41797194399993,395.41797194399993,395.41797194399993,395.41797194399993,395.41797194399993,395.41797194399993,395.41797194399993,395.41797194399993,395.41797194399993,395.41797194399993,395.41797194399993,395.41797194399993,395.41797194399993,395.41797194399993,395.41797194399993,395.41797194399993,395.41797194399993,395.41797194399993,395.41797194399993,395.41797194399993,395.4179726219999,395.4179726219999,395.4179726219999,395.4179726219999,395.4179726219999,395.4179726219999,395.4179726219999,395.4179726219999,395.4179726219999,395.4179726219999,395.4179726219999,395.4179726219999,395.4179726219999,395.4179726219999,395.4179726219999,395.4179726219999,395.4179726219999,395.4179726219999,395.4179726219999,395.4179726219999,395.4179726219999,395.4179726219999,395.4179726219999,395.4179726219999,395.4179726219999,395.4179726219999,395.4179726219999,395.4179726219999,395.4179726219999,395.4179726219999,395.4179726219999,395.4179726219999,395.4179726219999,395.4179726219999,395.4179726219999,395.4179726219999,395.4179726219999,395.4179726219999,395.4179726219999,395.4179726219999,395.4179726219999,395.4179726219999,395.4179726219999,395.4179726219999,395.4179726219999,395.4179726219999,395.4179726219999,395.4179726219999,395.4179726219999,395.4179726219999,395.4179726219999,395.4179726219999,395.4179726219999,395.4179726219999
10,280.496187498,297.64949529,304.51922181,310.71979826399996,318.421119582,322.133158734,325.5118002,325.939112412,326.739085968,328.82594894999994,330.24253367399996,332.3568339599999,333.94028600999997,334.45308927599996,336.97790703600003,338.66984112000006,339.95653663800005,341.527252458,341.9996150580001,343.0957796940001,344.4479713680001,344.71596375000007,344.71596375000007,347.20921518600005,348.30383533800006,348.35182078800005,348.77766106200005,348.77766106200005,349.296078846,349.296078846,349.296078846,350.23561599,350.54097702,350.96807769600014,351.1993245120001,351.6793756320001,351.6793756320001,351.6793756320001,351.6793756320001,351.9114272340001,352.59582552000006,352.95488889600006,353.05813677000003,353.05813677000003,353.05813677000003,353.05813677000003,353.4234913080001,353.64564546599996,353.9899081020001,354.82602990600003,354.88077162600007,354.902507628,354.902507628,354.9143434740001,354.9143434740001,355.20466714200006,355.20466714200006,355.20466714200006,355.20466714200006,355.8963973200001,356.5892000940001,356.5892000940001,356.7034037700001,356.875876122,356.875876122,356.875876122,356.875876122,356.875876122,356.875876122,356.90270661600005,357.08112367200005,357.64008992400005,357.64008992400005,357.64008992400005,357.818509014,357.818509014,357.818509014,357.818509014,357.841432872,358.4603648340001,358.4603648340001,358.4603648340001,358.4603648340001,358.4603648340001,358.73605048200005,359.56285114200006,359.66864219400014,359.9347639740001,360.0591579900001,360.18839835000006,360.2797866480001,360.2797866480001,360.2797866480001,360.73087360800014,361.2660969780001,361.83949310400016,361.9705159260001,363.340985124,363.340985124,364.319710668,364.319710668,364.319710668,364.319710668,364.75537651800005,364.75537651800005,364.75537651800005,364.75537651800005,365.012449032,365.126213364,365.92598013,365.92598013,365.93970759600006,365.93970759600006,366.38871513000004,366.38871513000004,366.38871513000004,366.59465966400006,366.59465966400006,366.605424948,366.605424948,366.605424948,366.7320312780001,366.7782627420001,366.7782627420001,367.0515645420001,367.67325460800015,367.67325460800015,367.9093064100001,367.9093064100001,367.96327453200007,367.96327453200007,368.58931803600007,369.278755218,369.278755218,369.6559747560001,369.6559747560001,370.13057407800005,370.746315372,370.746315372,370.746315372,370.746315372,370.94249535,370.94249535,370.94249535,371.146789632,371.146789632,371.772630414,371.772630414,372.29582809799996,372.43804198799995,372.43804198799995,373.26000850799994,373.26000850799994,373.737988338,373.73799105,373.73799105,373.73799105,373.73799105,373.73799105,373.73799105,373.73799105,373.934169672,374.658503514,375.18170391000007,375.18170391000007,375.181705944,375.181705944,375.181705944,375.181705944,375.181705944,375.32797020600003,376.093167108,376.23485487,376.38111981000003,376.978102878,376.978102878,376.978102878,377.1665136539999,377.49377883,377.5104901740001,377.5104901740001,377.5104901740001,377.706669474,377.90284741799996,377.95787728799996,377.95787728799996,377.957880678,378.570796068,379.029510528,379.029510528,379.087036794,379.087036794,379.23330376800004,379.23330376800004,379.23330376800004,379.233305124,379.233305124,379.233305124,379.233305124,379.37957142,379.37957345399997,379.37957345399997,379.37957345399997,379.69890128400004,380.041346202,380.30388068400003,380.30388068400003,380.30388068400003,380.444349402,380.444349402,380.501877024,380.52769729799996,380.729055162,380.96510425199995,381.307547136,381.45381139799997,381.45381139799997,381.65354884199996,381.87776479799993,382.11025777799995,382.256524074,382.256524074,382.40278833599996,382.40278833599996,382.40278833599996,382.40278833599996,382.627354818,382.769568708,382.769568708,382.769568708,383.36483711399995,383.36483711399995,383.36483711399995,383.56101573599994,383.9583834,384.10464766200005,384.10464766200005,384.10464766200005,384.250912602,384.250912602,384.250912602,384.397177542,384.54344180400005,384.54344180400005,384.54344180400005,384.96383367000004,385.02136197,385.30983740999994,385.309839444,385.309839444,385.309839444,385.309839444,385.309839444,385.309839444,385.309839444,385.309839444,385.534054722,385.534054722,385.534054722,385.534054722,385.534054722,385.534054722,385.534054722,385.534054722,385.631361282,385.631361282,385.631361282,385.631361282,385.844254638,386.04043529399996,386.04043529399996,386.04043529399996,386.04043529399996,386.32218090599997,386.32218090599997,386.32218090599997,386.771184372,386.771184372,386.771184372,386.771184372,386.771184372,386.77118505,387.27891348599996,387.27891348599996,387.27891348599996,387.27891348599996,387.27891348599996,387.27891348599996,387.27891348599996,387.27891348599996,387.27891348599996,387.33288364199996,387.33288432,387.33288432,387.33288499799994,387.33288499799994,387.47914926,387.47914926,387.47914926,387.625416234,387.625416234,387.625418268,387.625418268,387.625418268,387.625418268,387.76762809,387.76762809,387.76762809,387.954499128,387.954499128,387.954499128,387.954499128,387.954499128,387.954499128,387.954499128,387.954499128,387.954499128,387.954499128,387.954499128,387.954499128,388.573602624,388.573602624,388.573602624,388.573602624,388.573602624,389.03231504999997,389.03231504999997,389.03231504999997,389.03231504999997,389.178581346,389.178581346,389.178581346,389.178581346,389.178581346,389.178581346,389.178581346,389.17858270199997,389.236111002,389.236111002,389.236111002,389.23611439199993,389.23611439199993,389.23611439199993,389.23611439199993,389.38238068800007,389.38238068800007,389.38238340000004,389.5286463059999,389.5286463059999,389.5286463059999,389.5286463059999,389.5286463059999,389.67491260200006,389.67491327999994,389.67491327999994,389.67491327999994,389.67491327999994,389.67491327999994,389.67491327999994,389.67491667,389.67491667,389.67491667,389.67491667,389.674918704,389.674918704,389.674918704,389.674918704,389.674918704,389.674918704,389.674918704,389.674918704,389.81713056,389.81713056,390.21449619,390.21449619,390.21449619,390.21449619,390.21449619,390.21449619,390.21449619,390.36076045199997,390.36076113,390.36076113,390.36076113,390.36076113,390.36076113,390.36076113,390.36076180799995,390.36076180799995,390.502974342,390.502974342,390.502974342,390.502974342,390.560501286,390.560501286,390.560501286,390.560501286,390.560501286,390.560503998,390.560503998,390.560503998,390.560503998,390.560503998,390.7067689379999,390.7067689379999,390.7067689379999,390.7067689379999,390.7067689379999,390.706769616,390.706769616,390.706769616,390.706769616,390.706769616,390.70677029399997,390.70677029399997,390.7067736839999,390.7067736839999,390.7067736839999,390.7067736839999,390.7067736839999,390.7067736839999,390.7067736839999,390.7067736839999,390.7067736839999,390.7067736839999,390.7067743619999,390.764301306,390.764301306,390.764301306,391.02683511,391.02683511,391.02683511,391.02683511,391.02683511,391.02683578799997,391.02683578799997,391.3050232559999,391.3050232559999,391.4512902299999,391.50525699599996,391.50525699599996,391.64746885200003,391.64746885200003,391.64746885200003,391.64746885200003,391.64746885200003,391.64747224199994,391.64747224199994,391.64747224199994,391.79373921599995,391.79373921599995,391.79373921599995,391.79373921599995,391.793742606,391.793742606,391.935953784,391.935953784,391.935953784,391.935953784,391.935953784,391.935953784,391.935953784,391.935953784,391.9359544619999,391.9359544619999,391.9359544619999,391.9359544619999,392.082218724,392.22848501999994,392.22848501999994,392.22848501999994,392.22848501999994,392.22848501999994,392.22848501999994,392.3706961979999,392.51290601999995,392.65917299399996,392.65917299399996,392.65917299399996,392.65917299399996,392.65917299399996,392.65917299399996,392.65917299399996,392.65917299399996,392.65917299399996,392.805437934,392.80544064599997,392.80544064599997,392.80544064599997,392.80544064599997,392.80544064599997,392.80544064599997,392.80544064599997,392.80544064599997,392.80544064599997,392.80544064599997,392.80544064599997,392.947651824,392.947651824,392.947651824,392.947651824,392.947651824,392.947651824,392.947651824,392.947651824,392.947651824,392.947651824,393.09391472999994,393.09391472999994,393.09391472999994,393.09391472999994,393.240178992,393.240181026,393.240181026,393.240181026,393.240181026,393.240181026,393.240181026,393.240181026,393.240181026,393.240181026,393.240181026,393.240181026,393.240181704,393.38644596600005,393.38644596600005,393.38644596600005,393.38644596600005,393.532708872,393.678971778,393.678971778,393.678971778,393.678971778,393.678971778,393.678971778,393.678971778,393.678971778,393.821183634,393.821183634,393.821183634,393.821183634,393.821183634,393.821183634,393.821183634,393.821183634,393.821183634,393.821183634,393.821183634,393.821183634,393.821183634,393.821183634,393.821183634,393.821183634,393.821183634,393.821183634,393.821183634,393.821183634,393.821183634,393.82118499000006,393.82118499000006,393.82118499000006,393.82118499000006,393.96339684599997,393.96339684599997,393.96339684599997,393.96339684599997,393.96339684599997,393.96339684599997,393.96339684599997,393.96339684599997,393.96339684599997,394.109661108,394.109661108,394.109661108,394.109661108,394.109661108,394.109661108,394.109661108,394.10966382,394.10966517599996,394.10966517599996,394.109667888,394.109667888,394.109667888,394.10967127799995,394.10967127799995,394.10967127799995,394.10967127799995,394.10967127799995,394.10967127799995,394.10967127799995,394.10967127799995,394.10967195599994,394.10967195599994,394.10967195599994,394.10967195599994,394.10967195599994,394.10967195599994,394.10967195599994,394.10967195599994,394.10967195599994,394.10967195599994,394.10967195599994,394.10967195599994,394.255936218,394.255936218,394.255936218,394.255936218,394.255936218,394.255936218,394.255936218,394.255936218,394.255936218,394.255936218,394.255936218,394.255936218,394.255936218,394.25593892999996,394.25593892999996,394.25593892999996,394.25593892999996,394.255940964,394.255940964,394.255940964,394.40220726,394.40220726,394.40220726,394.40220726,394.40220726,394.40220726,394.40220726,394.40220726,394.40220726,394.40220726,394.548473556,394.548473556,394.548473556,394.548473556,394.548473556,394.548473556,394.548473556,394.548473556,394.548473556,394.548473556,394.548473556,394.548473556,394.548473556,394.548473556,394.548473556,394.548473556,394.548473556,394.548473556,394.548473556,394.548473556,394.548473556,394.548473556,394.548473556,394.548473556,394.548473556,394.548473556,394.694736462,394.694736462,394.694736462,394.694736462,394.694736462,394.694736462,394.694736462,394.694736462,394.694736462,394.694736462,394.694736462,394.694736462,394.694736462,394.694736462,394.694736462,394.694736462,394.694736462,394.694736462,394.694736462,394.694736462,394.694736462,394.694736462,394.694736462,394.694736462,394.694736462,394.694736462,394.694736462,394.69473714,394.69473714,394.69473714,394.69473714,394.69473714,394.69473714,394.694737818,394.694737818,394.694737818,394.836948318,394.836948318,394.836948318,394.836948318,394.836948318,394.836948318,394.836948318,394.83695102999997,394.83695102999997,394.83695238599995,394.836953064,394.836953064,394.836953064,394.836953064,394.836953064,394.836953064,394.836953064,394.836953064,394.836953064,394.836953064,394.836953064,394.836953064,394.836953064,394.83695577599997,394.83695577599997,394.83695577599997,394.83695577599997,394.83695577599997,394.83695645399996,394.83695645399996,394.83695645399996,394.83695645399996,394.83695645399996,394.83695645399996,394.83695645399996,394.83695645399996,394.83695645399996,394.83695645399996,394.83695645399996,394.83695645399996,394.83695645399996,394.83695645399996,394.83695645399996,394.83695645399996,394.83695645399996,394.83695645399996,394.83695645399996,394.83695645399996,394.83695645399996,394.83695645399996,394.83695645399996,394.83695645399996,394.83695645399996,394.83695645399996,394.83695645399996,394.83695645399996,394.83695645399996,394.83695645399996,394.83695645399996,394.83695645399996,394.83695645399996,394.83695645399996,394.83695645399996,394.83695645399996,394.83695645399996,394.83695645399996,394.83695645399996,394.83695645399996,394.83695645399996,394.98322139399994,394.98322139399994,394.98322139399994,394.98322139399994,394.98322139399994,394.98322139399994,394.98322139399994,394.98322139399994,394.98322139399994,394.98322139399994,394.98322139399994,394.98322207199993,394.98322207199993,394.98322207199993,394.98322207199993,394.98322207199993,394.98322207199993,394.98322207199993,394.98322207199993,394.98322207199993,394.98322207199993,394.98322207199993,394.98322207199993,394.98322207199993,394.98322207199993,394.98322207199993,394.98322207199993,394.98322207199993,394.98322207199993,394.98322207199993,394.98322207199993,394.98322207199993,394.98322207199993,394.98322207199993,394.98322207199993,394.98322207199993,394.98322207199993,394.98322207199993,394.98322207199993,394.98322207199993,394.98322207199993,394.98322207199993,394.98322207199993,394.98322207199993,394.98322207199993,394.98322207199993,394.98322207199993,394.98322207199993,394.98322207199993,394.98322207199993,394.98322207199993,394.98322207199993,394.98322207199993,394.98322207199993,394.98322207199993,394.98322207199993,394.98322207199993,394.98322207199993,394.98322207199993,394.98322207199993,394.98322207199993,394.98322207199993,394.98322207199993,394.98322207199993,394.98322207199993,394.98322207199993,394.98322207199993,394.98322207199993,394.98322207199993,394.9832241059999,394.9832247839999,394.9832247839999,394.9832247839999,394.9832247839999,394.9832247839999,394.9832247839999,394.9832247839999,394.98322749599987,394.98322749599987,394.98322749599987,394.98322749599987,394.98322749599987,394.98322749599987,394.98322749599987,394.98322749599987,394.98322749599987,394.983228174,394.983228174,394.983228174,394.983228174,394.983228174,394.983228174,394.983228174,394.983228174,394.983228174,394.983228174,394.983228174,394.983228174,394.983228174,394.983228174,394.983228174,394.983228174,394.983228174,394.983228174,394.983228174,394.983228174,394.983228174,394.983228174,394.983228174,394.983228174,394.983228174,394.983228174,394.983228174,394.983228174,394.983228174,394.983228174,394.983228174,394.983228174,394.983228174,394.983228174,394.983228174,394.983228174,394.983228174,394.983228174,394.983228174,394.983228174,394.983228174,394.983228174,394.983228174,394.983228174,394.983228174,394.983228174,394.983228174,394.983228174,394.983228174,394.983228174,394.983228174,394.983228174,394.983228174,394.983228174,394.983228174,394.983228174,394.983228174,394.983228174,394.983228174,394.983228174,395.12543935199994,395.12543935199994,395.12543935199994,395.12543935199994,395.12543935199994,395.12543935199994,395.12543935199994,395.12543935199994,395.12543935199994,395.12543935199994,395.12543935199994,395.27170632599996,395.27170632599996,395.27170632599996,395.27170632599996,395.27170632599996,395.27170632599996,395.27170632599996,395.27170632599996,395.27170632599996,395.27170632599996,395.27170632599996,395.27170632599996,395.27170632599996,395.27170632599996,395.27170632599996,395.27170632599996,395.27170632599996,395.27170632599996,395.27170632599996,395.27170632599996,395.27170632599996,395.27170632599996,395.27170632599996,395.27170632599996,395.27170632599996,395.27170632599996,395.27170632599996,395.27170632599996,395.27170632599996,395.27170632599996,395.27170632599996,395.27170632599996,395.27170632599996,395.27170632599996,395.27170632599996,395.27170632599996,395.27170632599996,395.27170632599996,395.27170632599996,395.27170632599996,395.27170632599996,395.27170632599996,395.27170632599996,395.27170632599996,395.27170632599996,395.27170632599996,395.27170632599996,395.27170632599996,395.27170632599996,395.27170632599996,395.27170632599996,395.27170632599996,395.27170632599996,395.27170632599996,395.27170632599996,395.27170632599996,395.27170632599996,395.27170632599996,395.27170632599996,395.27170632599996,395.27170632599996,395.27170632599996,395.27170632599996,395.27170632599996,395.27170632599996,395.27170632599996,395.27170632599996,395.27170632599996,395.27170632599996,395.27170632599996,395.27170632599996,395.27170632599996,395.27170632599996,395.27170632599996,395.27170632599996,395.27170632599996,395.27170632599996,395.27170632599996
11,269.197626666,289.213747422,302.081088384,308.95150985399994,315.48690711599994,320.153865198,323.852465034,325.07209957199996,328.94870017200003,331.68963653400004,333.08662638000004,335.126119536,335.85238161,337.24590145200006,339.00451819200003,339.460233858,340.420069644,341.358509106,341.71302242400003,341.907953526,342.657544224,344.334426708,344.36045309400004,345.29151523800004,346.4694731160001,346.627257276,346.72169793,346.72169793,347.73309426,348.8709267420001,349.01686759800003,349.01686759800003,350.15399835000005,350.41036371,350.7742320720001,350.7742320720001,350.7742320720001,350.7742320720001,351.174848712,353.029795692,353.6582664360001,354.090972816,354.271731684,354.86131641599997,355.38732305400003,355.996603686,356.44977414,356.48044686000003,357.03716893200004,357.26398230600006,357.26398230600006,357.57239976,357.57239976,357.78415882200005,358.344267504,358.344267504,358.707148698,359.260398054,359.260398054,359.260398054,359.260398054,359.260398054,359.260398054,359.40996553200006,359.77991419800003,359.77991419800003,359.872048296,359.970123708,360.560278638,360.71415819599997,361.12146805199995,361.12146805199995,361.12146805199995,361.246024788,361.246024788,361.357440528,361.8062216100001,361.8062216100001,361.934940588,361.9593479100001,361.9593479100001,361.9593479100001,361.9593479100001,361.9593479100001,361.9593479100001,361.9593479100001,361.960017096,361.960017096,361.960017096,362.04897272999995,362.04897272999995,362.04897272999995,362.04897272999995,362.04897272999995,362.04897272999995,362.04897272999995,362.36465224200003,362.82892765800005,363.02758776,363.17655181800006,363.2419483080001,363.69176198400004,363.6938495460001,363.6938495460001,363.6938495460001,363.6938495460001,363.6938495460001,363.6938495460001,363.6938495460001,363.6938495460001,363.83501931600006,363.83501931600006,364.21063606200005,364.83276343800003,364.83276343800003,364.936681854,364.936681854,364.936681854,364.936681854,365.76684607200013,365.76684607200013,366.215851572,366.73905400200005,367.12300540200005,367.39126695000004,368.26004259000007,368.26004259000007,368.26004259000007,368.26004259000007,368.30313491400005,368.340384234,368.47338207,368.47338207,368.523074724,368.523074724,369.10157144400006,369.10157144400006,369.10157144400006,369.10157144400006,369.52196805600005,369.52196873400004,369.52196873400004,369.52552823400003,370.055726946,370.09649034,370.09649034,370.204137078,370.94103697200006,370.94103697200006,371.472051318,371.472051318,371.472051318,371.472054708,371.472054708,371.472054708,371.771763252,371.771763252,371.771763252,371.921756514,371.921756514,371.921756514,371.921756514,371.921756514,372.21108081,372.816061566,373.61721891,373.61721891,373.61721891,373.617221622,373.617221622,373.67225352599996,374.08739021400004,374.4688004700001,374.4688004700001,374.4688004700001,375.17921497200007,375.80772504,375.80772504,375.80772504,375.95399065800007,376.10629386600004,376.10629386600004,376.36882970399995,376.69609555799997,376.74075406200006,376.74075406200006,377.1071825519999,377.673844782,377.673844782,378.06575658,378.065759292,378.065759292,378.07651915200006,378.07651915200006,378.230564142,378.34784186999997,378.34784186999997,378.49005169199995,378.780068226,378.780068226,378.780068226,378.780068226,379.20046280400004,379.20046280400004,379.20680278200007,379.23328885200004,379.23328885200004,379.575734448,379.575734448,379.57573716,379.57573716,379.57573716,380.00018414399995,380.22440077799996,380.22440077799996,380.51693404799994,380.6631989879999,380.85937693200003,381.097522398,381.097522398,381.78045349199994,381.926717754,382.07298404999995,382.07298404999995,382.07298404999995,382.07298404999995,382.38140150399994,382.38140150399994,382.99714347599996,382.99714347599996,383.02151757599995,383.02151757599995,383.02152096599997,383.033351388,383.179617684,383.179617684,383.60000887200005,383.60000887200005,383.746273134,383.746273134,383.746273134,383.94516918,384.287614776,384.3043905299999,384.3043905299999,384.87105276,384.87105276,384.87105276,385.0672320599999,385.21349835600006,385.2780487019999,385.2780487019999,385.2780487019999,385.420260558,385.682794362,385.682794362,385.682794362,385.878969594,386.157152994,386.157152994,386.479993542,386.479993542,386.479993542,386.491828032,386.491828032,386.491828032,386.53049708399993,386.6727109739999,386.6727109739999,386.89692557399997,387.043192548,387.189455454,387.18945680999997,387.38919357599997,387.38919357599997,387.951801366,387.951801366,388.24432989,388.244332602,388.244332602,388.534350492,388.74129371999993,388.74129439800004,389.02977254999996,389.02977254999996,389.02977390599995,389.02977390599995,389.17198508399997,389.17198508399997,389.33802796199996,389.630557164,389.630557164,389.630557842,389.630557842,389.630557842,389.630557842,389.657043912,389.657043912,389.657043912,389.657043912,389.657043912,390.117881868,390.264148842,390.264148842,390.41041310400004,390.41041310400004,390.5566794,390.77733653399997,391.119784164,391.119784164,391.119784164,391.119784164,391.119784164,391.119784164,391.119784164,391.119784164,391.266048426,391.266048426,391.266048426,391.266048426,391.266048426,391.266049104,391.266049104,391.26605046,391.26605113799997,391.26605113799997,391.26605113799997,391.26605249399995,391.26605249399995,391.40826638399994,391.40826638399994,391.4082677399999,391.4082677399999,391.4082690959999,391.4082690959999,391.4082690959999,391.4082690959999,391.4082690959999,391.4082690959999,391.4082690959999,391.55453539199993,391.55453539199993,391.55453539199993,391.55453539199993,391.55453539199993,391.55453539199993,391.55453539199993,391.55453539199993,391.55453539199993,391.55453539199993,391.55453539199993,391.55453539199993,391.55453539199993,391.55453539199993,391.55453539199993,391.61206301399994,391.612065048,391.612065048,391.985056578,392.2775871359999,392.2775871359999,392.2775871359999,392.2775871359999,392.2775878139999,392.2775878139999,392.2775878139999,392.2775878139999,392.2775905259999,392.2775905259999,392.2775905259999,392.2775912039999,392.2775912039999,392.2775912039999,392.2775912039999,392.2775912039999,392.2775912039999,392.2775912039999,392.2775912039999,392.27759323799995,392.33512153799995,392.33512153799995,392.33512153799995,392.33512153799995,392.33512153799995,392.33512153799995,392.33512153799995,392.33512153799995,392.48138647799993,392.4813871559999,392.62359969,392.62359969,392.62359969,392.623601046,392.623601046,392.623601046,392.623601046,392.623601046,392.623601046,392.623601046,392.623601046,392.76581358,392.76581358,392.912077842,392.912077842,392.912077842,392.912077842,392.912077842,392.912077842,393.47874007199994,393.47874007199994,393.47874007199994,393.47874007199994,393.47874007199994,393.47874007199994,393.47874007199994,393.47874007199994,393.47874007199994,393.4787421059999,393.62500840199993,393.62500840199993,393.62500840199993,393.625011792,393.625011792,393.625011792,393.625011792,393.625011792,393.625011792,393.625011792,393.6789785579999,393.6789785579999,393.6789785579999,393.6789785579999,393.8252448539999,393.8252448539999,393.8252448539999,393.8252448539999,393.8252475659999,393.8252475659999,393.8252475659999,393.8252475659999,393.8252475659999,393.8252475659999,393.8252475659999,393.8252475659999,393.8252475659999,393.82524824399997,393.82524824399997,393.82524824399997,393.8252489219999,393.8252489219999,393.8252489219999,393.82524959999995,393.82524959999995,393.82524959999995,393.82524959999995,393.82524959999995,393.82524959999995,393.82524959999995,393.82524959999995,393.82524959999995,393.82524959999995,393.97151250599995,393.97151250599995,393.97151250599995,393.97151250599995,393.97151250599995,393.97151250599995,393.97151250599995,393.97151250599995,393.97151250599995,393.97151250599995,393.97151250599995,393.97151250599995,393.97151250599995,393.97151250599995,394.2599879459999,394.25998862399996,394.25998862399996,394.25998862399996,394.25998862399996,394.25998862399996,394.25998862399996,394.25998862399996,394.25998862399996,394.25998862399996,394.25998862399996,394.25998862399996,394.25998862399996,394.2599913359999,394.2599913359999,394.2599913359999,394.2599913359999,394.2599913359999,394.2599913359999,394.2599920139999,394.2599920139999,394.2599920139999,394.2599920139999,394.2599920139999,394.2599920139999,394.2599920139999,394.2599920139999,394.2599920139999,394.2599920139999,394.2599920139999,394.2599920139999,394.2599920139999,394.2599920139999,394.2599920139999,394.2599920139999,394.2599920139999,394.25999404799995,394.25999404799995,394.25999404799995,394.25999404799995,394.25999404799995,394.25999404799995,394.25999608199993,394.25999608199993,394.25999608199993,394.25999608199993,394.2599967599999,394.2599967599999,394.2599967599999,394.2599967599999,394.2599967599999,394.2599967599999,394.2599967599999,394.2599967599999,394.2599967599999,394.2599967599999,394.2599967599999,394.2599967599999,394.2599967599999,394.2599967599999,394.2599967599999,394.2599967599999,394.25999743799997,394.25999743799997,394.25999743799997,394.25999743799997,394.25999743799997,394.25999743799997,394.25999743799997,394.25999743799997,394.25999743799997,394.25999743799997,394.25999743799997,394.402207938,394.402207938,394.40221132799996,394.40221132799996,394.40221132799996,394.40221132799996,394.40221404,394.40221404,394.40221404,394.40221404,394.40221404,394.40221404,394.40221404,394.40221404,394.40221404,394.40221404,394.40221404,394.40221404,394.40221404,394.40221404,394.40221404,394.40221404,394.40221404,394.40221404,394.40221404,394.40221404,394.40221404,394.40221404,394.40221404,394.40221404,394.40221404,394.40221404,394.40221404,394.40221404,394.40221404,394.40221404,394.40221404,394.40221404,394.40221404,394.40221404,394.40221404,394.40221404,394.40221404,394.40221404,394.40221404,394.40221404,394.40221404,394.40221404,394.40221404,394.40221404,394.54442521799996,394.54442521799996,394.54442521799996,394.54442521799996,394.54442589599995,394.54442589599995,394.54442589599995,394.54442589599995,394.54442589599995,394.54442589599995,394.54442589599995,394.54442589599995,394.54442589599995,394.54442589599995,394.54442589599995,394.54442589599995,394.54442589599995,394.54442589599995,394.54442589599995,394.54442589599995,394.54442589599995,394.54442589599995,394.54442589599995,394.54442589599995,394.54442589599995,394.54442589599995,394.54442589599995,394.54442589599995,394.54442589599995,394.54442589599995,394.54442589599995,394.54442657399994,394.54442657399994,394.54442657399994,394.54442657399994,394.54442657399994,394.68663842999996,394.68663842999996,394.68663842999996,394.68663842999996,394.68663842999996,394.68663842999996,394.83290337,394.83290337,394.83290337,394.83290337,394.83290337,394.83290337,394.83290337,394.83290337,394.83290337,394.83290337,394.83290337,394.83290337,394.83290337,394.83290337,394.83290337,394.83290337,394.83290337,394.83290337,394.83290337,394.83290337,394.83290337,394.83290337,394.83290337,394.83290337,394.83290337,394.83290337,394.83290337,394.83290337,394.83290337,394.83290337,394.83290337,394.83290337,394.83290337,394.83290337,394.83290337,394.83290337,394.83290337,394.83290337,394.83290337,394.83290337,394.83290337,394.83290337,394.83290337,394.83290337,394.83290337,394.83290337,394.83290337,394.83290337,394.83290337,394.83290337,394.97916966599996,394.97916966599996,394.97916966599996,394.97916966599996,394.97916966599996,394.97916966599996,394.97916966599996,394.97916966599996,394.97916966599996,394.97916966599996,394.97916966599996,394.97916966599996,394.97916966599996,395.1254339279999,395.1254339279999,395.1254339279999,395.1254339279999,395.1254339279999,395.1254339279999,395.1254339279999,395.1254339279999,395.1254339279999,395.1254339279999,395.1254346059999,395.1254346059999,395.1254346059999,395.1254346059999,395.1254346059999,395.1254346059999,395.1254346059999,395.1254346059999,395.1254346059999,395.1254346059999,395.1254346059999,395.1254346059999,395.1254346059999,395.1254346059999,395.1254346059999,395.1254346059999,395.1254346059999,395.1254346059999,395.1254346059999,395.1254346059999,395.1254346059999,395.1254346059999,395.1254346059999,395.2717002239999,395.2717002239999,395.2717002239999,395.2717002239999,395.2717002239999,395.2717002239999,395.2717002239999,395.2717002239999,395.2717002239999,395.2717002239999,395.2717002239999,395.2717002239999,395.2717002239999,395.2717002239999,395.2717002239999,395.2717002239999,395.2717002239999,395.2717002239999,395.2717002239999,395.2717002239999,395.2717002239999,395.2717002239999,395.2717002239999,395.2717002239999,395.2717002239999,395.2717002239999,395.2717002239999,395.2717002239999,395.2717002239999,395.2717002239999,395.2717002239999,395.27170293599994,395.27170293599994,395.27170293599994,395.27170293599994,395.27170293599994,395.27170293599994,395.27170293599994,395.27170293599994,395.27170293599994,395.27170293599994,395.27170293599994,395.27170293599994,395.27170293599994,395.27170293599994,395.27170293599994,395.27170293599994,395.27170293599994,395.27170293599994,395.27170293599994,395.271703614,395.271703614,395.271703614,395.271703614,395.271703614,395.271703614,395.271703614,395.271703614,395.271703614,395.271703614,395.271703614,395.271703614,395.271703614,395.271703614,395.271703614,395.271703614,395.271703614,395.271703614,395.271703614,395.271703614,395.271703614,395.271703614,395.271703614,395.271703614,395.271703614,395.271703614,395.271703614,395.271703614,395.271703614,395.271703614,395.271703614,395.271703614,395.271703614,395.271703614,395.271703614,395.271703614,395.271703614,395.271703614,395.271703614,395.271703614,395.271703614,395.271703614,395.271703614,395.271703614,395.271703614,395.271703614,395.271703614,395.271703614,395.271703614,395.271703614,395.271703614,395.271703614,395.271703614,395.271703614,395.271703614,395.271703614,395.271703614,395.271703614,395.271703614,395.271703614,395.271703614,395.271703614,395.271703614,395.271703614,395.271703614,395.271703614,395.271703614,395.271703614,395.271703614,395.271703614,395.271703614,395.271703614,395.271703614,395.271703614,395.271703614,395.271703614,395.271703614,395.271703614,395.271703614,395.271703614,395.271703614,395.271703614,395.271703614,395.271703614,395.271703614,395.271703614,395.271703614,395.271703614,395.271703614,395.271703614,395.271703614,395.271703614,395.271703614,395.271703614,395.271703614,395.271703614,395.271703614,395.271703614,395.271703614,395.271703614,395.271703614,395.271703614,395.271703614,395.271703614,395.271703614,395.271703614,395.271703614,395.271703614,395.271703614,395.271703614,395.271703614,395.271703614,395.271703614,395.271703614,395.271703614,395.271703614,395.271703614,395.271703614,395.271703614,395.271703614,395.271703614,395.271703614,395.271703614,395.271703614,395.271703614,395.271703614,395.271703614,395.271703614,395.271703614,395.271703614,395.271703614,395.271703614,395.271703614,395.271703614,395.271703614,395.271703614,395.271703614,395.271703614,395.271703614,395.271703614,395.271703614,395.271703614,395.271703614,395.271703614,395.271703614,395.271703614,395.271703614,395.271703614,395.271703614,395.271703614,395.271703614,395.271703614,395.271703614,395.271703614,395.271703614,395.271703614,395.271703614,395.271703614,395.271703614,395.271703614,395.271703614,395.271703614,395.271703614,395.271703614,395.271703614,395.271703614,395.271703614,395.271703614,395.271703614,395.271703614,395.271703614,395.271703614,395.271703614,395.271703614,395.271703614,395.2717070039999,395.2717070039999,395.2717070039999,395.2717070039999,395.2717070039999,395.2717070039999,395.2717070039999,395.2717070039999,395.2717070039999,395.2717070039999,395.2717070039999,395.2717070039999,395.2717070039999,395.2717070039999,395.2717070039999,395.2717070039999,395.2717070039999,395.2717070039999,395.2717070039999,395.2717070039999,395.2717070039999,395.2717070039999,395.2717070039999,395.2717070039999,395.2717070039999,395.2717070039999,395.2717070039999,395.2717070039999,395.2717070039999,395.2717070039999,395.2717070039999,395.2717070039999,395.2717070039999,395.2717070039999,395.2717070039999,395.2717070039999,395.2717070039999,395.2717070039999,395.2717070039999
12,282.474280296,292.21897293,299.87821078800005,309.67346730599996,317.20855455000003,320.191085364,326.02998543,330.22341542999993,331.102475652,332.85131698799995,336.052420086,339.14650224,339.83351489399996,339.83351489399996,340.42792224000004,341.50211493,342.243600138,342.37705087800003,342.80970912,343.99762953000004,344.105786802,346.83493138800003,346.845793626,346.932588474,347.48314752600004,347.73029412000005,347.75098668,348.425954664,348.425954664,349.29235798200006,349.468275252,349.81035133800003,349.96704188399997,349.96704188399997,349.96704188399997,350.85915360599995,350.85915360599995,351.229539582,351.75283896599996,351.75283896599996,351.91587627,351.91587627,351.91587627,352.280150076,352.81020573,353.23078404600005,354.548416026,354.76302607800005,355.36259707199997,355.36259707199997,355.61442661200005,356.502296766,356.53091650199997,356.783072838,356.871500988,357.163017258,357.21392149800005,357.21392149800005,357.54278811000006,357.79002419999995,358.0058932980001,358.0058932980001,358.03978584000004,358.05421232400005,358.05421232400005,358.54580368200004,358.54580368200004,358.75682169,358.75682169,358.80014182200006,358.80014182200006,359.098494366,359.098494366,359.16658658399996,359.16658658399996,359.36276520599995,359.36276520599995,359.743816122,359.743816122,359.743816122,359.743816122,359.836713648,360.063645672,360.48639969000004,361.053057852,361.397147598,361.750894776,361.750894776,361.750894776,361.913530026,361.913530026,361.913530026,361.913530026,362.31464770800005,362.31464770800005,362.39073219000005,362.676688182,363.25855185,363.25855185,363.25855185,363.25855185,364.06072687200003,364.06072687200003,364.06072687200003,364.06072687200003,364.06072687200003,364.09880606400003,364.09880606400003,364.09880606400003,364.09880606400003,364.09880606400003,364.6493569800001,365.42842847400004,365.615701566,365.615701566,366.03845219400006,366.12984252600006,366.17304129600006,366.17304129600006,366.38627772,366.38627772,366.38627772,366.3986254560001,366.3986254560001,366.671967258,366.671967258,367.415336628,367.415336628,367.415336628,367.84756434,367.985955666,368.08917370800003,368.155334982,368.155334982,368.571557826,368.571557826,368.571557826,368.571557826,368.82941004,369.119429286,369.2604193860001,369.3188473920001,369.3188473920001,369.3188473920001,369.71684898600006,370.1591721180001,370.31370933599993,370.31370933599993,370.31370933599993,370.31370933599993,370.31370933599993,370.338116658,370.575361062,370.71321609,370.71743053800003,371.227697406,371.227697406,371.227697406,371.336266902,371.336266902,372.098037192,372.098037192,372.098037192,372.098037192,372.130758828,372.130758828,372.130758828,372.18129966,372.18129966,372.32350812600004,372.32350812600004,372.796345326,372.796345326,373.147963584,373.147963584,373.38220444800004,373.80665617799997,373.80665617799997,373.80665617799997,373.921337166,373.959657726,373.959657726,373.959657726,374.424712842,374.424712842,374.783664348,374.783664348,375.59625005999993,375.59625005999993,375.59625005999993,375.742517034,376.06978288799996,376.06978288799996,376.06978288799996,376.63644172799997,376.63644172799997,376.63644172799997,376.63644172799997,376.63644172799997,376.64681241599993,376.64681241599993,376.64681241599993,376.64681241599993,377.305264998,377.76397945799994,378.36895885800004,378.36895885800004,378.36895885800004,378.4229256240001,378.4229256240001,378.4229256240001,378.4229256240001,378.4229256240001,378.4229256240001,378.4229256240001,378.4229256240001,378.43329631200004,378.43329631200004,378.43329631200004,378.471616872,378.471616872,378.471618228,378.471618228,378.89201212800003,379.2380185800001,379.2380185800001,379.2380185800001,379.23802332600013,379.377416736,379.377416736,379.377416736,379.377416736,379.377416736,380.54118203999997,380.54118203999997,380.54118203999997,380.54118203999997,380.54118203999997,380.93576922600005,380.93576922600005,381.19830642,381.19830642,381.19830642,381.8595394800001,381.8595394800001,381.8595394800001,381.8595394800001,381.8595394800001,381.8595394800001,382.05571471200005,382.05571471200005,382.05571471200005,382.05571471200005,382.05571471200005,382.05571471200005,382.05571471200005,382.05571471200005,382.05571471200005,382.705535676,382.705535676,383.040426318,383.040426318,383.040426318,383.040427674,383.18669464799996,383.18669464799996,383.33889954600005,383.33889954600005,383.33889954600005,383.33889954600005,383.33889954600005,383.33889954600005,383.33889954600005,383.33889954600005,383.33889954600005,383.33889954600005,383.33889954600005,383.33889954600005,383.38355805,383.38355805,383.38355805,383.38355805,383.38355805,383.38355805,383.38355805,383.38355805,383.38356144000005,383.38356144000005,383.67358068600004,383.67358068600004,383.67358068600004,383.9620561260001,383.9620561260001,383.9620561260001,383.9620561260001,384.3594204000001,384.37125624600003,384.37125624600003,384.37125624600003,384.37125624600003,384.37125624600003,384.37125624600003,384.37125624600003,384.37125624600003,384.37125624600003,384.37125624600003,384.5674348680001,384.791653536,384.93791915400004,385.35305855400003,385.364891688,385.364891688,385.364891688,385.364891688,385.58910696600003,385.59987903,385.59987903,386.16653990400005,386.31280687800006,386.31280687800006,386.508984822,386.508984822,386.508984822,386.508984822,386.92938211200004,387.217860264,387.217860264,387.21786094199996,387.21786094199996,387.21786094199996,387.21786094199996,387.21786094199996,387.21786094199996,387.21786094199996,387.21786094199996,387.21786094199996,387.21786094199996,387.41403956399995,387.41403956399995,387.41403956399995,387.41403956399995,387.41403956399995,387.41403956399995,387.41403956399995,387.41403956399995,387.41404092000005,387.41404092000005,387.41404092000005,387.41404092000005,388.01901693,388.01901693,388.01901693,388.01901693,388.01901693,388.01901693,388.01901693,388.01901693,388.01901693,388.01901693,388.01901693,388.01901693,388.01901693,388.01901693,388.557637758,388.69984961399996,388.69984961399996,388.69984961399996,388.69984961399996,388.69984961399996,388.69984961399996,388.69984961399996,388.69984961399996,388.69984961399996,388.69984961399996,388.69984961399996,388.69984961399996,388.69984961399996,388.896028236,389.238472476,389.238472476,389.3847367380001,389.3847367380001,389.3847367380001,389.3847367380001,389.3847367380001,389.3847367380001,389.3847367380001,389.3847367380001,389.3847367380001,389.3847367380001,389.3847367380001,389.99605340400007,389.99605340400007,389.99605340400007,389.99605340400007,389.996056794,389.99605815,389.99605815,389.99605815,389.9996156160001,390.14182679400005,390.14182679400005,390.14182679400005,390.14182679400005,390.14182679400005,390.14182679400005,390.14182679400005,390.14182679400005,390.14182679400005,390.14182679400005,390.14182679400005,390.28809444600006,390.28809444600006,390.28809444600006,390.28809444600006,390.28809444600006,390.2880964800001,390.2880964800001,390.2880964800001,390.4343607420001,390.4343607420001,390.4343607420001,390.4343607420001,390.43436209800007,390.43436209800007,390.58062703800005,390.580630428,390.580630428,390.580630428,390.580630428,390.72284025,390.72284364000006,390.72284364000006,390.72284364000006,390.72284364000006,390.72284364000006,390.72284364000006,390.72284364000006,390.72284364000006,390.72284364000006,390.72284364000006,390.72284364000006,390.72284364000006,390.91902158400006,390.91902158400006,391.0612320840001,391.0612320840001,391.0612320840001,391.0612320840001,391.061234118,391.20750041400004,391.20750041400004,391.20750041400004,391.20750041400004,391.20750041400004,391.20750041400004,391.20750041400004,391.20750041400004,391.35376332,391.35376332,391.35376332,391.35376332,391.35376332,391.35376332,391.35376332,391.35376332,391.35376332,391.35376332,391.69620891600005,391.69620891600005,391.69620891600005,391.69620891600005,391.69620891600005,391.69620891600005,391.69620891600005,391.696211628,391.696211628,391.842474534,391.842474534,391.842474534,391.842474534,391.842474534,391.842474534,391.842474534,391.842474534,391.842474534,391.842474534,391.842474534,391.842474534,391.842474534,391.842474534,391.84247860199997,391.842479958,391.842479958,391.842479958,391.842479958,391.842479958,391.842479958,391.842479958,391.842479958,391.842479958,391.842479958,391.842479958,391.842479958,391.842479958,391.842479958,391.842479958,391.842479958,391.842479958,391.98874693199997,391.98874693199997,391.98874693199997,391.98874693199997,391.98874693199997,391.98874693199997,391.98874693199997,391.98874693199997,391.98874693199997,391.98874693199997,391.98874761,391.98874761,391.988749644,392.135016618,392.135016618,392.28128359199997,392.28128359199997,392.28128359199997,392.28128562599994,392.28128562599994,392.281289016,392.281289016,392.281289016,392.281289016,392.281289016,392.281289016,392.427555312,392.427555312,392.427555312,392.427555312,392.427555312,392.427555312,392.427555312,392.427555312,392.42755599000003,392.99421754200006,392.99421754200006,392.99421754200006,392.99421754200006,392.99421754200006,392.99421754200006,392.99421754200006,392.99421822000005,392.99421822000005,392.99421822000005,392.99421822000005,392.99421822000005,392.99421822000005,392.99421822000005,392.99421889800004,392.99421889800004,392.99421889800004,393.01216488,393.01216488,393.01216488,393.01216488,393.01216488,393.01216488,393.01216488,393.01216759199997,393.01216759199997,393.01216759199997,393.01216759199997,393.01216759199997,393.01216827,393.01216827,393.01216827,393.01216827,393.01216827,393.01216827,393.01216827,393.01216827,393.211907748,393.211907748,393.211907748,393.211907748,393.211907748,393.211907748,393.211907748,393.211907748,393.211907748,393.211907748,393.211907748,393.211907748,393.211907748,393.211907748,393.211907748,393.211907748,393.211907748,393.211907748,393.211907748,393.211907748,393.211907748,393.211907748,393.211907748,393.211907748,393.211907748,393.35817065400005,393.35817404399995,393.35817404399995,393.35817404399995,393.35817472200006,393.35817472200006,393.35817472200006,393.35817472200006,393.35817472200006,393.35817472200006,393.35817607800004,393.35817607800004,393.35817607800004,393.35817607800004,393.35817607800004,393.35817607800004,393.35817607800004,393.35817607800004,393.504442374,393.504442374,393.504442374,393.504444408,393.504444408,393.504444408,393.504444408,393.504444408,393.504444408,393.504444408,393.504444408,393.50444711999995,393.50444711999995,393.50444711999995,393.64283776799994,393.64283776799994,393.64283844600004,393.64283844600004,393.64283844600004,393.64283844600004,393.64283844600004,393.64283844600004,393.64283844600004,393.64283844600004,393.64283844600004,394.101550194,394.101550194,394.101550194,394.101550194,394.101550194,394.101550194,394.101552906,394.101553584,394.101553584,394.101556974,394.101556974,394.101556974,394.101556974,394.101556974,394.101556974,394.101556974,394.101556974,394.101556974,394.101556974,394.101556974,394.101556974,394.101556974,394.101556974,394.101556974,394.101556974,394.101556974,394.101556974,394.24782327,394.24782327,394.24782327,394.24782327,394.24782327,394.24782327,394.24782327,394.24782327,394.24782327,394.24782327,394.24782327,394.24782327,394.24782327,394.247825982,394.24782666,394.24782666,394.24782666,394.24782666,394.24782666,394.24782666,394.24782666,394.24782666,394.24782666,394.24782666,394.24782666,394.24782666,394.24782666,394.24782666,394.24782666,394.24782666,394.24782666,394.24782666,394.24782666,394.24782666,394.24782666,394.24782666,394.24782666,394.24782666,394.24782666,394.24782666,394.24782666,394.24782666,394.24782666,394.24782666,394.394089566,394.394090244,394.394090244,394.394090244,394.394090244,394.394090244,394.394090244,394.394090244,394.394090244,394.394090244,394.394090244,394.394090244,394.394090244,394.394090244,394.394090244,394.394090244,394.394090244,394.394090244,394.394090244,394.394090244,394.394090244,394.394090244,394.394090244,394.394090922,394.394090922,394.394090922,394.394090922,394.394090922,394.394090922,394.394090922,394.394090922,394.394090922,394.394090922,394.394090922,394.540355862,394.540355862,394.540355862,394.540355862,394.540355862,394.540355862,394.540355862,394.540355862,394.540358574,394.540358574,394.540358574,394.540358574,394.540358574,394.540358574,394.540358574,394.540358574,394.540358574,394.540358574,394.540358574,394.540358574,394.540358574,394.540358574,394.540358574,394.540358574,394.540358574,394.540358574,394.540358574,394.540358574,394.540358574,394.540358574,394.540358574,394.540358574,394.540358574,394.540358574,394.540358574,394.540358574,394.540358574,394.540358574,394.540358574,394.540358574,394.540358574,394.68662487,394.68662826,394.68662826,394.68662826,394.68662826,394.68662826,394.68662826,394.68662826,394.68662826,394.68662826,394.68662826,394.68662826,394.68662826,394.68662826,394.83289116599997,394.83289116599997,394.83289116599997,394.83289116599997,394.83289116599997,394.83289116599997,394.83289116599997,394.83289116599997,394.83289116599997,394.83289184399996,394.83289184399996,394.83289184399996,394.83289184399996,394.83289184399996,394.83289184399996,394.83289184399996,394.83289184399996,394.83289184399996,394.83289184399996,394.83289252200007,394.83289252200007,394.83289252200007,394.83289252200007,394.83289252200007,394.83289252200007,394.83289252200007,394.83289252200007,394.83289252200007,394.83289252200007,394.83289252200007,394.83289252200007,394.83289252200007,394.83289252200007,394.83289252200007,394.83289252200007,394.83289252200007,394.83289252200007,394.83289252200007,394.83289252200007,394.83289252200007,394.83289252200007,394.83289252200007,394.83289252200007,394.83289252200007,394.83289252200007,394.83289252200007,394.83289252200007,394.83289252200007,394.83289252200007,394.83289252200007,394.83289252200007,394.83289252200007,394.83289252200007,394.83289252200007,394.83289252200007,394.83289252200007,394.83289252200007,394.83289252200007,394.83289252200007,394.83289252200007,394.83289252200007,394.83289252200007,394.83289252200007,394.83289252200007,394.83289252200007,394.83289252200007,394.83289252200007,394.83289252200007,394.83289252200007,394.83289252200007,394.83289252200007,394.83289252200007,394.83289252200007,394.83289252200007,394.83289252200007,394.83289252200007,394.83289252200007,394.83289252200007,394.83289252200007,394.83289252200007,394.83289252200007,394.83289252200007,394.83289252200007,394.83289523400003,394.83289523400003,394.83289523400003,394.83289523400003,394.83289523400003,394.83289523400003,394.83289523400003,394.83289523400003,394.83289523400003,394.83289523400003,394.83289523400003,394.83289523400003,394.83289523400003,394.83289523400003,394.83289523400003,394.83289523400003,394.83289523400003,394.83289523400003,394.83289523400003,394.83289523400003,394.83289523400003,394.83289523400003,394.83289523400003,394.83289523400003,394.83289523400003,394.83289523400003,394.83289523400003,394.83289523400003,394.83289523400003,394.83289523400003,394.83289523400003,394.83289523400003,394.83289591199997,394.83289591199997,394.83289591199997,394.83289591199997,394.83289591199997,394.83289591199997,394.83289591199997,394.83289591199997,394.83289591199997,394.83289591199997,394.83289591199997,394.83289591199997,394.83289591199997,394.83289591199997,394.83289591199997,394.83289591199997,394.83289591199997,394.83289591199997,394.83289591199997,394.83289591199997,394.832897946,394.832897946,394.832897946,394.832897946,394.832897946,394.832897946,394.832897946,394.832897946,394.832897946,394.979158818,394.979158818,394.979158818,394.979158818,394.979158818,394.979158818,394.979158818,394.979158818,394.979158818,394.979158818,394.979158818,394.979158818,394.979158818,394.979158818,394.979158818,394.979158818,394.979158818,394.979158818,394.979158818,394.979158818,394.979158818,394.979158818,394.979158818,394.979158818,394.979158818,394.979158818,394.979158818,394.979158818,394.979158818,394.979158818,394.979158818,394.979158818,394.979158818,394.979158818,394.979158818,394.979158818,394.979158818,394.979158818,394.979158818,394.979158818,394.979158818,394.979162208,394.979162208,394.979162208,394.979162208,394.979162208,394.979162208
13,282.27802506000006,301.580666076,307.194323694,318.54685197,320.501198496,324.68150784,327.12085895399997,329.37791214,330.21621100199997,333.313760448,334.91512322399996,338.688012876,341.9306909339999,343.059944682,343.52159895,344.141781144,346.80517261200004,347.06270616600005,348.27690111000004,349.293438714,349.58099071799995,349.58099071799995,349.786777956,349.786777956,349.936245768,350.04811780200004,350.73235269,350.83831392,351.309643926,351.785566026,353.25391333799996,353.74082446200003,354.032531928,354.032531928,354.351930948,354.351930948,354.62979162000005,354.62979162000005,354.83903191200005,354.83903191200005,354.940099338,354.940099338,355.282144914,355.282144914,355.2989972820001,355.2989972820001,355.53344019,356.02683638400003,356.673440238,356.673440238,356.673440238,356.73864892200004,356.73864892200004,356.73864892200004,356.73864892200004,356.73864892200004,356.73864892200004,356.81209598400005,356.81209598400005,356.81209598400005,356.81209598400005,356.81209598400005,356.94679560000003,357.0119283480001,357.2534007600001,357.3012573900001,357.523480026,357.68156793,358.359411312,358.545725712,358.76443969800005,358.80322062000005,358.864380288,358.864380288,358.864380288,358.864380288,358.948507884,359.45126047800005,359.45126047800005,359.45126047800005,360.619103952,360.980962044,360.980962044,361.26697566600006,361.31105583600004,361.62653805,361.958614314,361.958614314,361.958614314,362.13761784,362.13761784,362.13761784,362.13761784,362.51413971600005,362.51413971600005,362.51413971600005,362.51413971600005,362.51413971600005,362.51413971600005,362.51413971600005,362.51413971600005,362.94271911000004,363.169531806,363.422354616,363.60765744,363.60765744,363.60765744,363.60765744,363.60765744,364.25555424000004,364.25555424000004,364.25555424000004,364.25555424000004,365.3000410380001,365.3000410380001,365.42443030800007,365.42443030800007,365.42443030800007,365.42443030800007,365.42443030800007,365.42443030800007,365.42443030800007,365.58666011400004,365.5866607920001,365.5866607920001,365.5866607920001,365.5866607920001,365.5866607920001,365.72887264800005,365.72887264800005,365.72887264800005,365.72887264800005,365.7468165960001,365.7468165960001,365.7468165960001,365.7468165960001,365.7468165960001,365.7507008580001,365.7507008580001,365.85904322400006,366.58571684400005,366.58571684400005,367.1922346260001,367.38841257000007,367.51430767800014,368.2345965720001,368.2345965720001,368.4307751940001,368.62695585000006,368.791934946,368.84136996000007,368.84136996000007,369.093756816,369.093756816,369.11426157,369.36079118400005,369.46404312600004,369.60537290400003,370.1935724820001,370.6240923120001,370.6240923120001,370.6240923120001,370.65691903800007,370.73589519000006,370.80044757,371.0532730920001,371.0532730920001,371.3314571700001,371.3314571700001,371.3314571700001,371.3314571700001,371.4777214320001,371.4777214320001,371.50634523600013,371.5638721800001,371.5783935840001,371.66614509000004,371.76936720000003,371.9935838340001,372.13984877400003,372.13984877400003,372.727487646,372.727487646,372.727487646,372.727487646,372.727487646,372.727487646,372.74901346800004,372.74901346800004,372.749015502,372.749015502,373.0914597420001,373.55651079,373.79123845800007,374.027290938,374.0656094640001,374.66271389400003,375.1176112140001,375.1176112140001,375.1176112140001,375.46005681,375.55733014800006,375.864125148,375.864125148,376.156653672,376.15665435000005,376.15665435000005,376.173428748,376.173428748,376.26539538000003,376.26539538000003,376.380081114,376.380081114,376.380081114,376.604299104,377.065139094,377.353611822,377.85601253400006,378.232820526,378.232820526,378.482087904,378.525283284,378.525283284,378.55177003200004,378.55177003200004,378.55177003200004,379.317215082,379.355532252,379.355532252,379.355532252,379.50179651400003,379.50179651400003,379.501797192,379.501797192,379.501797192,379.844239398,379.990506372,379.990506372,380.45998069200004,380.748456132,380.748456132,380.748456132,380.748456132,381.27571639199994,381.61816131000006,381.61816131000006,381.61816131000006,381.99115487399996,381.99115487399996,382.04656238999996,382.04656510199993,382.04656510199993,382.04656510199993,382.04656510199993,382.0465664579999,382.04656917,382.295836548,382.295836548,382.295838582,382.295838582,382.49557806000007,382.49557806000007,382.49557806000007,382.49557806000007,382.49557806000007,382.49557806000007,382.49557806000007,382.49557806000007,382.49558145,382.49558145,382.49558145,382.49558145,382.49558145,382.49558145,382.495582128,382.63779398400004,382.9621641,382.9621641,383.10842836200004,383.10842836200004,383.10842836200004,383.10842836200004,383.396907192,383.396907192,383.396907192,383.396907192,383.396907192,383.396907192,383.396907192,383.396907192,383.396909904,383.396909904,383.45087938200004,383.45087938200004,383.45087938200004,383.45087938200004,383.45087938200004,383.850853278,383.850853278,383.850853278,383.850853278,383.900145912,384.042356412,384.042356412,384.042356412,384.18456759000003,384.18456759000003,384.21400906199995,384.21400906199995,384.21400906199995,384.21400906199995,384.21400906199995,384.21400906199995,384.214010418,384.360275358,384.360275358,384.70271620799997,384.987135852,384.987135852,384.987135852,385.08031135799996,385.848064998,385.848064998,385.848064998,385.848064998,385.848064998,385.848064998,385.848064998,385.99432926000003,385.99432926000003,385.99432926000003,386.87343626399996,386.87343626399996,386.87343626399996,386.87343626399996,386.87343626399996,386.87343626399996,386.87343626399996,386.87343626399996,386.906157222,386.906157222,386.906157222,387.52784796599997,387.52784796599997,387.52784796599997,387.52784796599997,387.52784796599997,387.52784796599997,387.52784796599997,387.52784796599997,387.52784796599997,387.52784796599997,387.52784796599997,387.52784999999994,388.12312044,388.12312044,388.12312044,388.12312044,388.12312044,388.54351705199997,388.97574679800005,388.97574679800005,388.97574679800005,388.97574679800005,388.97574679800005,388.97574679800005,389.1220110599999,389.1220110599999,389.26422156,389.55269699999997,389.55269699999997,389.55269699999997,389.55269699999997,389.55269699999997,389.55269699999997,389.55269699999997,389.55269699999997,389.55269699999997,389.55269699999997,389.69895922800004,389.69895922800004,389.84522348999997,389.84522348999997,389.99148978600005,389.99148978600005,389.99148978600005,389.99148978600005,389.99148978600005,389.99148978600005,390.215707098,390.361972038,390.361972038,390.361972038,390.361972038,390.361972038,390.361972038,390.361972038,390.361972038,390.361972038,390.3619788179999,390.3619788179999,390.36198153,390.36198153,390.36198153,390.558159474,390.558159474,390.558159474,390.558159474,390.558159474,390.558159474,390.56171694,390.56171694,390.56171694,390.56171694,390.56171694,390.56171694,390.56171694,390.56171694,390.5652784739999,390.5688366179999,390.5688366179999,390.5688366179999,390.5688366179999,390.5688366179999,390.5688366179999,390.5688366179999,390.5688366179999,390.5688366179999,390.5688366179999,390.5688366179999,390.5688366179999,390.5688366179999,390.5688366179999,390.5688366179999,390.5688366179999,390.5688366179999,390.56883729599997,390.56883729599997,390.56883729599997,390.56883729599997,390.711047796,390.711047796,390.96119454,390.96119454,390.96119454,390.96119454,390.96119454,390.96119454,390.96119454,390.961197252,390.96119792999997,390.96119792999997,390.96119792999997,390.96119792999997,390.96119792999997,390.96119792999997,391.10746219199996,391.10746219199996,391.10746219199996,391.10746219199996,391.10746219199996,391.2496740479999,391.2496740479999,391.24967608199995,391.24967608199995,391.24967608199995,391.24967608199995,391.24967608199995,391.3918872599999,391.3918872599999,391.391889294,391.391889294,391.391889294,391.53410114999997,391.534103184,391.58807198399995,391.734338958,391.734338958,391.73434167,391.73434167,392.15473624799995,392.15473624799995,392.15473624799995,392.15473624799995,392.15473624799995,392.15473624799995,392.15473624799995,392.15473624799995,392.15473624799995,392.15473624799995,392.15473624799995,392.15473624799995,392.15473624799995,392.154738282,392.154738282,392.154738282,392.15473896,392.15473896,392.15473896,392.15473896,392.3010038999999,392.3010038999999,392.3010038999999,392.3010038999999,392.3010038999999,392.3010038999999,392.3010038999999,392.3010038999999,392.3010038999999,392.44726816199994,392.44726816199994,392.44726816199994,392.44726816199994,392.44726884000005,392.59353174599994,392.59353174599994,392.59353174599994,392.73979871999995,392.73979871999995,392.73979871999995,392.73979871999995,392.73980075399993,392.73980075399993,392.7398014319999,392.7398014319999,392.7398014319999,392.7398014319999,392.939536164,392.939536164,392.939536164,392.93953684199994,392.93953684199994,392.93953684199994,392.93953887600003,392.93953887600003,392.93953887600003,393.08580517199994,393.08580517199994,393.232072146,393.52055165400003,393.52055165400003,393.52055165400003,393.52055165400003,393.52055165400003,393.52055165400003,393.52055165400003,393.52055165400003,393.52055165400003,393.52055165400003,393.52055165400003,393.52055165400003,393.52055165400003,393.52055165400003,393.52055165400003,393.52055165400003,393.52055165400003,393.52055165400003,393.52055165400003,393.66681591599996,393.813082212,393.813082212,393.813082212,393.813082212,393.813082212,393.813082212,393.813082212,393.813082212,393.813082212,393.8130842459999,393.8130842459999,393.8130842459999,393.8130842459999,393.8130842459999,393.81308628,393.81308831399997,393.81308831399997,393.81308831399997,393.81308831399997,393.81308831399997,393.81308831399997,393.81308831399997,393.81308831399997,393.81308831399997,393.81308831399997,393.81308831399997,393.81308831399997,393.81308831399997,393.81308831399997,393.81308831399997,393.81308831399997,393.81308831399997,393.81308831399997,393.81308831399997,393.81308831399997,393.81308831399997,393.81308831399997,393.81308831399997,393.81308831399997,393.81308831399997,393.81308831399997,393.81308831399997,393.81308831399997,393.81308831399997,393.81308831399997,393.81308831399997,393.81308899199996,393.81308899199996,393.813091704,393.813091704,393.959355966,393.959355966,393.959355966,393.959355966,393.959355966,394.10156646599995,394.10156646599995,394.10156646599995,394.10156646599995,394.10156646599995,394.10156646599995,394.10156646599995,394.10156646599995,394.10156646599995,394.10156646599995,394.10156646599995,394.10156646599995,394.247831406,394.247831406,394.247832084,394.247832084,394.247832084,394.247832084,394.247832084,394.247832084,394.247832084,394.247832084,394.247832084,394.247832084,394.247832762,394.247832762,394.24783343999997,394.24783343999997,394.24783343999997,394.24783343999997,394.24783343999997,394.24783343999997,394.24783343999997,394.24783343999997,394.24783343999997,394.24783343999997,394.24783343999997,394.24783343999997,394.24783343999997,394.24783343999997,394.24783343999997,394.24783343999997,394.24783343999997,394.24783343999997,394.24783343999997,394.24783343999997,394.24783343999997,394.24783343999997,394.24783343999997,394.24783343999997,394.24783343999997,394.24783343999997,394.24783343999997,394.24783343999997,394.24783343999997,394.24783343999997,394.24783615199993,394.24783615199993,394.24783615199993,394.24783615199993,394.24783615199993,394.24783615199993,394.24783615199993,394.24783615199993,394.24783615199993,394.24783615199993,394.24783615199993,394.24783615199993,394.24783615199993,394.24783615199993,394.24783615199993,394.24783615199993,394.24783615199993,394.24783615199993,394.24783615199993,394.24783615199993,394.24783615199993,394.24783615199993,394.24783615199993,394.24783615199993,394.24783615199993,394.24783615199993,394.24783615199993,394.24783615199993,394.24783615199993,394.24783615199993,394.24783615199993,394.24783615199993,394.24783615199993,394.24783615199993,394.24783615199993,394.24783615199993,394.24783615199993,394.2478381859999,394.2478381859999,394.2478381859999,394.2478381859999,394.2478381859999,394.2478381859999,394.24784089799994,394.24784089799994,394.24784089799994,394.24784089799994,394.24784089799994,394.24784089799994,394.24784089799994,394.24784089799994,394.24784089799994,394.24784089799994,394.24784089799994,394.24784089799994,394.24784089799994,394.24784089799994,394.24784089799994,394.24784089799994,394.24784089799994,394.24784089799994,394.24784089799994,394.24784089799994,394.24784089799994,394.24784089799994,394.2478436099999,394.2478436099999,394.2478436099999,394.2478436099999,394.2478436099999,394.2478436099999,394.2478436099999,394.2478436099999,394.2478436099999,394.2478436099999,394.2478436099999,394.2478436099999,394.2478436099999,394.2478436099999,394.2478436099999,394.2478436099999,394.2478436099999,394.2478436099999,394.2478436099999,394.2478436099999,394.2478436099999,394.2478436099999,394.2478436099999,394.2478436099999,394.2478436099999,394.2478436099999,394.2478436099999,394.2478436099999,394.2478436099999,394.2478436099999,394.2478436099999,394.2478436099999,394.2478436099999,394.2478436099999,394.2478436099999,394.2478436099999,394.2478436099999,394.2478436099999,394.2478436099999,394.2478436099999,394.2478436099999,394.2478436099999,394.2478436099999,394.2478436099999,394.39410854999994,394.39410854999994,394.39410854999994,394.39410854999994,394.39410854999994,394.39410854999994,394.39410854999994,394.39410854999994,394.39410854999994,394.39410854999994,394.39410854999994,394.39410854999994,394.39410854999994,394.39410854999994,394.39410854999994,394.39410854999994,394.39410854999994,394.3941092279999,394.3941092279999,394.3941092279999,394.3941092279999,394.3941092279999,394.3941092279999,394.3941092279999,394.3941092279999,394.3941092279999,394.3941092279999,394.3941092279999,394.3941092279999,394.3941092279999,394.3941092279999,394.3941092279999,394.3941092279999,394.3941092279999,394.3941092279999,394.3941092279999,394.3941092279999,394.3941092279999,394.3941092279999,394.54037416799997,394.54037416799997,394.54037416799997,394.68663910799995,394.68663910799995,394.68663910799995,394.68663910799995,394.68663910799995,394.68663910799995,394.68663910799995,394.68663910799995,394.68663910799995,394.68663910799995,394.68663910799995,394.68663910799995,394.68663910799995,394.68663910799995,394.68663910799995,394.8329060819999,394.8329060819999,394.8329060819999,394.8329060819999,394.8329060819999,394.8329067599999,394.8329067599999,394.8329067599999,394.8329067599999,394.8329067599999,394.8329067599999,394.8329067599999,394.8329067599999,394.8329067599999,394.8329067599999,394.8329067599999,394.8329067599999,394.8329067599999,394.8329067599999,394.8329067599999,394.8329067599999,394.8329067599999,394.8329067599999,394.8329067599999,394.8329067599999,394.8329074379999,394.8329074379999,394.8329074379999,394.8329074379999,394.8329074379999,394.8329074379999,394.8329074379999,394.8329074379999,394.8329074379999,394.8329074379999,394.8329074379999,394.8329074379999,394.8329074379999,394.8329074379999,394.8329074379999,394.8329074379999,394.8329074379999,394.8329074379999,394.8329074379999,394.8329074379999,394.8329074379999,394.8329074379999,394.8329074379999,394.8329074379999,394.8329074379999,394.8329074379999,394.8329074379999,394.8329074379999,394.8329074379999,394.8329074379999,394.8329074379999,394.8329074379999,394.8329074379999,394.8329074379999,394.8329074379999,394.8329074379999,394.8329074379999,394.8329074379999,394.8329074379999,394.8329074379999,394.8329074379999,394.8329074379999,394.8329074379999,394.8329074379999,394.8329074379999,394.8329074379999,394.8329074379999,394.8329074379999,394.8329074379999,394.8329074379999,394.8329074379999,394.8329074379999,394.8329074379999,394.8329074379999,394.8329074379999,394.8329074379999,394.8329074379999,394.8329074379999,394.8329074379999,394.8329074379999,394.8329074379999,394.8329074379999,394.9791737339999,394.9791737339999,394.9791737339999,394.9791737339999,394.9791737339999,394.9791737339999,394.9791737339999,394.9791737339999,394.9791737339999,394.9791737339999,394.9791737339999,394.9791737339999,394.9791737339999,394.9791737339999,394.9791737339999,394.9791737339999,394.9791737339999,394.9791737339999,394.9791737339999,394.9791737339999,394.9791737339999,394.9791737339999,394.9791737339999,394.9791737339999,394.9791737339999,394.9791737339999,394.9791737339999,394.9791737339999,394.9791737339999,394.9791737339999,394.9791737339999,394.9791737339999,394.9791737339999,394.9791737339999,394.9791737339999,394.9791737339999,394.9791737339999,394.9791737339999,394.9791737339999,394.9791737339999,394.9791737339999,394.9791737339999,394.9791737339999,394.9791737339999,394.9791737339999,394.9791737339999,394.9791737339999,394.9791737339999,394.9791737339999,394.9791737339999,394.9791737339999,394.9791737339999,394.9791737339999,394.9791737339999,394.9791737339999,394.9791737339999,394.9791737339999,394.9791744119999,394.9791744119999,394.9791744119999,394.9791744119999,394.9791744119999,394.9791744119999,394.9791744119999,394.9791744119999,394.9791744119999,394.9791744119999,394.9791744119999,394.9791744119999,394.9791744119999,394.9791744119999,394.9791744119999,394.9791744119999,394.9791744119999,394.9791744119999,394.9791744119999,394.9791744119999
14,283.370187462,297.5715788520001,310.639598322,319.77770673000003,322.54452709799995,324.945471546,327.64621810200003,328.82888740199996,330.946341066,332.32972480800004,334.73221848599997,336.324283848,336.35353209,336.801203964,338.643440478,339.021586842,339.70591054799996,340.29691772399997,341.33556151799996,342.17528417999995,342.94261949399987,343.64525258999987,343.8685539239999,344.33451755999994,344.44856190599995,344.68958954999994,344.84330503199993,345.35252845799994,346.236705546,347.02573889399997,347.5566305219999,347.76503551799993,348.44524647599997,348.44524647599997,348.82982705999996,349.2725474999999,349.37894197199995,349.41964705799995,349.6817367719999,349.90733584799995,350.312171004,350.70382787399996,350.70382787399996,351.35236131599993,351.35236131599993,351.35236131599993,351.64839849,352.296423432,353.252482758,353.252482758,353.30535252000004,353.30535252000004,354.44587056000006,354.453241098,354.572889792,355.09837233599995,355.20818325,355.660963854,355.660963854,355.660963854,355.660963854,355.87369855799994,355.87369855799994,356.175747558,356.175747558,356.175747558,356.175747558,356.175747558,356.68550660399995,357.12904674600003,357.12904674600003,357.24031332600003,357.36493040400006,357.62885139599996,357.88028769600004,358.00045845,358.145801988,358.402916538,358.50457653599995,359.852823606,359.907853476,359.907853476,360.04233681,360.320636826,360.62107218599994,360.670570254,360.670570254,360.670570254,360.670570254,360.724534308,360.724534308,361.02111456,361.25385501,361.64146828800006,362.17410034200003,362.17410034200003,362.17410034200003,362.17410034200003,362.358217344,362.358217344,362.358217344,362.358217344,362.84717467199994,362.84717467199994,363.4425441,363.720728856,363.720728856,364.09725005399997,364.09725005399997,364.25951172599997,364.25951172599997,364.35908619599996,364.79131322999996,364.79131322999996,365.37442848599994,365.37442848599994,365.37442848599994,365.390476746,365.390476746,365.55270384000005,365.55270384000005,365.97309774,365.97309774,365.97309774,365.97309774,365.97309774,365.97309774,365.97309774,366.16927297200004,366.366425202,366.549272988,366.998277132,366.998277132,366.998277132,367.078245198,367.24032313200007,367.554886656,367.81273547999996,367.81273547999996,368.184302532,368.184302532,368.33375339400004,368.33375407200003,368.97625263599997,368.99303042400004,369.413426358,369.413426358,369.413426358,369.413426358,369.41342907,369.41342907,370.008700188,370.441774722,370.441774722,371.26799976000007,371.610444,371.610444,372.295541982,372.295541982,372.295541982,372.56441508600005,372.618381852,372.618381852,372.618381852,372.63509319600007,372.63509319600007,372.63509319600007,373.0840966620001,373.0840966620001,373.23036092400014,373.55763016800006,373.7529897659999,373.94764356600007,374.52208516800005,374.52208516800005,375.426310716,375.426310716,375.426310716,375.426310716,375.6797884740001,375.706271154,376.42523116800004,376.845625746,377.726732172,377.726732172,377.771390676,377.771390676,377.771390676,377.771390676,377.771390676,377.8042133340001,378.23644172400003,378.526458936,378.59591800199996,378.73813053599997,378.93278637,379.12896499199996,380.06667831600004,380.06667831600004,380.06667831600004,380.290892916,380.43715989000003,380.43715989000003,380.57937106800006,380.57937106800006,380.57937106800006,380.57937106800006,380.57937106800006,380.60579544000007,380.60579544000007,380.752059702,380.97627701399995,381.58125573599995,381.58125573599995,381.58125573599995,381.58125573599995,381.58125573599995,381.58125573599995,381.777430968,381.777430968,381.777430968,381.777430968,381.777430968,381.77743164599997,381.77743164599997,381.77743164599997,381.77743164599997,381.77743164599997,381.77743164599997,381.77743164599997,381.973606878,382.11986978400006,382.11986978400006,382.11986978400006,382.266134046,382.266134046,382.266134046,382.266134046,382.266134046,382.266134046,382.266134046,382.32366234600005,382.32366234600005,382.32366234600005,382.32366234600005,382.97645498399993,383.349448548,383.349448548,383.349448548,383.349448548,383.349448548,383.349448548,383.349448548,384.06841398599994,384.06841398599994,384.06841398599994,384.06841398599994,384.06841398599994,384.06841398599994,385.012840866,385.012840866,385.012840866,385.012840866,385.012840866,385.012840866,385.012840866,385.012840866,385.209018132,385.209018132,385.209018132,385.209018132,385.209018132,385.209018132,385.209018132,385.209018132,385.209018132,385.20902084399995,385.20902084399995,385.48720424399994,385.48720424399994,385.9194326339999,385.9194326339999,386.226224244,386.226224244,386.3684360999999,386.3684360999999,386.51469900599994,386.51469900599994,386.97380806199993,386.97380806199993,386.97380806199993,386.97380806199993,387.1200743579999,387.1200743579999,387.1200743579999,387.1200743579999,387.1200743579999,387.1200743579999,387.1200743579999,387.1200743579999,387.344297094,387.344297772,387.344297772,387.686739978,387.82895251199994,387.82895251199994,387.82895251199994,387.82895251199994,387.82895251199994,387.82895251199994,387.82895251199994,387.975216774,387.975216774,387.975216774,387.97521813,387.97521813,387.97521813,387.97521813,387.97521813,387.975220842,387.975220842,387.975220842,387.975220842,387.975220842,387.975220842,387.975220842,387.975220842,387.975220842,387.975220842,387.975220842,387.975222198,387.975222198,387.975222198,387.975222198,387.975222198,387.97522490999995,387.97522490999995,387.97522490999995,387.97522490999995,387.97522490999995,387.97522490999995,387.97522490999995,387.97522490999995,387.97522490999995,387.97522490999995,388.12148985,388.17901543799996,388.17901543799996,388.17901543799996,388.32527834399997,388.47337862999996,388.47337862999996,388.47337862999996,388.47337862999996,388.47337930799995,389.26483040399995,389.26483040399995,389.26483040399995,389.26483040399995,389.26483040399995,389.40704225999997,389.40704225999997,389.40704225999997,389.40704225999997,389.40704225999997,389.40704225999997,389.40704225999997,389.40704225999997,389.40704225999997,389.40704225999997,389.40704293799996,389.40704293799996,389.40704293799996,389.40704293799996,389.40704293799996,389.40704293799996,389.407046328,389.40704904,389.40704904,389.40704904,389.40705446399994,389.40705446399994,389.4645841199999,389.4645841199999,389.4645841199999,389.4645841199999,389.4645841199999,389.4645841199999,389.4645868319999,389.4645868319999,389.6108524499999,389.6108524499999,389.6108524499999,389.6108524499999,389.6108524499999,389.75306498399993,389.89527616199996,389.89527616199996,389.89527616199996,389.89527616199996,389.89527616199996,389.89527616199996,389.89527616199996,390.041543136,390.393530226,390.393530226,390.68605739399993,390.68605739399993,390.68605739399993,390.68605739399993,390.686059428,390.686059428,390.83232368999995,390.97858659599996,390.97858659599996,390.97858659599996,391.17832404,391.17832404,391.1783274299999,391.1783274299999,391.1783274299999,391.1783274299999,391.178330142,391.3245944039999,391.3245944039999,391.3245944039999,391.3245944039999,391.3245944039999,391.3245944039999,391.3245944039999,391.3245944039999,391.32459575999997,391.47086002199995,391.47086002199995,391.47086002199995,391.47086002199995,391.47086002199995,391.47086002199995,391.47086002199995,391.47086341199997,391.47086341199997,391.47086680199993,391.47086680199993,391.47086680199993,391.47086680199993,391.47086680199993,391.4708674799999,391.470868836,391.470868836,391.51552598399996,391.51552598399996,391.51552598399996,391.66179227999993,391.66179227999993,391.66179227999993,391.66179227999993,391.66179227999993,391.886009592,391.886009592,391.886009592,391.886009592,391.886009592,392.02822212599995,392.02822212599995,392.02822212599995,392.028224838,392.028224838,392.028224838,392.028224838,392.028224838,392.02822755,392.02822755,392.02822755,392.02822755,392.02822755,392.02822755,392.02822755,392.02822755,392.02822755,392.02822755,392.02822755,392.02822755,392.174491812,392.320756074,392.320756074,392.320756074,392.320756074,392.320756074,392.320756074,392.320756074,392.320756074,392.320756074,392.320756074,392.320756074,392.320756074,392.320756074,392.320756074,392.320756074,392.320756752,392.37472351799994,392.37472351799994,392.37472351799994,392.37472351799994,392.37472351799994,392.37472351799994,392.51693537399996,392.51693537399996,392.51693537399996,392.51693537399996,392.51693537399996,392.51693537399996,392.51693537399996,392.51693537399996,392.51693537399996,392.51693537399996,392.51693537399996,392.51693537399996,392.65914655200004,392.6591472299999,392.6591472299999,392.6591472299999,392.6591472299999,392.6591472299999,392.6591472299999,392.6591472299999,392.6591472299999,392.6591472299999,392.6591472299999,392.65914994199994,392.80541623799996,392.80541623799996,392.80541623799996,392.80541623799996,392.80541623799996,392.80541623799996,392.80541623799996,392.80541623799996,392.80541623799996,392.80541623799996,392.80541623799996,392.94762877200003,392.94762877200003,392.94762877200003,392.94762877200003,392.94762877200003,392.94762877200003,392.94762877200003,392.94762877200003,392.94762877200003,392.94762877200003,392.94762877200003,392.94762877200003,392.94762877200003,392.94762877200003,392.94762877200003,392.94763080599995,392.94763080599995,392.94763080599995,392.94763080599995,392.94763080599995,392.947631484,392.947631484,392.94763216199993,392.94763216199993,392.94763216199993,392.94763216199993,392.94763216199993,392.94763216199993,392.94763216199993,392.94763216199993,393.08984469599994,393.08984469599994,393.08984469599994,393.08984469599994,393.08984469599994,393.08984740799997,393.08984740799997,393.08984740799997,393.2361143819999,393.2361143819999,393.23611709399995,393.23611709399995,393.2361198059999,393.2361198059999,393.2361198059999,393.2361198059999,393.23612183999995,393.23612183999995,393.23612183999995,393.236124552,393.236124552,393.236124552,393.2361252299999,393.2361252299999,393.2361252299999,393.2361252299999,393.2361252299999,393.2361252299999,393.2361252299999,393.2361252299999,393.2361252299999,393.23612794199994,393.23612794199994,393.23612794199994,393.23612794199994,393.23612794199994,393.23612794199994,393.23612794199994,393.23612794199994,393.23612794199994,393.23612794199994,393.23612794199994,393.23612861999993,393.37834047599995,393.37834047599995,393.37834047599995,393.37834047599995,393.37834115399994,393.37834115399994,393.37834115399994,393.37834183199993,393.524606094,393.524606094,393.524606094,393.524606094,393.524606094,393.524606094,393.524606094,393.524606094,393.524606094,393.524606094,393.67087238999994,393.67087238999994,393.67087238999994,393.67087238999994,393.67087238999994,393.67087238999994,393.67087238999994,393.67087238999994,393.67087238999994,393.67087238999994,393.8171346179999,393.8171346179999,393.8171346179999,393.8171346179999,393.8171346179999,393.8171346179999,393.8171346179999,393.8171346179999,393.8171346179999,393.8171346179999,393.8171346179999,393.8171346179999,393.8171346179999,393.8171346179999,393.81713733,393.81713733,393.81713733,393.81713733,393.81713733,393.81713733,393.81713733,393.96340226999996,393.96340226999996,393.96340226999996,393.96340226999996,393.96340226999996,393.96340226999996,393.96340226999996,393.96340226999996,393.96340498199993,393.96340498199993,393.96340498199993,393.96340498199993,393.96340498199993,393.96340498199993,394.109667888,394.10967127799995,394.10967127799995,394.10967127799995,394.1096733119999,394.1096733119999,394.1096733119999,394.1096733119999,394.1096733119999,394.1096733119999,394.1096733119999,394.1096733119999,394.1096733119999,394.1096733119999,394.1096733119999,394.1096733119999,394.1096733119999,394.1096733119999,394.1096733119999,394.1096733119999,394.1096733119999,394.1096733119999,394.1096733119999,394.109675346,394.109675346,394.109675346,394.109675346,394.109675346,394.109675346,394.109675346,394.109675346,394.109675346,394.109675346,394.109675346,394.109675346,394.109675346,394.109675346,394.109675346,394.109675346,394.109678058,394.109678058,394.109678058,394.109678058,394.109678058,394.109678058,394.109678058,394.25594232,394.25594232,394.25594232,394.25594232,394.25594232,394.25594232,394.25594232,394.25594232,394.25594232,394.25594232,394.25594232,394.25594232,394.25594299799997,394.25594299799997,394.25594299799997,394.25594299799997,394.25594299799997,394.25594299799997,394.25594299799997,394.25594299799997,394.39815417599993,394.39815417599993,394.39815417599993,394.39815417599993,394.39815417599993,394.39815417599993,394.39815417599993,394.39815417599993,394.39815417599993,394.39815417599993,394.39815417599993,394.39815417599993,394.39815417599993,394.39815417599993,394.39815417599993,394.54442115,394.54442115,394.54442115,394.54442115,394.54442115,394.54442115,394.54442115,394.54442115,394.54442115,394.54442115,394.6866330059999,394.6866330059999,394.6866330059999,394.6866330059999,394.6866330059999,394.6866330059999,394.6866330059999,394.6866330059999,394.6866330059999,394.6866330059999,394.6866330059999,394.83289591199997,394.83289591199997,394.83289591199997,394.83289591199997,394.83289591199997,394.83289591199997,394.83289591199997,394.83289862399994,394.83289862399994,394.83289862399994,394.83289862399994,394.83289862399994,394.97916559799995,394.97916559799995,394.97916559799995,394.97916559799995,394.97916559799995,394.97916559799995,394.9791662759999,394.9791662759999,394.9791662759999,394.9791662759999,394.9791662759999,394.9791662759999,394.9791662759999,394.9791662759999,394.9791662759999,394.9791662759999,394.9791662759999,394.9791662759999,394.9791662759999,394.9791662759999,394.9791662759999,394.9791662759999,394.9791662759999,394.97916763199987,394.97916763199987,394.97916763199987,394.97916763199987,394.97916763199987,394.97916763199987,394.97916763199987,394.97916763199987,394.97916763199987,394.97916763199987,394.97916763199987,394.97916763199987,394.97916763199987,394.97916763199987,394.97916763199987,394.97916763199987,394.97916763199987,394.97916763199987,395.1254318939999,395.1254318939999,395.1254318939999,395.1254318939999,395.1254318939999,395.1254318939999,395.1254318939999,395.1254318939999,395.1254318939999,395.1254318939999,395.1254318939999,395.1254318939999,395.1254318939999,395.1254318939999,395.1254318939999,395.1254318939999,395.1254318939999,395.1254318939999,395.1254318939999,395.1254318939999,395.1254318939999,395.1254318939999,395.1254318939999,395.1254318939999,395.1254318939999,395.1254318939999,395.1254318939999,395.1254318939999,395.1254318939999,395.1254318939999,395.1254318939999,395.1254318939999,395.1254318939999,395.1254318939999,395.1254318939999,395.1254318939999,395.1254318939999,395.1254318939999,395.1254318939999,395.1254318939999,395.1254318939999,395.1254318939999,395.1254318939999,395.1254318939999,395.1254318939999,395.1254318939999,395.1254318939999,395.1254318939999,395.1254318939999,395.1254318939999,395.1254318939999,395.1254318939999,395.1254318939999,395.1254318939999,395.1254318939999,395.1254318939999,395.1254318939999,395.1254318939999,395.1254318939999,395.1254318939999,395.1254318939999,395.1254318939999,395.1254318939999,395.1254318939999,395.1254318939999,395.1254318939999,395.1254318939999,395.1254318939999,395.1254318939999,395.1254318939999,395.1254318939999,395.1254318939999,395.2716968339999,395.2716968339999,395.2716968339999,395.2716968339999,395.2716968339999,395.27169954599987,395.27169954599987,395.27169954599987,395.27169954599987,395.27169954599987,395.27169954599987,395.27169954599987,395.27169954599987,395.27169954599987,395.27169954599987,395.27169954599987,395.27169954599987,395.27169954599987,395.27169954599987,395.27169954599987,395.27169954599987,395.27169954599987,395.27169954599987,395.27169954599987,395.27169954599987,395.27169954599987,395.27169954599987,395.27169954599987,395.27169954599987,395.27169954599987,395.27169954599987,395.27169954599987,395.27169954599987,395.27169954599987,395.27169954599987,395.27169954599987,395.27169954599987,395.27169954599987,395.27169954599987,395.27169954599987,395.27169954599987,395.27169954599987,395.27169954599987,395.27169954599987,395.27169954599987,395.27169954599987,395.27169954599987,395.27169954599987,395.27169954599987,395.27169954599987,395.27169954599987,395.2717002239999,395.2717002239999,395.2717002239999,395.2717002239999,395.2717002239999,395.2717002239999,395.2717002239999,395.2717002239999,395.2717002239999,395.2717002239999,395.2717002239999,395.2717002239999,395.2717002239999,395.2717002239999,395.2717002239999,395.2717002239999,395.2717002239999,395.2717002239999,395.2717002239999,395.2717002239999,395.2717002239999,395.2717002239999,395.2717002239999,395.2717002239999,395.2717002239999,395.2717002239999,395.2717002239999,395.2717002239999,395.2717002239999,395.2717002239999,395.2717002239999,395.2717002239999,395.2717002239999,395.2717002239999,395.2717002239999,395.2717002239999,395.2717002239999,395.2717002239999,395.2717002239999,395.2717002239999,395.2717002239999,395.2717002239999,395.2717002239999,395.2717002239999,395.2717002239999,395.2717002239999
15,278.452128012,298.86470181,306.728583798,312.77812965,317.996358006,320.286255546,321.80250965999994,327.29626772399996,329.27548532400004,331.19045632200005,332.427632754,334.97318511,335.881409502,337.445337864,337.713421098,338.76679105200003,339.72189033,339.72189033,340.55130535800004,342.6621892020001,344.38282777200004,344.923966692,344.923966692,347.3620791000001,348.148061448,348.933186126,349.1161179840001,349.88571781800005,350.92822689,351.87263885400006,351.87263885400006,352.2841380720001,353.23394420400007,353.23394420400007,354.77222450400006,355.41961212600006,355.433340948,355.547328342,355.687082448,356.077105338,356.132912196,356.51013037800004,356.51013037800004,357.51826756200006,357.8266768800001,357.95793835800004,359.02298008200006,359.082391866,359.16048255000004,359.772717906,359.772717906,359.772717906,359.772717906,359.772717906,359.888679636,359.888679636,360.01975263,360.44063401200003,360.850825368,360.904795524,360.904795524,361.500500562,361.500500562,361.75342914,361.75342914,361.98093203999997,362.06013871199997,362.06013871199997,362.06513625,362.06513625,362.6288695200001,362.6288695200001,363.18033505799997,363.434267754,363.434267754,363.434267754,363.434267754,363.434267754,363.434267754,364.42415860200003,364.42415860200003,364.566368424,364.933508136,365.085810666,365.085810666,365.085810666,365.085810666,365.5062066000001,365.5062066000001,365.5062066000001,365.5062066000001,365.70238522200003,365.70238522200003,365.70238522200003,365.907992112,365.907992112,366.47788501200006,366.5316076980001,366.53970234,366.894193284,366.894193284,366.894193284,367.50993729000004,367.83720789000006,368.302260972,368.65015361999997,368.65015361999997,368.65015361999997,368.65015361999997,368.66081991600004,368.66081991600004,368.66081991600004,368.66081991600004,368.708676546,368.859155934,368.99406437400006,369.7852917300001,370.2042279300001,370.2042279300001,370.9901689200001,371.0451987900001,371.0451987900001,371.56421253600007,371.56421253600007,371.56421253600007,371.56421253600007,371.56421253600007,371.56421253600007,371.56421253600007,371.56421253600007,371.56421253600007,371.56421253600007,371.56421253600007,372.2345884260001,372.380851332,372.702026034,372.90383680199994,372.903838836,372.903838836,372.903838836,372.9797565299999,372.9797565299999,372.9797565299999,373.43847099,373.43847099,373.43847099,373.44441908400006,373.44441908400006,373.45219845599996,374.0464200300001,374.13739068,374.13739068,374.425893918,374.798886126,374.798886126,374.798886126,374.798886126,374.798886126,374.798886126,374.798886126,375.064266852,375.40670905800005,375.88463058,375.99541306800006,376.0158873120001,376.0158873120001,376.738132914,377.37059707800006,377.37059707800006,377.6985273720001,377.6985273720001,377.6985273720001,377.6985273720001,377.6985273720001,377.6985273720001,377.6985273720001,377.6985273720001,377.75249278200005,378.0358161000001,378.6547446720001,378.6547446720001,378.94475985,378.94475985,378.983428902,378.983428902,378.98342958000006,378.98342958000006,379.00020465600005,379.2027219,379.2027219,379.2027219,379.34493240000006,379.34493240000006,379.34493240000006,379.34493240000006,379.344937824,379.344937824,379.56915310200003,379.62667936799994,379.62667936799994,379.62667936799994,380.05890911399996,380.11393898399996,380.11393898399996,380.16790778399996,380.16790778399996,380.310117606,380.5834139820001,380.5834139820001,380.5834139820001,380.58341465999996,381.43400701800005,381.77644922400003,382.012500348,382.070027292,382.26620320200004,382.26620320200004,382.26620320200004,382.26620320200004,382.87330677600005,382.87330677600005,383.019569682,383.019569682,383.019569682,383.019569682,383.019569682,383.019569682,383.416534614,383.5628043,383.5628043,383.7050148000001,383.7050148000001,383.7050148000001,383.92567125600004,383.92567125600004,384.21819978,384.21819978,384.36446539800005,384.36446539800005,384.36446539800005,384.36446675400003,384.36446675400003,384.706907604,384.706907604,384.84911946000005,384.84911946000005,384.84911946000005,384.99538236600006,384.99538236600006,385.141646628,385.141646628,385.28791156799997,385.4029613880001,385.99822843800007,385.99822843800007,385.99822843800007,385.99822843800007,386.19440706,386.430458862,386.58459199200007,386.58459199200007,386.58459199200007,386.58459199200007,386.58459199200007,386.58459199200007,386.58459199200007,386.87307217800003,386.87307217800003,387.01933508400003,387.01933508400003,387.215510316,387.21551099400006,387.21551099400006,387.2155143840001,387.2155143840001,387.4937004960001,387.493703886,387.639970182,387.639970182,387.639970182,387.639970182,387.639970182,387.639970182,387.639970182,387.639970182,387.639970182,387.6399742500001,387.6399742500001,387.63997764,387.6399783180001,387.7862452920001,387.7862452920001,387.7862480040001,387.78625071600004,387.78625071600004,388.39123215000006,388.39123215000006,388.39123215000006,388.39123215000006,388.39123486200003,388.39123486200003,388.537499124,388.537499124,388.6797109800001,388.67971165800003,388.67971165800003,388.67971165800003,388.67971165800003,388.95789641400006,388.95789641400006,388.95789641400006,388.95789641400006,388.95789641400006,388.95789641400006,389.196856158,389.196856158,389.196856158,389.196856158,389.196856158,389.1968588700001,389.19686158200005,389.19686158200005,389.19686158200005,389.485337022,389.485337022,389.485337022,389.62754820000004,389.62754820000004,389.62754820000004,389.62754820000004,389.62754820000004,389.62754820000004,389.7697600560001,390.05977726800006,390.05977726800006,390.05977726800006,390.05977726800006,390.05977726800006,390.05977726800006,390.05977726800006,390.05977726800006,390.20604492000007,390.20604492000007,390.20604492000007,390.352313928,390.352313928,390.352313928,390.49857819,390.787055664,391.06274199,391.209007608,391.209007608,391.209007608,391.266541332,391.26654404399994,391.26654404399994,391.26654404399994,391.26654404399994,391.26654404399994,391.49076271199993,391.49076271199993,391.63702832999996,391.63702832999996,391.63702832999996,391.63702832999996,391.63702832999996,391.63702832999996,391.63702832999996,391.63702832999996,391.63702832999996,391.63702832999996,391.63702832999996,391.97541948599996,392.11762930799995,392.11762998599994,392.11762998599994,392.11762998599994,392.11762998599994,392.11762998599994,392.11762998599994,392.11763066399993,392.11763066399993,392.231648568,392.231648568,392.23165060199995,392.23165060199995,392.231653992,392.231653992,392.231653992,392.231653992,392.231653992,392.231653992,392.231653992,392.37791960999994,392.37791960999994,392.37791960999994,392.37791960999994,392.37791960999994,392.37791960999994,392.3779202879999,392.52418319399993,392.52418319399993,392.52418319399993,392.52418319399993,392.52418319399993,392.52418319399993,392.67044948999995,392.67044948999995,392.67044948999995,392.67044948999995,392.67044948999995,392.67044948999995,392.67044948999995,392.67044948999995,392.67044948999995,392.67044948999995,392.67044948999995,392.67044948999995,392.67045016799995,392.8167164639999,392.8167164639999,392.8167178199999,392.8167178199999,392.8167178199999,392.8167178199999,392.8167178199999,392.8167178199999,392.8167178199999,392.8167178199999,392.8167178199999,392.8167178199999,392.96298276,392.96298276,392.96298276,392.96298276,392.96298276,392.96298276,392.96298276,392.96298276,392.96298411600003,392.96298411600003,392.96298411600003,392.96298411600003,392.96298411600003,392.96298411600003,392.96298411600003,392.96298411600003,392.96298411600003,392.96298411600003,392.96298411600003,392.96298411600003,393.109247022,393.109247022,393.109247022,393.109247022,393.109247022,393.109247022,393.10924837799996,393.10924837799996,393.10924973399995,393.10924973399995,393.10924973399995,393.10924973399995,393.10924973399995,393.10924973399995,393.10924973399995,393.10924973399995,393.10924973399995,393.10924973399995,393.10924973399995,393.251459556,393.251459556,393.25146294599995,393.25146294599995,393.25146294599995,393.25146294599995,393.25146294599995,393.25146294599995,393.25146294599995,393.2550238019999,393.2550238019999,393.2550238019999,393.2550238019999,393.2550238019999,393.2550238019999,393.2550238019999,393.2550238019999,393.2550238019999,393.2550238019999,393.2550238019999,393.2550238019999,393.2550238019999,393.2550251579999,393.2550251579999,393.25502583599996,393.25502583599996,393.25502583599996,393.25502583599996,393.25502583599996,393.25502583599996,393.25502583599996,393.25502583599996,393.25502583599996,393.30898988999996,393.30898988999996,393.30898988999996,393.30898988999996,393.5715236939999,393.5715236939999,393.713738262,393.713738262,393.90991620599993,393.90991620599993,393.90991620599993,393.90991620599993,393.90991620599993,394.0521267059999,394.1983936799999,394.1983936799999,394.1983936799999,394.1983936799999,394.1983936799999,394.1983936799999,394.1983936799999,394.344655908,394.344655908,394.344655908,394.402178784,394.402178784,394.402178784,394.402178784,394.402178784,394.402178784,394.402178784,394.402178784,394.402178784,394.402178784,394.40218149599997,394.40218149599997,394.40218149599997,394.40218149599997,394.40218149599997,394.40218149599997,394.40218149599997,394.40218149599997,394.40218149599997,394.40218420799994,394.40218420799994,394.40218420799994,394.40218420799994,394.40218420799994,394.40218420799994,394.40218420799994,394.40218420799994,394.40218420799994,394.40218420799994,394.40218759799995,394.5484532159999,394.5484532159999,394.5484532159999,394.5484532159999,394.5484532159999,394.5484532159999,394.5484532159999,394.5484532159999,394.5484532159999,394.5484532159999,394.5484532159999,394.5484532159999,394.5484532159999,394.5484532159999,394.54845524999996,394.54845524999996,394.54845524999996,394.54845524999996,394.54845524999996,394.54845524999996,394.54845524999996,394.54845524999996,394.54845524999996,394.54845524999996,394.54845524999996,394.54845524999996,394.54845524999996,394.54845524999996,394.54845524999996,394.54845524999996,394.54845524999996,394.54845524999996,394.54845524999996,394.54845524999996,394.54845524999996,394.54845524999996,394.5484559279999,394.5484559279999,394.54845660599995,394.54845660599995,394.54845660599995,394.54845660599995,394.54845660599995,394.54845660599995,394.54845660599995,394.54845660599995,394.6906684619999,394.6906684619999,394.6906684619999,394.6906684619999,394.6906684619999,394.6906684619999,394.6906684619999,394.6906684619999,394.6906684619999,394.6906684619999,394.6906684619999,394.6906684619999,394.6906684619999,394.6906684619999,394.6906684619999,394.6906684619999,394.6906684619999,394.6906684619999,394.6906684619999,394.6906684619999,394.6906684619999,394.6906684619999,394.6906684619999,394.69067117400004,394.69067117400004,394.69067117400004,394.69067117400004,394.69067117400004,394.69067117400004,394.69067117400004,394.69067117400004,394.6906718519999,394.6906718519999,394.6906718519999,394.69067253000003,394.69067253000003,394.69067253000003,394.69067253000003,394.69067253000003,394.69067253000003,394.69067253000003,394.690673886,394.690673886,394.690673886,394.690673886,394.690673886,394.690673886,394.690673886,394.690673886,394.690673886,394.690673886,394.690673886,394.690673886,394.690673886,394.690673886,394.690676598,394.690676598,394.690676598,394.690676598,394.690676598,394.690676598,394.690676598,394.690676598,394.690676598,394.690676598,394.690676598,394.690676598,394.690676598,394.690676598,394.690676598,394.690676598,394.69067930999995,394.69067930999995,394.69067930999995,394.69067930999995,394.69067930999995,394.69067930999995,394.69067930999995,394.69067930999995,394.69067930999995,394.69067930999995,394.69067930999995,394.69067930999995,394.69067930999995,394.69067930999995,394.69067930999995,394.69067930999995,394.69067930999995,394.8369456059999,394.9791601739999,394.9791601739999,394.9791601739999,394.9791601739999,394.9791601739999,394.9791601739999,395.1254230799999,395.1254230799999,395.1254230799999,395.1254230799999,395.1254230799999,395.1254230799999,395.1254230799999,395.1254230799999,395.1254230799999,395.1254230799999,395.1254230799999,395.1254230799999,395.1254230799999,395.1254257919999,395.1254257919999,395.1254257919999,395.1254257919999,395.1254257919999,395.1254257919999,395.1254257919999,395.1254257919999,395.1254257919999,395.1254257919999,395.1254257919999,395.1254257919999,395.1254257919999,395.1254257919999,395.1254257919999,395.1254257919999,395.1254257919999,395.1254257919999,395.1254257919999,395.27168869799993,395.27168869799993,395.27168869799993,395.27168869799993,395.27168869799993,395.27168869799993,395.27168869799993,395.27168869799993,395.27168869799993,395.27168869799993,395.27168869799993,395.27168869799993,395.27168869799993,395.27168869799993,395.27168869799993,395.27168869799993,395.27168869799993,395.27168869799993,395.27168869799993,395.27168869799993,395.27168869799993,395.27168869799993,395.27168869799993,395.27168869799993,395.27168869799993,395.27168869799993,395.27168869799993,395.27168869799993,395.27168869799993,395.27168869799993,395.27168869799993,395.27168869799993,395.27168869799993,395.27168869799993,395.27168869799993,395.27168869799993,395.27168869799993,395.27168869799993,395.27168869799993,395.27168869799993,395.27168869799993,395.27168869799993,395.27168869799993,395.27168869799993,395.27168869799993,395.27168869799993,395.27168869799993,395.27168869799993,395.27168869799993,395.27168869799993,395.27168869799993,395.27168869799993,395.27168869799993,395.27168869799993,395.27168869799993,395.27168869799993,395.27168869799993,395.27168869799993,395.27168869799993,395.27168869799993,395.27168869799993,395.27168869799993,395.27168869799993,395.27168869799993,395.27168869799993,395.27168869799993,395.27168869799993,395.27168869799993,395.27168869799993,395.27168869799993,395.27168869799993,395.27168869799993,395.27168869799993,395.27168869799993,395.27168869799993,395.27168869799993,395.27168869799993,395.27168869799993,395.27168869799993,395.27168869799993,395.27168869799993,395.27168869799993,395.27168869799993,395.27168869799993,395.27168869799993,395.27168869799993,395.27168869799993,395.27168869799993,395.27168869799993,395.27168869799993,395.27168869799993,395.2716920879999,395.2716920879999,395.2716920879999,395.2716927659999,395.2716927659999,395.2716927659999,395.2716927659999,395.2716927659999,395.2716927659999,395.2716927659999,395.2716927659999,395.2716927659999,395.2716927659999,395.2716927659999,395.2716927659999,395.2716927659999,395.2716927659999,395.2716927659999,395.2716927659999,395.2716927659999,395.2716927659999,395.2716927659999,395.2716927659999,395.2716947999999,395.2716947999999,395.2716947999999,395.2716947999999,395.2716947999999,395.2716954779999,395.2716954779999,395.2716954779999,395.2716954779999,395.2716954779999,395.2716954779999,395.2716954779999,395.2716954779999,395.2716954779999,395.2716954779999,395.2716954779999,395.2716954779999,395.2716954779999,395.2716954779999,395.2716954779999,395.2716954779999,395.2716954779999,395.2716954779999,395.2716954779999,395.2716954779999,395.2716954779999,395.2716954779999,395.2716954779999,395.2716954779999,395.2716954779999,395.2716954779999,395.2716954779999,395.2716954779999,395.2716954779999,395.2716954779999,395.2716954779999,395.2716954779999,395.2716954779999,395.2716954779999,395.2716954779999,395.2716954779999,395.2716954779999,395.2716954779999,395.2716954779999,395.2716954779999,395.2716954779999,395.2716954779999,395.2716954779999,395.2716954779999,395.2716954779999,395.2716954779999,395.2716954779999,395.2716954779999,395.2716954779999,395.2716954779999,395.2716954779999,395.2716954779999,395.2716954779999,395.2716954779999,395.2716954779999,395.2716954779999,395.27169886799993,395.27169886799993,395.27169886799993,395.27169886799993,395.27169886799993,395.27169886799993,395.27169886799993,395.27169886799993,395.27169886799993,395.27169886799993,395.27169886799993,395.27169886799993,395.27169886799993,395.27169886799993,395.27169886799993,395.27170157999996,395.27170157999996,395.27170157999996,395.27170157999996,395.27170157999996,395.27170157999996,395.27170157999996,395.27170157999996,395.27170157999996,395.27170157999996,395.27170157999996,395.27170157999996,395.27170157999996,395.27170157999996,395.27170157999996,395.27170157999996,395.27170157999996,395.27170157999996,395.27170157999996,395.27170157999996,395.27170157999996,395.27170157999996,395.27170157999996,395.27170157999996,395.27170157999996,395.27170157999996,395.27170157999996,395.27170157999996,395.27170157999996,395.27170157999996,395.27170157999996,395.27170157999996,395.27170157999996,395.27170157999996,395.27170157999996,395.27170157999996,395.27170157999996,395.27170157999996,395.27170157999996,395.27170157999996,395.27170157999996,395.27170157999996,395.27170157999996,395.27170157999996,395.27170157999996,395.27170157999996,395.27170157999996,395.27170157999996,395.27170157999996,395.27170157999996,395.27170157999996,395.27170157999996,395.27170157999996,395.27170157999996,395.27170157999996,395.27170157999996,395.27170157999996,395.27170157999996,395.27170157999996,395.27170157999996,395.27170157999996,395.27170157999996,395.27170157999996,395.27170157999996,395.27170157999996,395.27170157999996,395.27170157999996,395.27170157999996,395.27170157999996,395.27170157999996,395.27170157999996,395.27170157999996,395.27170157999996,395.27170157999996,395.27170157999996,395.27170157999996,395.27170157999996,395.27170157999996,395.27170157999996,395.27170157999996
16,274.035659064,299.07563439,309.479001312,315.50150988,318.77619225,321.357852852,325.24429801199994,327.03053443799996,327.426555594,328.53920851199996,331.402117752,332.11843221000004,333.446311482,334.254916656,335.75690904000004,337.26188598,337.419099942,338.55521640600006,339.945230988,340.249731636,341.6627772,343.19058917999996,343.91850625199993,344.08971481199995,344.32265934,344.32265934,344.32265934,344.896273782,345.361892994,345.908440998,346.142322522,346.142322522,346.142322522,346.24241701799997,347.15219674199994,347.78341880999994,348.37915164599997,348.48372094199993,349.40277434999996,350.344430922,350.604195096,351.02851325999995,351.146277792,351.146277792,352.211217138,353.565021774,353.738237892,353.738237892,353.99265603599997,353.99265603599997,353.99265603599997,355.34018713800003,355.74113532,355.74113532,355.74113532,355.74113532,356.139973566,356.139973566,356.23668484200005,356.50934322,356.758472286,356.93519298600006,356.93519298600006,356.93519298600006,356.93519298600006,356.93519298600006,357.14079580799995,357.14079580799995,357.38477614199996,357.654517086,358.233967752,358.383422682,358.75318422,358.759524876,358.905304368,359.642722932,359.642722932,359.746622364,360.61928158800004,360.61928158800004,361.321833324,361.321833324,361.321833324,361.377050322,361.436245824,361.436245824,361.436245824,361.48483672799995,361.81209986999994,361.81209986999994,361.81209986999994,361.81209986999994,362.00926905,362.00926905,362.00926905,362.00926905,362.00926905,362.00926905,362.00926905,362.13366374399993,362.36116867799996,362.36116867799996,362.3611713899999,362.3611713899999,362.766556404,362.766556404,362.86589492999997,362.86589492999997,362.9698126679999,362.98169733,363.03632446800003,363.03632446800003,363.28670783399997,363.84157150799996,363.84513033,364.03865593800003,364.03865593800003,364.19097202800003,364.19097202800003,364.19097202800003,364.22488152000005,364.238825268,364.626438546,364.626438546,364.626438546,364.626438546,364.626438546,364.626438546,364.626438546,364.756066044,364.756066044,364.773421488,364.773421488,364.773421488,364.95887415000004,365.50517265,365.50517265,365.50517265,365.66534608200004,365.94353355,365.94353355,365.94353355,365.94353355,366.431329464,366.431329464,366.431329464,366.43202712600004,366.87747041399996,367.25736940799993,367.25736940799993,367.61787217799997,367.61787217799997,367.61787217799997,367.61787217799997,367.61787217799997,367.61787217799997,367.61787217799997,368.337532566,368.337532566,368.337532566,368.337532566,368.41391401199996,369.612151548,369.612151548,370.14478360199996,370.34096357999994,370.34096357999994,370.78556750399997,370.78556750399997,371.06374751399994,371.08046089199996,371.08046089199996,371.55718303199995,371.55718303199995,371.55718303199995,371.55718303199995,371.55718303199995,371.81971683599994,371.81971683599994,371.9619280139999,371.9619280139999,372.00658651799995,372.00658651799995,372.00658651799995,372.00658651799995,372.00728418,372.00728418,372.00728418,372.00728418,372.00728418,372.26981662799994,372.29584775999996,372.29584775999996,372.29584775999996,372.29584775999996,372.29584775999996,372.69926521799994,372.751456302,372.751456302,372.751456302,373.02964241399997,373.318120566,373.318120566,373.318120566,373.460331744,373.460331744,373.60254563399997,373.79872493400006,373.88647576200003,373.923726438,374.00705195999996,374.00705195999996,374.4803502,374.4803502,374.4803502,375.09609691799994,375.09609691799994,375.77489085599996,375.77489085599996,375.77489085599996,375.791662542,375.791662542,375.791662542,376.22215050600005,376.512167718,376.512167718,376.512167718,376.512167718,376.512167718,376.854611958,377.16140492399995,377.16140492399995,377.16140492399995,377.439590358,377.439590358,377.439590358,377.81255409000005,377.81255409000005,377.81255409000005,377.81255409000005,377.81255409000005,377.81255409000005,377.81255409000005,378.01229085600005,378.01229085600005,378.01229085600005,378.01229085600005,378.60939731999997,378.60939731999997,378.60939731999997,378.60939731999997,378.60939731999997,379.11693591599993,379.11693591599993,379.88212942799987,379.88212942799987,380.0243392499999,380.0243392499999,380.0243392499999,380.0243392499999,380.0243392499999,380.3667848459999,380.3667848459999,380.3667848459999,380.3667848459999,380.68684898400005,380.68684898400005,380.68684898400005,380.68684898400005,380.975324424,380.975324424,381.121595466,381.121595466,381.121595466,381.121595466,381.175564266,381.175564266,381.175564266,381.175564266,381.175564266,381.317775444,381.60779401199994,381.980787576,381.980787576,381.98712551999995,381.98712551999995,382.553785716,382.553785716,382.611310626,382.611310626,382.611310626,382.611310626,382.91209041,382.91209041,382.91209041,383.136306366,383.136306366,383.136306366,383.136306366,383.136306366,383.741288478,383.741288478,383.741288478,383.741289156,383.741289156,383.741289156,383.741290512,383.741290512,383.741290512,383.741290512,384.30795070799996,384.30795070799996,384.30795070799996,384.30795070799996,384.307951386,384.307951386,384.59642682599997,384.59642682599997,384.59642682599997,384.59642682599997,384.59642682599997,384.59642682599997,384.59642682599997,384.59642682599997,384.59642682599997,384.596427504,384.7386393599999,384.7386393599999,384.7386393599999,384.88085189399993,384.88085189399993,384.88085189399993,384.88085189399993,384.88085189399993,384.88085189399993,385.027112766,385.027112766,385.027112766,385.03067497800004,385.03067497800004,385.373117862,385.373117862,385.4270859839999,385.4270859839999,385.4270859839999,385.4270859839999,385.4270859839999,385.4270859839999,385.56929716199994,385.56929716199994,385.56929716199994,385.56929716199994,385.56929716199994,385.56929716199994,386.1359573579999,386.478401598,386.478401598,386.478401598,386.478401598,386.478401598,386.478401598,386.76687771599995,386.76687771599995,386.76687771599995,386.76687771599995,386.76687771599995,386.76687771599995,386.913140622,386.919082614,386.919082614,386.919082614,387.06534755399997,387.06534823199996,387.06534823199996,387.06534823199996,387.06534823199996,387.06534823199996,387.38971631399994,387.389718348,387.389718348,387.5359846439999,387.5359846439999,387.87843023999994,388.08222212399994,388.08222212399994,388.082224158,388.082224158,388.082224158,388.082226192,388.082226192,388.082226192,388.082226192,388.082226192,388.082226192,388.2284890979999,388.2284890979999,388.22849045399994,388.22849045399994,388.64888503199995,388.64888503199995,388.84506297599995,388.99132588199996,388.99132588199996,388.99132588199996,388.99132588199996,388.99132588199996,389.137589466,389.1375901439999,389.1375901439999,389.1375901439999,389.1375901439999,389.1375901439999,389.1375901439999,389.1375901439999,389.2798013219999,389.27980199999996,389.27980199999996,389.27980199999996,389.27980199999996,389.27980199999996,389.884782756,390.031047018,390.031047018,390.031047018,390.177311958,390.177311958,390.6467923799999,390.6467923799999,390.6467923799999,390.6467923799999,390.793058676,390.793058676,390.793058676,390.793058676,390.793058676,390.793058676,390.93932497199995,390.93932497199995,390.93932497199995,390.93932497199995,390.93932497199995,391.08558991199993,391.08558991199993,391.08559194599997,391.08559194599997,391.08559194599997,391.0855926239999,391.0855926239999,391.2912191759999,391.43748411599995,391.43748411599995,391.43748750599997,391.43748750599997,391.437488184,391.437488184,391.437488184,391.437488184,391.437488184,391.437488184,391.437488184,391.437488184,391.437488184,391.437488184,391.437488184,391.437488184,391.437488184,391.437488184,391.57970004,391.57970004,391.57970004,391.57970004,391.57970004,391.57970004,391.57970004,391.57970004,391.57970004,391.57970004,391.57970004,391.57970004,391.57970004,391.57970004,391.6372283399999,391.6372283399999,391.6372283399999,391.6372283399999,391.6372283399999,391.6372283399999,391.6372283399999,391.6372283399999,391.6372283399999,391.944022662,391.944025374,391.9440287639999,391.9440287639999,391.9440287639999,391.9440287639999,391.9440287639999,391.9440287639999,391.9440287639999,391.9440287639999,391.9440287639999,391.9440287639999,392.08624061999996,392.08624061999996,392.08624061999996,392.08624061999996,392.08624061999996,392.08624061999996,392.0862440099999,392.0862440099999,392.0862440099999,392.0862440099999,392.0862440099999,392.0862440099999,392.0862440099999,392.0862440099999,392.22845450999995,392.22845450999995,392.22845450999995,392.22845450999995,392.22845450999995,392.22845450999995,392.22845450999995,392.22845450999995,392.22845450999995,392.22845450999995,392.22845518799994,392.22845518799994,392.22845518799994,392.22845586599993,392.22845586599993,392.22845586599993,392.22845586599993,392.37472216199996,392.37472216199996,392.37472216199996,392.37472216199996,392.37472216199996,392.37472216199996,392.37472216199996,392.37472216199996,392.37472555200003,392.37472555200003,392.37472555200003,392.37472555200003,392.37472555200003,392.37472555200003,392.37472622999996,392.37472622999996,392.37472622999996,392.37472622999996,392.520990492,392.520990492,392.520990492,392.520990492,392.520990492,392.520990492,392.520990492,392.520990492,392.520990492,392.520990492,392.520990492,392.520990492,392.520990492,392.520990492,392.520990492,392.520990492,392.520990492,392.520990492,392.520990492,392.520990492,392.520990492,392.520990492,392.6672567879999,392.6672567879999,392.6672567879999,392.6672567879999,392.81351765999995,392.81351765999995,392.81351765999995,392.81351765999995,392.81351765999995,392.81351765999995,392.81351765999995,392.81351765999995,392.81351765999995,392.81351765999995,392.81351765999995,392.813519016,392.813519016,392.813519016,392.81352172799996,392.81352444,392.81352444,392.81352444,392.81352444,392.81352444,392.81352444,392.81352444,392.81352444,392.81352444,392.813525118,392.813525118,392.813525118,392.813525118,392.813525118,392.813525118,392.813525118,392.813525118,392.9557356179999,392.9557356179999,392.9557356179999,392.9557356179999,392.9557356179999,392.9557356179999,392.9557356179999,392.9557356179999,392.9557356179999,392.9557356179999,392.9557356179999,393.09794679599986,393.09794679599986,393.09794679599986,393.09794679599986,393.09794679599986,393.0979495079999,393.0979495079999,393.0979495079999,393.24016136399996,393.24016136399996,393.3823725419999,393.6708473039999,393.6708473039999,393.6708473039999,393.6708473039999,393.6708473039999,393.6708473039999,393.6708500159999,393.6708500159999,393.6708500159999,393.6708500159999,393.81711427799996,393.81711427799996,393.81711563399995,393.81711563399995,393.8171197019999,393.8171197019999,393.8171197019999,393.8171197019999,393.8171197019999,393.8171197019999,393.8171197019999,393.817122414,393.817122414,393.817122414,393.817122414,393.817122414,393.817122414,393.817122414,393.817122414,393.817122414,393.817122414,393.9633866759999,393.9633866759999,393.9633866759999,393.9633866759999,394.1096516159999,394.1096516159999,394.1096516159999,394.1096516159999,394.1096516159999,394.1096516159999,394.1096516159999,394.10965365,394.10965365,394.10965365,394.10965365,394.10965365,394.10965365,394.10965365,394.10965365,394.10965365,394.10965365,394.10965365,394.10965365,394.10965365,394.109654328,394.109654328,394.25592130199993,394.25592130199993,394.25592130199993,394.25592130199993,394.25592130199993,394.25592130199993,394.25592130199993,394.25592130199993,394.255922658,394.255922658,394.255922658,394.255922658,394.255922658,394.255922658,394.255922658,394.255922658,394.255922658,394.255922658,394.25592333599997,394.25592333599997,394.25592333599997,394.25592333599997,394.25592333599997,394.25592333599997,394.25592333599997,394.25592333599997,394.39813654799997,394.39813654799997,394.39813654799997,394.39813654799997,394.39813654799997,394.39813654799997,394.39813654799997,394.39813654799997,394.39813654799997,394.39813654799997,394.39813654799997,394.39813654799997,394.39813654799997,394.39813654799997,394.39813654799997,394.39813654799997,394.39813654799997,394.39813654799997,394.39813654799997,394.39813654799997,394.39813722599996,394.39813722599996,394.3981406159999,394.3981406159999,394.39814129399997,394.39814129399997,394.39814129399997,394.39814129399997,394.39814129399997,394.39814129399997,394.39814129399997,394.39814129399997,394.39814129399997,394.39814129399997,394.39814671799996,394.39814671799996,394.39814671799996,394.39814671799996,394.39814671799996,394.39814671799996,394.39814671799996,394.39814671799996,394.39814671799996,394.39814671799996,394.39814671799996,394.39814671799996,394.39814671799996,394.39814671799996,394.39814671799996,394.39814671799996,394.39814671799996,394.39814671799996,394.39814671799996,394.39814671799996,394.39814671799996,394.39814671799996,394.39814671799996,394.39814671799996,394.39814671799996,394.39814671799996,394.398148752,394.398148752,394.398148752,394.398148752,394.398148752,394.398148752,394.398148752,394.398148752,394.398148752,394.398148752,394.398148752,394.398148752,394.398148752,394.398148752,394.398148752,394.398148752,394.398148752,394.398148752,394.398148752,394.398148752,394.398148752,394.39815146399997,394.39815146399997,394.39815146399997,394.39815146399997,394.39815146399997,394.39815146399997,394.39815146399997,394.39815146399997,394.39815146399997,394.39815146399997,394.39815214199996,394.39815214199996,394.39815214199996,394.39815214199996,394.544418438,394.544418438,394.544418438,394.544418438,394.544418438,394.544418438,394.544418438,394.5444191159999,394.5444191159999,394.5444191159999,394.5444191159999,394.5444191159999,394.5444191159999,394.5444191159999,394.5444191159999,394.5444191159999,394.5444191159999,394.5444191159999,394.5444191159999,394.5444191159999,394.69068608999993,394.69068608999993,394.69068608999993,394.69068608999993,394.69068608999993,394.69068880199995,394.69068880199995,394.69068880199995,394.69068880199995,394.69068880199995,394.69068880199995,394.69068880199995,394.69068947999995,394.69068947999995,394.69068947999995,394.69068947999995,394.69068947999995,394.69068947999995,394.69068947999995,394.69068947999995,394.69068947999995,394.69068947999995,394.69068947999995,394.69068947999995,394.69068947999995,394.69068947999995,394.69068947999995,394.69068947999995,394.69068947999995,394.69068947999995,394.69068947999995,394.69068947999995,394.69068947999995,394.69068947999995,394.69068947999995,394.69069015799994,394.69069015799994,394.69069015799994,394.69069015799994,394.69069015799994,394.83695238599995,394.83695238599995,394.83695238599995,394.836955098,394.836955098,394.836955098,394.836955098,394.836955098,394.836955098,394.836955098,394.83695577599997,394.83695577599997,394.83695577599997,394.83695577599997,394.83695577599997,394.83695577599997,394.83695577599997,394.83695577599997,394.83695577599997,394.83695577599997,394.83695577599997,394.83695577599997,394.83695645399996,394.83695645399996,394.83695645399996,394.83695645399996,394.83695645399996,394.83695645399996,394.97916491999996,394.97916491999996,394.97916491999996,394.97916491999996,394.97916491999996,394.97916491999996,394.97916491999996,394.97916491999996,394.97916491999996,394.97916491999996,394.97916491999996,394.97916491999996,394.97916491999996,394.97916491999996,394.97916491999996,394.97916491999996,394.97916491999996,394.97916491999996,394.97916491999996,394.97916491999996,394.97916491999996,394.97916491999996,394.97916491999996,394.97916491999996,394.97916491999996,394.97916491999996,394.97916491999996,394.97916491999996,394.97916491999996,394.97916491999996,394.97916491999996,394.97916491999996,394.97916491999996,394.97916491999996,394.97916491999996,395.125431216,395.125431216,395.125431216,395.125431216,395.125431216,395.125431216,395.125431216,395.125431216,395.125431216,395.125431216,395.125431216,395.125431216,395.125431216,395.125431216,395.125431216,395.125431216,395.125431216,395.125431216,395.125431216,395.125431216,395.125431216,395.125431216,395.125431216,395.125431216,395.125431216,395.125431216,395.125431216,395.125431216,395.125431216,395.125431216,395.125431216,395.125431216,395.125431216,395.125431216,395.125431216,395.125431216,395.125431216,395.125431216,395.125431216,395.125431216,395.125431216,395.125431216,395.125431216,395.125431216,395.125431216,395.125431216,395.125431216,395.125431216,395.125431216,395.125431216,395.125431216,395.125431216,395.125431216,395.125431216,395.27169751199995,395.27169751199995,395.27169751199995,395.27169751199995,395.27169751199995,395.27169751199995,395.27169751199995,395.27169751199995,395.27169751199995,395.27169751199995,395.27169751199995,395.27169751199995,395.27169751199995,395.27169751199995
17,276.10862847,293.96489073,302.81117980199997,314.773453818,321.46000439999995,323.544836094,327.935309844,330.775930512,331.430761896,335.12014838999994,337.818382956,340.631893116,341.5060147859999,342.30013313399996,343.80758409599997,344.300680614,345.60605774400005,347.17231029000004,347.50459402199994,347.602564344,347.797323234,348.066163794,348.74807856599995,349.435207836,350.018305464,350.018305464,350.270995386,352.12168045799996,352.37982421199996,352.49776298999996,352.49776298999996,352.56425105999995,353.10982681199994,353.98895008799997,353.99503378199995,354.94523315399994,355.2047627399999,355.2047627399999,355.215134784,355.72638000599994,355.85109132599996,356.15128802999993,356.299555104,356.5696513199999,356.5696513199999,356.5696513199999,356.5696513199999,356.5696513199999,356.5696513199999,356.5696513199999,356.5696513199999,356.5696513199999,356.5696513199999,356.7402157799999,357.03063233399996,357.03063233399996,357.43987177799994,357.89838487199995,357.89838487199995,357.89838487199995,357.89838487199995,358.70036937599997,358.70036937599997,358.70036937599997,358.70036937599997,358.80961958399996,358.80961958399996,358.80961958399996,358.87008430199995,358.87008430199995,358.87008430199995,358.87008430199995,358.87008430199995,358.87008430199995,359.12401225199994,359.12401225199994,359.177975628,359.177975628,359.31209691,359.56916739,359.96035711799993,359.96035711799993,359.96035711799993,360.066053928,360.06605460599997,360.39042336599994,360.39042336599994,360.732494706,360.732494706,361.05976056,361.758430746,361.758430746,361.758430746,361.758430746,361.76457952799996,362.07914373,362.427151638,362.427151638,362.769593844,363.043627206,363.043627206,363.101658582,363.101658582,363.11671425000003,363.11671425000003,363.174241194,363.174241194,363.174241194,363.174241194,363.174241194,363.64097436,364.352368572,364.352368572,364.352368572,364.352368572,364.352368572,364.44012007799995,364.44012007799995,364.44012007799995,364.44012007799995,364.44012007799995,364.44012007799995,364.44012007799995,365.25334989,365.54955113999995,365.54955113999995,365.58787102199994,365.72445208799996,365.72445208799996,365.72445208799996,365.72445208799996,365.72445208799996,366.12182110799995,366.12182110799995,366.12182110799995,366.12182110799995,366.264032964,366.264032964,366.264032964,366.264032964,366.33598435799996,366.59553903,367.128400926,367.5487968599999,367.861786068,367.861786068,367.985478354,368.0140906319999,368.0140906319999,368.0140906319999,368.156302488,368.30187383399993,368.30187383399993,368.30187383399993,368.823516186,369.39017706,370.06054956,370.364949186,370.4005563900001,370.4005563900001,370.728486684,370.728486684,371.01696415799995,371.01696415799995,371.01696415799995,372.152374146,372.152374146,372.5373452580001,372.5373452580001,372.5373452580001,372.540904758,372.589585836,372.589585836,372.73179565800007,373.336775058,373.353552846,373.353552846,373.353552846,373.926251988,374.531232744,374.58031248599997,374.73664708200005,375.17503035600004,375.45321307800003,375.45321307800003,375.45321307800003,375.64939305600006,375.64939305600006,375.801688806,375.801688806,375.801688806,375.997866072,376.024352142,376.024352142,376.0492530480001,376.285302816,376.4315684340001,376.4315684340001,376.4315684340001,376.4315684340001,376.75949805000005,376.75949805000005,377.02837115400007,377.02837115400007,377.02837115400007,377.224549098,377.42428857600004,377.42428857600004,377.47931844600004,377.711808036,377.711808036,378.38746554600004,378.660628356,378.660628356,378.66062971200006,378.66062971200006,379.09285674600005,379.09285674600005,379.09285674600005,379.092860814,379.39965310200006,379.59939461400006,379.8497813700001,379.8497813700001,380.0459593140001,380.3733295800001,380.37333025800007,380.951824944,380.951824944,380.951824944,381.17604090000003,381.37221884400003,381.37221884400003,381.37221884400003,381.625043688,381.625043688,382.24078227000007,382.24078227000007,382.24078227000007,382.64171011200006,382.6417128240001,382.6417128240001,382.6417128240001,382.66813584000005,382.81034566200003,382.95255819600004,383.09882449200006,383.09882449200006,383.25479703600007,383.25479703600007,383.25479703600007,383.25479703600007,383.25479703600007,383.25479703600007,383.47901163600005,383.47901163600005,383.47901163600005,383.47901163600005,383.47901163600005,383.6751902580001,383.6751902580001,383.8713702360001,383.8713702360001,383.8713702360001,384.3168155580001,384.91208667600006,384.91208667600006,385.190270076,385.24423616400003,385.4133307200001,385.4133307200001,385.4133307200001,385.7018061600001,385.7018061600001,385.7018061600001,385.9799909160001,385.9799909160001,386.1262538220001,386.1262538220001,386.1262538220001,386.1262538220001,386.1262538220001,386.1262538220001,386.1262538220001,386.1262538220001,386.2725201180001,386.2725201180001,386.3705995980001,386.3705995980001,386.3705995980001,386.3705995980001,386.3705995980001,386.3705995980001,386.5667795760001,386.5667795760001,386.76651430800007,386.76651430800007,386.76651430800007,386.76651430800007,386.9127812820001,386.9127812820001,386.9127812820001,386.9127812820001,386.91278399400005,386.91278399400005,387.05499585000007,387.2012621460001,387.2012621460001,387.4254767460001,387.4254767460001,387.4254767460001,387.4254767460001,387.4254767460001,387.565948854,387.76212747600005,387.76212747600005,387.9083917380001,388.250834622,388.250834622,388.305863814,388.305863814,388.305863814,388.305863814,388.938255432,388.938255432,388.9382574660001,388.9382574660001,388.9382574660001,388.9382574660001,388.9382574660001,388.9382574660001,388.9382574660001,389.23078666800006,389.23078666800006,389.23078666800006,389.23078802400005,389.23078802400005,389.242621158,389.242621158,389.242621158,389.242621158,389.242621158,389.242621158,389.384835726,389.384835726,389.384835726,389.384835726,389.6733098100001,389.6733098100001,389.6733098100001,389.6733098100001,389.6733098100001,389.6733098100001,389.6733098100001,389.67331252200006,389.67331252200006,389.8975291560001,389.8975291560001,389.8975291560001,390.04379613000003,390.04379613000003,390.04379613000003,390.043797486,390.043797486,390.190061748,390.190061748,390.190061748,390.190061748,390.190061748,390.19006242600005,390.190063104,390.190063104,390.190063104,390.190063104,390.190063104,390.190063104,390.4261128720001,390.4261128720001,390.4261128720001,390.42611558400006,390.42611558400006,390.426116262,390.426116262,390.57238527000004,390.57238527000004,390.57238527000004,390.57238527000004,390.57238527000004,390.76856389200003,390.76856389200003,390.76856389200003,390.76856389200003,390.76856389200003,390.76856389200003,390.9107764260001,390.9107764260001,390.9107764260001,390.9107764260001,390.9107764260001,390.91077981600006,390.91077981600006,390.91077981600006,390.91078117200004,390.91078117200004,390.91078117200004,390.91078117200004,390.91078117200004,390.91078117200004,390.91078117200004,391.106958438,391.10696182800007,391.10696182800007,391.16092656000006,391.16092656000006,391.30719285600003,391.30719285600003,391.307195568,391.307195568,391.30719760200003,391.30719760200003,391.45346389800005,391.50742930800004,391.50742930800004,391.50742930800004,391.50742930800004,391.6496391300001,391.6496391300001,391.6496391300001,391.6496391300001,391.79590407,391.79590407,391.79590407,391.79590407,391.79590407,391.79590407,391.9421710440001,391.9421710440001,391.9421710440001,391.9421710440001,391.94217307800005,391.94217307800005,391.94217307800005,391.94217307800005,391.94217307800005,392.08843801800003,392.08843801800003,392.2306505520001,392.2306505520001,392.37286173000007,392.37286173000007,392.37286173000007,392.37286173000007,392.37286173000007,392.37286173000007,392.37286173000007,392.37286173000007,392.37286173000007,392.37286173000007,392.37286173000007,392.5150742640001,392.5150742640001,392.5150742640001,392.5150742640001,392.5150742640001,392.73929089800004,392.73929089800004,392.73929089800004,392.73929361,392.73929361,392.73929361,392.93547223200005,392.93547223200005,392.93547223200005,392.93547223200005,392.93547223200005,392.93547223200005,392.93547223200005,392.93547223200005,392.93547223200005,392.93547223200005,392.93547223200005,392.93547223200005,392.93547223200005,392.93547223200005,392.93547223200005,392.93547223200005,393.081735138,393.081735138,393.081735138,393.081735138,393.081735138,393.081735138,393.081735138,393.081735138,393.081735138,393.081735138,393.081735138,393.081735138,393.081735138,393.081735138,393.08173784999997,393.08173784999997,393.08173784999997,393.08173784999997,393.08173784999997,393.08173784999997,393.08173784999997,393.08173784999997,393.08173784999997,393.08173784999997,393.08173784999997,393.08173784999997,393.08173784999997,393.08173784999997,393.08173784999997,393.08173784999997,393.08173784999997,393.08173784999997,393.08173784999997,393.08173784999997,393.08173784999997,393.22800414600005,393.22800414600005,393.22800414600005,393.22800414600005,393.22800618,393.22800618,393.22800618,393.22800618,393.228007536,393.228007536,393.228007536,393.228007536,393.228007536,393.228007536,393.228007536,393.228007536,393.228007536,393.228007536,393.228007536,393.228007536,393.228007536,393.228007536,393.228007536,393.228007536,393.228007536,393.37427179800005,393.37427179800005,393.37427179800005,393.37427179800005,393.37427179800005,393.516483654,393.516483654,393.516483654,393.516483654,393.516483654,393.516483654,393.516483654,393.516483654,393.516483654,393.66274452600004,393.66274452600004,393.66274452600004,393.80901082200006,393.80901082200006,393.80901082200006,393.80901285600004,393.80901285600004,393.80901285600004,393.80901285600004,393.80901285600004,393.80901285600004,393.80901285600004,393.80901285600004,393.80901285600004,393.80901285600004,393.80901285600004,393.80901285600004,393.80901285600004,393.80901285600004,393.80901285600004,393.80901285600004,393.809015568,393.809015568,393.80901760200004,393.80901828000003,393.80901828000003,393.80901828000003,393.80901828000003,393.80901828000003,393.80901828000003,393.80901828000003,393.80901828000003,393.80901828000003,393.80901828000003,393.80902167,393.80902167,393.955287288,393.955287288,393.955287288,394.10155426200004,394.10155426200004,394.10155426200004,394.247821236,394.247821236,394.247821236,394.247821236,394.247821236,394.247821236,394.247821236,394.24782259200003,394.24782259200003,394.24782259200003,394.24782259200003,394.24782259200003,394.24782259200003,394.24782259200003,394.24782259200003,394.24782259200003,394.24782259200003,394.24782259200003,394.24782259200003,394.24782259200003,394.24782259200003,394.24782259200003,394.24782259200003,394.24782259200003,394.24782259200003,394.39408753200007,394.39408753200007,394.39408753200007,394.39408753200007,394.39408753200007,394.39408821000006,394.39408956600005,394.39408956600005,394.39408956600005,394.39408956600005,394.39408956600005,394.39408956600005,394.39408956600005,394.39409024400004,394.39409024400004,394.39409024400004,394.39409024400004,394.39409024400004,394.39409024400004,394.39409024400004,394.39409024400004,394.39409024400004,394.39409024400004,394.39409024400004,394.39409024400004,394.39409024400004,394.39409024400004,394.39409024400004,394.39409024400004,394.39409024400004,394.39409024400004,394.39409024400004,394.54035654,394.54035654,394.54035654,394.54035654,394.54035721800005,394.54035721800005,394.54035721800005,394.54035721800005,394.54035721800005,394.54035721800005,394.54035721800005,394.54035721800005,394.54035721800005,394.54035721800005,394.54035721800005,394.54035721800005,394.54035721800005,394.54035721800005,394.54035721800005,394.54035721800005,394.54035721800005,394.54035721800005,394.54035721800005,394.54035721800005,394.54035721800005,394.54035721800005,394.54035721800005,394.54035721800005,394.54035721800005,394.54035721800005,394.54035721800005,394.54035721800005,394.54035721800005,394.54035721800005,394.54035721800005,394.54035857400004,394.54035857400004,394.54035857400004,394.54035857400004,394.54035857400004,394.54035857400004,394.54035857400004,394.54035857400004,394.68662148000004,394.68662148000004,394.68662148000004,394.68662148000004,394.68662148000004,394.68662148000004,394.68662148000004,394.68662148000004,394.68662148000004,394.68662148000004,394.68662148000004,394.68662148000004,394.68662148000004,394.686622836,394.686622836,394.686622836,394.686622836,394.686622836,394.686622836,394.686622836,394.686622836,394.686622836,394.686622836,394.686622836,394.686622836,394.686622836,394.686622836,394.686622836,394.686622836,394.686622836,394.686622836,394.686622836,394.686622836,394.686622836,394.686622836,394.686622836,394.686622836,394.686622836,394.686622836,394.686622836,394.686622836,394.686622836,394.686622836,394.686622836,394.686622836,394.686622836,394.686622836,394.686622836,394.686622836,394.686622836,394.686622836,394.686622836,394.686622836,394.686622836,394.686625548,394.686625548,394.686625548,394.832890488,394.832890488,394.832890488,394.83289252199995,394.83289252199995,394.83289252199995,394.83289252199995,394.83289252199995,394.83289252199995,394.83289252199995,394.83289252199995,394.83289252199995,394.83289252199995,394.83289252199995,394.83289252199995,394.83289252199995,394.83289252199995,394.83289252199995,394.83289252199995,394.83289252199995,394.83289252199995,394.83289252199995,394.83289252199995,394.8328945559999,394.8328945559999,394.8328945559999,394.8328945559999,394.8328945559999,394.8328945559999,394.8328945559999,394.8328945559999,394.8328945559999,394.8328945559999,394.8328945559999,394.8328945559999,394.8328945559999,394.8328945559999,394.8328945559999,394.8328945559999,394.8328945559999,394.8328945559999,394.8328945559999,394.8328945559999,394.8328945559999,394.8328945559999,394.8328945559999,394.8328945559999,394.8328945559999,394.8328945559999,394.8328945559999,394.8328945559999,394.979158818,394.979158818,394.979158818,394.979158818,394.979158818,394.979158818,394.979158818,394.979158818,394.979158818,394.979158818,394.979158818,394.979158818,394.9791608519999,394.9791608519999,394.9791608519999,394.9791608519999,394.9791608519999,394.9791608519999,394.9791608519999,394.97916153,394.97916153,394.97916153,394.97916153,394.97916153,394.97916153,394.97916153,394.97916491999996,394.97916491999996,394.97916491999996,395.12542985999994,395.12542985999994,395.12542985999994,395.12542985999994,395.12542985999994,395.1254325719999,395.1254325719999,395.1254325719999,395.1254325719999,395.1254325719999,395.1254325719999,395.1254325719999,395.1254325719999,395.1254325719999,395.1254325719999,395.1254325719999,395.1254325719999,395.12543325,395.12543325,395.12543325,395.12543325,395.12543325,395.12543325,395.12543325,395.12543325,395.12543325,395.12543325,395.12543325,395.12543325,395.12543325,395.12543325,395.12543325,395.12543325,395.12543325,395.12543325,395.12543325,395.12543325,395.12543325,395.12543325,395.12543325,395.12543325,395.12543325,395.12543325,395.12543325,395.12543325,395.12543325,395.12543325,395.27169547799997,395.27169547799997,395.27169547799997,395.27169547799997,395.27169547799997,395.27169547799997,395.27169547799997,395.27169547799997,395.27169547799997,395.27169547799997,395.27169547799997,395.41795973999996,395.41795973999996,395.41795973999996,395.41795973999996,395.41795973999996,395.41795973999996,395.41795973999996,395.41795973999996,395.41795973999996,395.41795973999996,395.41795973999996,395.41795973999996,395.41795973999996,395.41795973999996,395.41795973999996,395.4179644859999,395.4179644859999,395.4179644859999,395.4179644859999,395.4179644859999,395.4179644859999,395.4179644859999,395.4179644859999,395.4179644859999,395.4179644859999,395.4179644859999,395.4179644859999,395.4179644859999,395.4179644859999,395.4179644859999,395.4179644859999,395.4179644859999,395.4179644859999,395.4179644859999,395.4179644859999,395.4179644859999,395.4179644859999,395.4179644859999,395.4179644859999,395.4179644859999,395.4179644859999,395.4179644859999,395.4179644859999,395.4179644859999,395.4179644859999,395.4179644859999,395.4179644859999,395.4179644859999,395.4179644859999,395.4179651639999,395.4179651639999,395.4179651639999,395.417967876,395.417967876,395.417967876,395.417967876,395.417967876,395.417967876,395.417967876,395.417967876,395.417967876,395.417967876,395.417967876,395.417967876,395.417967876,395.417967876,395.417967876,395.417967876,395.417967876,395.417967876,395.417967876,395.417967876,395.417967876,395.417967876,395.417967876,395.4179685539999,395.4179685539999,395.4179685539999,395.4179685539999,395.4179685539999,395.4179685539999,395.4179685539999,395.4179685539999,395.4179685539999,395.4179685539999,395.4179685539999,395.4179685539999,395.4179685539999,395.4179685539999,395.4179685539999,395.4179685539999,395.4179685539999,395.4179685539999,395.4179685539999,395.4179685539999,395.4179685539999,395.4179685539999,395.4179685539999,395.4179685539999,395.4179685539999,395.4179685539999,395.4179685539999
18,272.23118308200003,294.58385388,308.39379790199996,313.953753852,317.79736839599997,320.93483034599996,322.704192708,326.441597196,327.39699614999995,328.773696846,331.194614496,331.996196268,335.83945553999996,338.95316376000005,339.884029284,341.40898824000004,342.104196558,344.20171498800005,344.20171498800005,344.78161584599997,345.35264168400005,345.906707352,346.435918896,347.47507864799996,347.898767628,348.16802787,348.32854030199996,350.354088354,350.4260180519999,350.45874172199996,350.72141316,351.959833722,352.84546172999995,352.98644776199995,352.98644776199995,353.4641835119999,353.4641835119999,353.73821823,353.73821823,354.65548510799994,355.0361244779999,355.43349349799996,355.43349349799996,355.50686937,355.50686937,355.68210186000005,355.72045292999996,355.72045292999996,355.72045292999996,356.59193446800003,356.59193446800003,357.24804117,357.79471935000004,357.79471935000004,358.090977552,358.090977552,358.355842998,358.355842998,358.355842998,358.355842998,359.210865408,359.386098576,359.459711748,359.459711748,359.586383166,359.586383166,359.987504916,359.987504916,359.987504916,360.02616854400003,360.02616854400003,360.3840888120001,360.3840888120001,361.237479276,361.27824199199995,361.546506252,361.9971565799999,361.9971565799999,362.27507894999997,362.27507894999997,362.414698812,362.749491144,362.749491144,362.749491144,362.808545622,362.808545622,362.81852103599994,363.08105551799997,363.08105551799997,363.30527283,363.58451865599994,363.69219658199995,363.69219658199995,363.72555146999997,363.72555146999997,363.72555146999997,363.72555146999997,363.72555146999997,363.72555146999997,363.72555146999997,363.72555146999997,364.24330752599997,364.4523572999999,364.823306016,364.823306016,364.823306016,365.255537796,365.83603326,365.836699056,365.836699056,365.891729604,365.892638802,365.892638802,366.065108442,366.14102545799994,366.14102545799994,366.14102545799994,366.14102545799994,366.15285994799996,366.4756977839999,366.54989539199994,366.54989539199994,366.97520479199994,366.97520479199994,366.97520479199994,367.555301592,367.65012599400006,368.03202034199995,368.03202034199995,368.03202034199995,368.03202034199995,368.03202034199995,368.03202034199995,368.03202034199995,368.65370972999995,368.687858556,369.08227014000005,369.42471234600004,369.702896424,370.17832154999996,370.17832358400005,370.17832358400005,370.17832358400005,370.33387780199996,370.40212189199997,370.40212189199997,371.283132042,371.44139487,371.44139487,371.783837754,371.78384046599996,372.14977672799995,372.62520253200006,372.62520253200006,372.86952593399997,372.86952593399997,372.86952593399997,372.86952593399997,373.48084192199997,373.48084192199997,373.48084192199997,373.48084192199997,373.557028782,373.557028782,373.58385859799995,373.86466246799995,374.19787505999994,374.19787505999994,374.39405300399994,374.39405300399994,374.410013802,374.80415418599995,374.80415418599995,375.22205168999994,375.3642628679999,375.3642628679999,375.3642628679999,375.3642628679999,375.61708703399995,375.645694566,376.413445494,376.413445494,376.413445494,376.413445494,376.4134461719999,376.980107046,377.77685399999996,377.77685399999996,377.77685399999996,377.77685399999996,377.77685399999996,377.77685399999996,378.129175344,378.22113655199996,378.22113655199996,378.22113655199996,378.22113655199996,378.22113655199996,378.22113655199996,378.22113655199996,378.7094511359999,378.7094511359999,378.90563043599997,379.05189469799996,379.05189469799996,379.3943389379999,379.3943389379999,379.3943389379999,379.540601844,379.686868818,379.686868818,379.9396956959999,379.9432524839999,379.9432524839999,380.13943313999994,380.13943313999994,380.13943313999994,380.13943313999994,380.13943313999994,380.36364909599996,380.36364909599996,380.36364909599996,380.78404096199995,381.12648520199997,381.12648520199997,381.12648587999996,381.12648587999996,381.12648587999996,381.12648587999996,381.12648587999996,381.27274878599997,381.27274878599997,381.28458463199996,381.28458463199996,381.4267937759999,381.4267937759999,381.7997853059999,381.79978869599995,381.79978869599995,381.79978869599995,381.79978869599995,381.995964606,382.04549250599996,382.29919535999994,382.29919535999994,382.719587904,382.719587904,382.719587904,382.719587904,382.719587904,382.861799082,382.861799082,382.861799082,382.8618024719999,382.8618024719999,382.8618024719999,383.0040150059999,383.0040150059999,383.0040150059999,383.7308784659999,383.927059122,384.4937199959999,384.4937199959999,384.4937199959999,384.4937199959999,384.771902718,385.242943896,385.242943896,385.242943896,385.242943896,385.85426259599996,385.85426666399997,385.85426666399997,386.000530926,386.14679789999997,386.14679789999997,386.14679789999997,386.14679789999997,386.14679789999997,386.20432213199996,386.2043248439999,386.2043248439999,386.2043248439999,386.2043248439999,386.350587072,386.350587072,386.350587072,386.350587072,386.350587072,386.350587072,386.350587072,386.350587072,386.350587072,386.350587072,386.350587072,386.350587072,386.54676704999997,386.54676704999997,386.5467677279999,386.69303063399997,386.69303063399997,386.69303063399997,386.69303334599994,386.8927721459999,386.8927755359999,386.8927755359999,386.8927755359999,386.983748898,386.983748898,386.983748898,386.983748898,387.13001519399995,387.13001519399995,387.13001519399995,387.130020618,387.130020618,387.130020618,387.130020618,387.130020618,387.130020618,387.130020618,387.130020618,387.130020618,387.130020618,387.366071742,387.366071742,387.51233803799994,387.51233803799994,387.658600944,387.658600944,387.658600944,387.658600944,387.658600944,387.658600944,387.658600944,387.658600944,388.035151296,388.035151296,388.035151296,388.035151296,388.035151296,388.035151296,388.1170550519999,388.1170550519999,388.1170550519999,388.1170550519999,388.2592669079999,388.2592669079999,388.2592669079999,388.2592669079999,388.2592669079999,388.2592669079999,388.40147876399993,388.40147876399993,388.40147876399993,388.40147876399993,388.40147876399993,388.4014807979999,388.4590050299999,388.4590050299999,388.4590050299999,388.4590050299999,388.4590050299999,388.4590050299999,388.6551809399999,388.6551809399999,388.6551809399999,388.70303756999994,388.70303756999994,388.70303756999994,388.70303756999994,388.70303756999994,388.70303756999994,388.70303756999994,388.70303756999994,388.70303756999994,388.70303756999994,388.70303756999994,388.70303756999994,388.70303756999994,388.70303756999994,388.70303756999994,388.70303756999994,388.70303756999994,388.84524942599995,388.949165808,389.29161615,389.3023814339999,389.3023814339999,389.3023814339999,389.70762203399994,389.70762203399994,389.853885618,389.853885618,389.853885618,389.853885618,390.00014852399994,390.14235970199996,390.2845715579999,390.28457562599993,390.43084259999995,390.43084259999995,390.4308446339999,390.4308446339999,390.57710957399996,390.57710957399996,390.57710957399996,390.57710957399996,390.5771129639999,390.5771129639999,390.5771129639999,390.5771129639999,390.5771129639999,390.5771143199999,390.5771143199999,390.5771143199999,390.57711635399994,390.5771170319999,390.5771170319999,390.5771170319999,390.5771170319999,390.8655951839999,390.8655951839999,391.01186080199994,391.01186080199994,391.01186080199994,391.01186080199994,391.01186080199994,391.15407333599995,391.15407333599995,391.15407333599995,391.15407333599995,391.15407333599995,391.15407333599995,391.15407333599995,391.15407401399995,391.15407401399995,391.15407401399995,391.3003409879999,391.3003409879999,391.7552308499999,391.75523288399995,391.75523288399995,391.75523356199994,391.90149917999986,392.04776615399993,392.19402905999993,392.1940297379999,392.1940297379999,392.1940297379999,392.1940297379999,392.1940297379999,392.1940297379999,392.1940297379999,392.1940297379999,392.1940297379999,392.1940297379999,392.19403312799994,392.19403312799994,392.19403312799994,392.19403312799994,392.19403312799994,392.19403312799994,392.19403312799994,392.19403312799994,392.19403312799994,392.19403312799994,392.19403312799994,392.19403312799994,392.251558038,392.251558038,392.251558038,392.397821622,392.39782365599996,392.54408791799995,392.54408791799995,392.54408791799995,392.54408791799995,392.54408791799995,392.686299774,392.686299774,392.686299774,392.83256403599995,392.83256403599995,392.83256403599995,392.83256403599995,392.83256403599995,392.83256403599995,392.83256403599995,392.83256403599995,392.83256607,392.83256607,392.83256607,392.83256607,392.83256607,392.83256607,392.83256607,392.83256607,392.83256607,392.83256607,392.83256607,392.83256607,392.832566748,392.832566748,392.832566748,392.832566748,392.978831688,392.978831688,392.978831688,393.12509662799994,393.2713629239999,393.2713629239999,393.2713629239999,393.2713629239999,393.2713629239999,393.2713629239999,393.2713629239999,393.2713629239999,393.2713629239999,393.41357478,393.41357613599996,393.413578848,393.413578848,393.41358223799995,393.41358223799995,393.41358223799995,393.41358359399993,393.41358359399993,393.41358359399993,393.55985327999997,393.55985327999997,393.55985327999997,393.55985327999997,393.55985327999997,393.55985327999997,393.55985395799996,393.55985395799996,393.55985395799996,393.55985395799996,393.55985395799996,393.55985395799996,393.55985395799996,393.55985463599995,393.55985463599995,393.55985463599995,393.55985463599995,393.55985463599995,393.55985463599995,393.55985463599995,393.55985463599995,393.55985463599995,393.55985463599995,393.55985463599995,393.55985463599995,393.55985463599995,393.55985463599995,393.55985463599995,393.55985463599995,393.5598573479999,393.5598573479999,393.5598573479999,393.5598573479999,393.5598573479999,393.5598573479999,393.5598573479999,393.5598573479999,393.5598573479999,393.5598573479999,393.5598573479999,393.5598573479999,393.5598573479999,393.5598573479999,393.7061222879999,393.7061222879999,393.7061222879999,393.7061222879999,393.70612364399994,393.70612364399994,393.70612364399994,393.70612364399994,393.70612364399994,393.70612364399994,393.70612364399994,393.70612364399994,393.70612364399994,393.70612364399994,393.70612364399994,393.70612364399994,393.706125678,393.85238790599993,393.85238790599993,393.85238790599993,393.85238790599993,393.85238790599993,393.85238790599993,393.99865487999995,393.99865487999995,394.05618318,394.056185892,394.056185892,394.056185892,394.056185892,394.056185892,394.056185892,394.056185892,394.05618656999997,394.05618656999997,394.05618656999997,394.05618656999997,394.05974539199997,394.05974539199997,394.05974539199997,394.20195860399997,394.20195860399997,394.20195860399997,394.20195860399997,394.20195860399997,394.20195860399997,394.20195860399997,394.20195860399997,394.20195860399997,394.20195860399997,394.39813925999994,394.39813925999994,394.39813925999994,394.39813925999994,394.39813925999994,394.39813925999994,394.39813925999994,394.39813925999994,394.39813925999994,394.39813925999994,394.39813925999994,394.39813993799993,394.39813993799993,394.39813993799993,394.39813993799993,394.39813993799993,394.39813993799993,394.39813993799993,394.39814332799995,394.39814332799995,394.39814332799995,394.39814332799995,394.39814332799995,394.39814332799995,394.39814332799995,394.39814332799995,394.39814332799995,394.39814332799995,394.39814332799995,394.39814332799995,394.39814332799995,394.39814332799995,394.39814332799995,394.39814332799995,394.39814332799995,394.39814332799995,394.39814332799995,394.39814332799995,394.39814332799995,394.3981453619999,394.3981453619999,394.3981453619999,394.3981453619999,394.3981453619999,394.3981453619999,394.3981453619999,394.3981453619999,394.3981453619999,394.3981453619999,394.54441097999995,394.54441097999995,394.54441097999995,394.54441097999995,394.54441097999995,394.54441097999995,394.54441097999995,394.54441097999995,394.54441097999995,394.54441097999995,394.54441097999995,394.54441097999995,394.54441097999995,394.54441097999995,394.54441097999995,394.54441097999995,394.54441097999995,394.54441097999995,394.54441097999995,394.54441097999995,394.54441097999995,394.6906732079999,394.6906732079999,394.6906732079999,394.6906732079999,394.836938826,394.836938826,394.836938826,394.836938826,394.836938826,394.836938826,394.836938826,394.836938826,394.83694153799996,394.83694153799996,394.83694153799996,394.83694153799996,394.83694153799996,394.83694153799996,394.83694153799996,394.83694153799996,394.83694153799996,394.83694153799996,394.83694153799996,394.83694153799996,394.83694153799996,394.83694153799996,394.83694153799996,394.83694153799996,394.83694153799996,394.83694221599995,394.83694221599995,394.83694221599995,394.83694221599995,394.83694221599995,394.83694221599995,394.83694221599995,394.83694221599995,394.8369449279999,394.8369449279999,394.8369449279999,394.83694831799994,394.83694831799994,394.83694831799994,394.83694831799994,394.83694831799994,394.83694831799994,394.83694831799994,394.83694831799994,394.83695102999997,394.83695102999997,394.83695102999997,394.83695102999997,394.83695102999997,394.83695102999997,394.83695102999997,394.83695102999997,394.979163564,394.979163564,394.979163564,394.979163564,394.979163564,394.979163564,394.979163564,394.979163564,394.97916424199997,394.97916424199997,394.97916424199997,394.97916424199997,394.97916424199997,394.97916424199997,394.97916424199997,394.97916424199997,394.97916424199997,394.97916424199997,394.97916424199997,394.97916424199997,394.97916424199997,394.97916424199997,394.97916424199997,394.97916424199997,394.97916424199997,394.97916424199997,394.97916424199997,394.97916424199997,394.97916424199997,394.97916424199997,394.97916424199997,394.97916424199997,394.97916424199997,394.97916424199997,394.97916424199997,394.97916424199997,394.97916424199997,394.97916424199997,394.97916424199997,394.97916424199997,394.97916424199997,394.97916424199997,394.97916424199997,394.97916424199997,394.97916424199997,394.97916424199997,394.97916424199997,394.97916424199997,394.97916424199997,394.97916424199997,394.97916424199997,394.97916424199997,394.97916424199997,394.97916424199997,394.97916424199997,394.97916424199997,394.97916424199997,394.97916424199997,394.97916424199997,394.97916424199997,394.97916424199997,394.97916424199997,394.97916424199997,394.97916424199997,394.97916424199997,394.97916424199997,394.97916424199997,394.97916424199997,394.97916424199997,394.97916424199997,394.97916424199997,394.97916424199997,394.97916424199997,394.97916424199997,394.97916491999996,394.97916491999996,394.97916491999996,394.97916491999996,394.97916491999996,394.97916491999996,394.97916491999996,394.97916491999996,394.97916491999996,394.97916491999996,394.97916491999996,394.97916491999996,394.97916491999996,394.97916491999996,394.97916491999996,394.97916491999996,394.97916491999996,394.97916491999996,394.97916491999996,394.97916491999996,394.97916491999996,394.97916491999996,394.97916491999996,394.97916491999996,394.97916491999996,394.97916491999996,394.97916491999996,394.97916491999996,395.12542579200004,395.12542579200004,395.1254264699999,395.1254264699999,395.1254264699999,395.1254264699999,395.1254264699999,395.1254264699999,395.1254264699999,395.1254264699999,395.1254264699999,395.1254264699999,395.1254264699999,395.1254264699999,395.1254264699999,395.1254264699999,395.1254264699999,395.1254264699999,395.1254264699999,395.1254264699999,395.1254264699999,395.1254264699999,395.1254264699999,395.1254264699999,395.1254264699999,395.1254264699999,395.1254264699999,395.1254264699999,395.1254264699999,395.1254264699999,395.1254264699999,395.1254264699999,395.1254264699999,395.1254264699999,395.1254264699999,395.1254264699999,395.1254264699999,395.1254264699999,395.1254264699999,395.1254264699999,395.1254264699999,395.1254264699999,395.1254264699999,395.1254264699999,395.1254264699999,395.1254264699999,395.1254264699999,395.1254264699999,395.1254264699999,395.1254264699999,395.271693444,395.271693444,395.271693444,395.271693444,395.271693444,395.27169615599996,395.27169615599996,395.27169615599996,395.27169615599996,395.27169683399995,395.27169683399995,395.27169683399995,395.27169683399995,395.27169683399995,395.27169683399995,395.27169683399995,395.27169683399995,395.27169683399995,395.27169683399995,395.27169683399995,395.27169683399995,395.27169683399995,395.27169683399995,395.27169683399995,395.27169683399995,395.27169683399995,395.27169683399995,395.27169683399995,395.27169683399995,395.27169683399995,395.27169683399995,395.27169683399995,395.27169683399995,395.27169683399995,395.27169683399995,395.27169683399995,395.27169683399995,395.27169683399995,395.27169683399995,395.2717002239999,395.2717002239999,395.2717002239999,395.2717002239999,395.2717002239999,395.2717002239999,395.2717002239999,395.2717002239999,395.2717002239999,395.2717002239999,395.2717002239999,395.2717002239999,395.2717002239999,395.2717002239999,395.2717002239999,395.2717002239999,395.2717002239999,395.2717002239999,395.2717002239999,395.2717002239999,395.2717002239999,395.2717002239999,395.2717002239999,395.2717002239999,395.2717002239999,395.2717002239999,395.2717002239999,395.2717002239999,395.2717002239999,395.2717002239999,395.2717002239999,395.2717002239999,395.2717002239999,395.2717002239999,395.2717002239999,395.2717002239999,395.2717002239999,395.2717002239999,395.2717002239999,395.2717002239999,395.2717002239999,395.2717002239999,395.2717002239999,395.2717002239999,395.2717002239999,395.2717002239999,395.2717002239999,395.2717002239999,395.2717002239999,395.2717002239999,395.2717002239999,395.2717002239999,395.2717002239999,395.2717002239999,395.2717002239999,395.2717002239999,395.2717002239999,395.2717002239999,395.2717002239999,395.2717002239999,395.2717002239999
19,278.855449194,299.7753609,313.954251504,320.031567558,322.676619804,325.724670504,330.64903331999994,336.080018754,336.95211591599997,338.14482571799994,339.83763442199995,340.5526505099999,342.46649534999995,342.46649534999995,343.30197508799995,345.79396747799996,346.154175996,346.154175996,346.636375698,347.628508014,348.69100317,348.841690026,349.297831476,350.37646032,350.40485021399996,350.40485021399996,350.89733449799996,350.944450074,350.978841624,351.24408064799997,351.392181612,351.392181612,351.9334595219999,354.061096746,354.50892116999995,355.0278793199999,355.708949304,355.91794687199996,355.98470682,356.39351573399995,356.39351573399995,356.39351573399995,356.678255394,357.19289942999995,357.23525002199995,357.6492069899999,358.5117836759999,358.83615108,358.927069524,360.19635128999994,360.19635128999994,360.435311712,360.435311712,360.779652318,361.45988904,361.45988904,361.45988904,361.6649223419999,361.6649223419999,362.1730745279999,362.57400169199997,363.01718045999996,363.09238082999997,363.31303660799995,363.400373178,363.554018148,363.554018148,363.83611292999996,363.83611292999996,363.83611292999996,363.858651006,363.858651006,363.858651006,363.858651006,364.144609032,364.144609032,364.15498446600003,364.58721421199994,364.58721421199994,364.7395174199999,364.7395174199999,364.7395174199999,364.7395174199999,364.7395174199999,364.7395174199999,364.7395174199999,364.7395174199999,364.7395174199999,364.7395174199999,364.7395174199999,364.7395174199999,364.7395174199999,364.7395174199999,364.81440184199994,364.81440184199994,364.81440184199994,364.865285064,364.865285064,364.8938742899999,365.33632081799993,365.33632081799993,366.009032418,366.009032418,366.04770079199994,366.1016675579999,366.1016675579999,366.1016675579999,366.1016675579999,366.1016675579999,366.80466948599997,366.80466948599997,367.23543610799993,367.92984303,368.20802303999994,368.20802303999994,368.530863588,368.530863588,368.68997391599993,368.68997391599993,368.83218577199995,369.120666636,369.595265958,369.74757052200005,369.74757052200005,369.94174294199996,369.94174294199996,370.076256108,370.076256108,370.076256108,370.23140894999995,370.23140894999995,370.27217708999996,370.764504756,370.764504756,370.9369743959999,370.9369743959999,370.9369743959999,371.17302416399997,371.23055246399997,371.23055246399997,371.50873789799994,371.52478412399995,371.52478412399995,371.52478412399995,371.99582665799994,372.264701118,372.264701118,372.264701118,372.345625842,372.542885196,372.767101152,372.767101152,372.816184284,372.816184284,372.816184284,372.8749451880001,373.522839954,373.719018576,373.719018576,374.16683350799997,374.16683350799997,374.61561662400004,374.61561662400004,374.61561662400004,374.67064852799996,375.08903622599996,375.08903622599996,375.08903622599996,375.08903622599996,375.08903622599996,375.11546059799997,375.25767042,375.25767042,376.00639666800004,376.20257393400004,376.328469042,376.328469042,376.78724113199996,377.06542453199995,377.20763638799997,377.550077916,377.550077916,377.74625382599993,377.76302619,377.905238046,378.247678896,378.247678896,378.24768228600004,378.8143424820001,379.076880354,379.445746932,379.58795878800004,379.58795878800004,379.58795878800004,379.58795878800004,379.58795878800004,379.78413673200004,379.78413673200004,379.78413673200004,380.23313816399997,380.485960974,380.6844949680001,380.781768306,380.781768306,380.781768306,380.792138994,380.792138994,380.792138994,380.98831626,380.9883169380001,381.13458255599994,381.19210746600004,381.19210814400003,381.19210814400003,381.19210814400003,381.19210814400003,381.19210814400003,381.19210814400003,381.444931632,381.444931632,381.444931632,381.444931632,381.815414562,381.815414562,381.96168153599996,382.26847314599996,382.26847314599996,382.26847314599996,382.26847314599996,382.26847314599996,382.63895811000003,383.201563866,383.201563866,383.3596592280001,383.35966329600006,383.35966329600006,383.35966329600006,383.35966329600006,383.35966329600006,383.50592755800005,383.652194532,383.652194532,383.848373154,383.848373154,383.848373154,384.19081875000006,384.38699669399995,384.61121265,385.031610618,385.031610618,385.031610618,385.13928583200004,385.13928583200004,385.13928583200004,385.13928583200004,385.13928583200004,385.13928583200004,385.13928583200004,385.13928583200004,385.408162326,385.408162326,385.408162326,385.408162326,385.408165038,385.408165038,385.828560972,385.828560972,385.828560972,385.828560972,385.828560972,385.828560972,385.828560972,385.8446105880001,385.8446105880001,385.8446105880001,386.06882586600005,386.46523755000004,386.46523755000004,386.46523755000004,386.81124196800005,386.81124196800005,386.957507586,386.95750962,386.95750962,386.95750962,387.392255424,387.392255424,387.68478666000004,387.68478666000004,387.684788016,387.684788016,387.831052278,387.831052278,387.831052278,387.831052278,387.831052278,388.31570973000004,388.31570973000004,388.31570973000004,388.31570973000004,388.31570973000004,388.461976026,388.658154648,388.804419588,388.804419588,388.804419588,388.804419588,388.804419588,388.80442094399996,388.80442094399996,388.95068791799997,389.09695218,389.09695218,389.09695218,389.09695218,389.096954892,389.096958282,389.445474012,389.445474012,389.445474012,389.66612911199996,389.66612911199996,389.91895599,389.91895599,389.91895599,389.91895599,390.115133256,390.115133256,390.115133256,390.115133256,390.115133256,390.115133256,390.115133256,390.115133256,390.115133256,390.115133256,390.115133256,390.115133256,390.115133256,390.11513528999996,390.11513528999996,390.11513528999996,390.11513528999996,390.11513528999996,390.11513935799996,390.11513935799996,390.11513935799996,390.11513935799996,390.11513935799996,390.11513935799996,390.11513935799996,390.11513935799996,390.11513935799996,390.11513935799996,390.11513935799996,390.11513935799996,390.11513935799996,390.115141392,390.115141392,390.115141392,390.115141392,390.115141392,390.115141392,390.26140768799996,390.26140768799996,390.26140972200005,390.26140972200005,390.2614117559999,390.2614117559999,390.2614117559999,390.261412434,390.261412434,390.261412434,390.261412434,390.40767873,390.40767873,390.40767873,390.60385870799996,390.60385870799996,390.60385870799996,390.60385870799996,390.60385938600007,390.60385938600007,390.60385938600007,390.60385938600007,390.89387863200005,390.89387863200005,390.89387863200005,390.89387863200005,391.04014357200003,391.040144928,391.040144928,391.040144928,391.040144928,391.040144928,391.1864078340001,391.1864078340001,391.33267074,391.33267074,391.33267074,391.33267074,391.332671418,391.332671418,391.332671418,391.332671418,391.332671418,391.47893568,391.47893568,391.47893568,391.47893568,391.47893568,391.47893568,391.47893568,391.47893568,391.47893568,391.47893568,391.47893568,391.47893568,391.62520468799994,391.62520468799994,391.62520468799994,391.6252074,391.625211468,391.625211468,391.625211468,391.767422646,391.767422646,391.767422646,391.76742332400005,391.76742332400005,391.76742332400005,391.76742332400005,391.767424002,391.767424002,391.767424002,391.767424002,391.767424002,391.767424002,391.76742468000003,391.76742468000003,391.76742468000003,391.76742468000003,391.76742468000003,391.76742468000003,391.76742468000003,391.76742468000003,391.76742468000003,391.76742468000003,391.76742468000003,391.76742468000003,391.76742468000003,391.76742468000003,391.90963721400004,391.90963721400004,391.90963721400004,391.90963721400004,391.90963721400004,392.05184974799994,392.05184974799994,392.05184974799994,392.05184974799994,392.05184974799994,392.05184974799994,392.05184974799994,392.05184974799994,392.05184974799994,392.05184974799994,392.05184974799994,392.19811401,392.19811401,392.344376238,392.344376238,392.344376238,392.344376916,392.344376916,392.344376916,392.344376916,392.344376916,392.49063914399994,392.49063914399994,392.49063914399994,392.49063914399994,392.548169478,392.690380656,392.690380656,392.690380656,392.83664491800005,392.83664491800005,392.83664491800005,392.83664491800005,392.83664491800005,392.83664491800005,392.83664491800005,392.83664491800005,392.83664491800005,392.83664491800005,392.83664491800005,392.83664491800005,392.83664491800005,392.83664491800005,392.83664491800005,392.83664491800005,392.83664491800005,392.83664491800005,392.83664491800005,392.83664491800005,392.83664559600004,392.83664559600004,392.83664559600004,392.83664559600004,392.83664559600004,392.83664559600004,392.83664559600004,392.83664559600004,392.83664627400003,392.83664627400003,392.83664627400003,392.83664627400003,392.83664627400003,392.83664627400003,392.83664627400003,392.83664627400003,392.83664627400003,392.83664627400003,392.83664627400003,392.83664627400003,392.83664627400003,392.836648986,392.836648986,392.836648986,392.836648986,392.836648986,392.982913248,392.982913248,392.982913248,393.1291822559999,393.1291822559999,393.1291822559999,393.12918496799995,393.129189036,393.275451942,393.275451942,393.42171620399995,393.42171620399995,393.42171620399995,393.421718916,393.421718916,393.421718916,393.42172162799994,393.42172162799994,393.42172162799994,393.42172162799994,393.42172162799994,393.421723662,393.421723662,393.421723662,393.421723662,393.421725018,393.421725018,393.421725018,393.421725018,393.421725018,393.421725018,393.421725018,393.421725018,393.421725696,393.421725696,393.421725696,393.421725696,393.421725696,393.563934162,393.563934162,393.563934162,393.563934162,393.563934162,393.563934162,393.563934162,393.563934162,393.563934162,393.563934162,393.563934162,393.563934162,393.563934162,393.563934162,393.56393484,393.56393484,393.56393484,393.56393484,393.56393484,393.56393484,393.56393484,393.56393484,393.56749637400003,393.56749637400003,393.56749637400003,393.56749637400003,393.56749637400003,393.56749637400003,393.56749637400003,393.56749637400003,393.56749637400003,393.56749637400003,393.56749637400003,393.56749637400003,393.56749637400003,393.70970619600007,393.70970619600007,393.70970619600007,393.70970619600007,393.70970619600007,393.70970619600007,393.70970619600007,393.70970619600007,393.70970822999993,393.70970822999993,393.70970822999993,393.70970822999993,393.70970822999993,393.70970822999993,393.70970822999993,393.70970822999993,393.70970822999993,393.70970822999993,394.05214975800004,394.05214975800004,394.05214975800004,394.05214975800004,394.05214975800004,394.05214975800004,394.05214975800004,394.05214975800004,394.05214975800004,394.05214975800004,394.05214975800004,394.05214975800004,394.05214975800004,394.05214975800004,394.05214975800004,394.05214975800004,394.05214975800004,394.05214975800004,394.05215247,394.05215247,394.05215247,394.05215247,394.05215247,394.05215247,394.05215247,394.05215247,394.05215247,394.19841537599996,394.19841537599996,394.19841537599996,394.19841537599996,394.19841537599996,394.19841537599996,394.19841537599996,394.19841537599996,394.19841537599996,394.19841537599996,394.19841537599996,394.19841537599996,394.19841537599996,394.19841537599996,394.19841537599996,394.19841537599996,394.19841537599996,394.19841537599996,394.19841537599996,394.19841537599996,394.19841741,394.19841741,394.19841741,394.19841741,394.344679638,394.344679638,394.344679638,394.344679638,394.344679638,394.344680316,394.344680316,394.344680316,394.344680316,394.344680316,394.344683028,394.344683028,394.344683028,394.344683028,394.344683028,394.344683028,394.344683028,394.344683028,394.344683028,394.34468574,394.34468574,394.34468574,394.34468574,394.34468574,394.344687096,394.344687096,394.344687096,394.344687096,394.344687096,394.34468777399996,394.34468777399996,394.34468777399996,394.34468777399996,394.34468777399996,394.34468777399996,394.34468777399996,394.34468777399996,394.34468777399996,394.34468777399996,394.34468777399996,394.34468777399996,394.34468777399996,394.34468777399996,394.34468777399996,394.34468777399996,394.34468777399996,394.34468777399996,394.34468777399996,394.34468777399996,394.34468777399996,394.34468777399996,394.34468777399996,394.34468777399996,394.34468777399996,394.34468777399996,394.34468777399996,394.34468777399996,394.34468777399996,394.34468777399996,394.34468777399996,394.34468777399996,394.34468777399996,394.34468777399996,394.34468777399996,394.34468777399996,394.34468777399996,394.34468777399996,394.34468777399996,394.34468777399996,394.34468777399996,394.34468777399996,394.34468777399996,394.34468777399996,394.34468777399996,394.34468777399996,394.34468777399996,394.34468777399996,394.34468777399996,394.34468777399996,394.34468777399996,394.34468980799994,394.344690486,394.344690486,394.344690486,394.344690486,394.344690486,394.344690486,394.344690486,394.344690486,394.4909547479999,394.4909547479999,394.4909547479999,394.4909547479999,394.4909547479999,394.4909547479999,394.4909547479999,394.4909547479999,394.4909547479999,394.4909547479999,394.4909547479999,394.4909547479999,394.4909547479999,394.4909547479999,394.4909547479999,394.4909547479999,394.4909547479999,394.4909547479999,394.4909547479999,394.4909547479999,394.490955426,394.490955426,394.637218332,394.637218332,394.637218332,394.637218332,394.637218332,394.637218332,394.637218332,394.637218332,394.637218332,394.637218332,394.637218332,394.637218332,394.637218332,394.637218332,394.637218332,394.637218332,394.637218332,394.637218332,394.637218332,394.63721968799996,394.63721968799996,394.63721968799996,394.63721968799996,394.63721968799996,394.63721968799996,394.63721968799996,394.63721968799996,394.63721968799996,394.63721968799996,394.63721968799996,394.63721968799996,394.63721968799996,394.63721968799996,394.63721968799996,394.63721968799996,394.63721968799996,394.63721968799996,394.63721968799996,394.63721968799996,394.63721968799996,394.63721968799996,394.63721968799996,394.63721968799996,394.63721968799996,394.63721968799996,394.63721968799996,394.63721968799996,394.63721968799996,394.63721968799996,394.63721968799996,394.63721968799996,394.63721968799996,394.63721968799996,394.63721968799996,394.63721968799996,394.63721968799996,394.63721968799996,394.63721968799996,394.63721968799996,394.63721968799996,394.63721968799996,394.63721968799996,394.63721968799996,394.63721968799996,394.63721968799996,394.63721968799996,394.78348462799994,394.78348462799994,394.78348462799994,394.78348462799994,394.78348462799994,394.78348462799994,394.78348462799994,394.78348462799994,394.78348462799994,394.78348462799994,394.78348462799994,394.78348462799994,394.78348462799994,394.78348462799994,394.78348462799994,394.78348462799994,394.78348462799994,394.78348462799994,394.78348462799994,394.78348462799994,394.78348462799994,394.78348462799994,394.78348462799994,394.78348462799994,394.78348462799994,394.78348462799994,394.78348462799994,394.78348462799994,394.78348462799994,394.78348462799994,394.78348462799994,394.78348462799994,394.78348462799994,394.78348462799994,394.78348462799994,394.78348462799994,394.78348462799994,394.78348462799994,394.78348462799994,394.78348462799994,394.78348462799994,394.78348462799994,394.78348462799994,394.78348462799994,394.78348462799994,394.78348462799994,394.78348462799994,394.7834873399999,394.7834873399999,394.7834873399999,394.7834873399999,394.7834873399999,394.7834873399999,394.7834873399999,394.7834873399999,394.7834873399999,394.7834873399999,394.7834873399999,394.7834873399999,394.7834873399999,394.7834873399999,394.7834873399999,394.7834873399999,394.7834873399999,394.7834873399999,394.7834873399999,394.7834873399999,394.7834873399999,394.7834873399999,394.7834873399999,394.7834873399999,394.7834873399999,394.7834873399999,394.7834873399999,394.7834873399999,394.7834873399999,394.7834873399999,394.7834873399999,394.84101563999997,394.84101563999997,394.84101563999997,394.84101563999997,394.84101563999997,394.84101563999997,394.84101563999997,394.84101563999997,394.9832261399999,394.9832261399999,394.9832261399999,394.9832261399999,394.9832261399999,394.9832261399999,394.9832261399999,394.9832261399999,394.9832261399999,395.27169886799993,395.27169886799993,395.27169886799993,395.27169886799993,395.27169886799993,395.27169886799993,395.27169886799993,395.27169886799993,395.27169886799993,395.27169886799993,395.27169886799993,395.27169886799993,395.27169886799993,395.27169886799993,395.27169886799993,395.27169886799993,395.27169886799993,395.27170090199996,395.27170090199996,395.27170090199996,395.27170090199996,395.27170090199996,395.27170090199996,395.27170090199996,395.27170090199996,395.27170090199996,395.27170090199996,395.27170090199996,395.27170090199996,395.27170090199996,395.27170090199996,395.27170090199996,395.27170090199996,395.27170090199996,395.27170090199996,395.27170090199996,395.27170090199996,395.27170090199996,395.27170090199996,395.27170090199996,395.27170090199996,395.27170090199996,395.27170090199996,395.27170090199996,395.27170090199996,395.27170090199996,395.27170090199996,395.27170090199996,395.27170090199996,395.27170090199996,395.27170090199996,395.27170090199996,395.27170090199996,395.27170090199996
20,277.553413926,293.92463109,303.76321791000004,309.02074043399995,314.061821628,316.33510884599997,322.643091348,324.672986058,330.45478699800003,333.26232669000007,334.60662780000007,335.337837918,336.043105044,336.91143862800004,338.368468764,338.668649196,338.668649196,338.89085081400003,340.01533008599995,340.37419413,341.80566095399996,343.334391624,345.083027526,345.27600531,345.27600531,346.903407354,346.97911758000004,348.09266477999995,348.12361548,348.94559895,349.30006616400004,349.977775302,349.977775302,349.977775302,349.977775302,350.869060542,351.193745928,351.193745928,351.789013656,351.789013656,352.221070512,352.221070512,352.45309634999995,352.45309634999995,352.45309634999995,352.981830582,352.981830582,353.146362876,353.146362876,353.943694266,355.083619734,355.083619734,355.083619734,355.083654312,355.083654312,355.16966064600007,355.31843079600003,355.869838026,356.13436311600003,356.13436311600003,356.28782909399996,356.407096752,356.496889716,356.496889716,356.496889716,356.581976682,356.87194101,356.87194101,356.899215594,357.044636424,357.14271387,357.365432124,357.403749294,357.427489464,357.458246934,357.458246934,357.458246934,357.458246934,358.03020976799996,358.157400534,358.157400534,358.157400534,358.1900116560001,358.1900116560001,358.1900116560001,358.1900116560001,358.1900116560001,358.1900116560001,358.287394152,358.888710318,359.160201858,359.160201858,359.160201858,359.160201858,359.160201858,359.160201858,359.160201858,359.160201858,359.808096624,359.808096624,359.89477960199997,360.37102307400005,360.74139820199997,360.74139820199997,360.74139820199997,361.447240272,362.757427134,362.757427134,362.83252987200007,362.83252987200007,362.83252987200007,362.83252987200007,362.83252987200007,362.83252987200007,362.83252987200007,362.83252987200007,362.83252987200007,362.83252987200007,362.94721153800003,363.04559883,363.34187601599996,363.34187601599996,363.389731968,363.389731968,363.389731968,364.060101078,365.26729635000004,365.26729635000004,365.293718688,365.293718688,365.293718688,365.4941395560001,365.4941395560001,365.4941395560001,365.4941395560001,365.4941395560001,365.4941395560001,365.4941395560001,365.4941395560001,365.4941395560001,365.4941395560001,365.54772393,365.54772393,365.832516474,366.065005386,366.116568642,366.116568642,366.116568642,366.31213977600004,366.31213977600004,366.90740750400005,367.422055608,367.42255800600003,368.13093308400005,368.237545872,368.237545872,368.237545872,368.379757728,369.02257088400006,369.04627851000004,369.04627851000004,369.04627851000004,369.04627851000004,369.999726858,370.00042384200003,370.00042384200003,370.19888461200003,370.31481176399996,370.6032878820001,370.6032878820001,370.69513247400005,370.76038319400004,370.76038319400004,370.76038319400004,370.76038319400004,370.786413648,370.786413648,370.860611256,371.00851356600003,371.00851356600003,371.11173228600006,371.11173228600006,371.19652161000005,371.62548610799996,371.65409364,371.65409364,372.19449557400003,372.19449557400003,372.19449557400003,372.33799902000004,372.33799902000004,372.53773578600004,372.53773578600004,372.53773578600004,372.758204436,372.758204436,373.09666881600003,373.09666881600003,373.09666881600003,373.779113784,373.97529443999997,373.97529443999997,374.032823418,374.032823418,374.032823418,374.386403808,374.386403808,374.386403808,374.386403808,374.43260408400005,374.43260408400005,374.43260408400005,374.43260408400005,374.43260408400005,374.43260408400005,374.43260408400005,374.685428928,374.876258808,375.44121790200006,375.44121790200006,375.7788619020001,375.7788619020001,375.7788619020001,376.374130986,377.043598356,377.043599034,377.043599034,377.043599034,377.043599034,377.043599034,377.043599034,377.043599034,377.043599034,377.043599034,377.043599034,377.18986329599994,377.18986329599994,377.18986329599994,377.18986329599994,377.18986329599994,377.18986329599994,377.18986329599994,377.18986329599994,377.18986329599994,377.228533026,377.228533026,377.228533026,377.28249911399996,377.610431442,377.610431442,377.610431442,377.610431442,377.89890620399996,377.89890620399996,377.89890620399996,377.89890620399996,378.20569917,378.20569917,378.34790831399994,378.34790831399994,378.34790831399994,378.34790831399994,378.67517688,379.144651878,379.144651878,379.29091614000004,379.29091614000004,379.579390902,380.0564378039999,380.0564378039999,380.0564378039999,380.280653082,380.280653082,380.280653082,380.623096644,380.850098502,380.850098502,380.850098502,380.850098502,380.850098502,380.90762883599996,380.90762883599996,381.10380610199996,381.10380610199996,381.10380610199996,381.211482672,381.211482672,381.211482672,381.211482672,381.557488446,381.557488446,381.847505658,381.847507692,381.847507692,381.847507692,381.847507692,381.847507692,381.847507692,381.847507692,382.083559494,382.083559494,382.083559494,382.083559494,382.083559494,382.22982646800006,382.22982646800006,382.376091408,382.71853632599993,382.7185390380001,382.7185390380001,382.718541072,382.718541072,382.718541072,382.718543784,382.71854446200007,383.18802217200005,383.18802217200005,383.18802217200005,383.33023335000007,383.52641332800005,383.52641332800005,383.52641332800005,383.52641332800005,383.52641332800005,383.52641332800005,383.52641332800005,383.52641332800005,383.52641332800005,383.52641332800005,383.72259398400007,383.72259398400007,383.72259398400007,384.36777539400003,384.36777539400003,384.5140396560001,384.56800506600007,384.56800506600007,384.56800506600007,384.56800506600007,384.56800506600007,384.56800506600007,384.7641823320001,384.7641823320001,384.7641823320001,384.76418504400004,384.76418504400004,384.76418504400004,384.91044930600003,384.91044930600003,384.91044930600003,384.91044930600003,385.19892610200003,385.19892610200003,385.19892610200003,385.19892610200003,385.19892610200003,385.19892610200003,385.19892610200003,385.19892610200003,385.4874035760001,385.4874035760001,385.75628074800005,385.75628074800005,385.75628074800005,385.75628074800005,385.75628074800005,385.75628074800005,385.896749466,385.896749466,385.896749466,386.19032550000003,386.19032956800004,386.19032956800004,386.19032956800004,386.19032956800004,386.19032956800004,386.19032956800004,386.19032956800004,386.19032956800004,386.19032956800004,386.5327724520001,386.5327724520001,386.5327724520001,386.5327724520001,386.5327724520001,386.5327724520001,386.53277380800006,386.570021094,386.570021094,386.570021094,386.570021094,386.570021094,386.570021094,386.570021094,386.570021772,386.79067822800005,386.79067822800005,386.79067822800005,386.79067822800005,386.986858206,386.986858206,386.986858206,386.986858206,386.986858206,386.986858206,386.986858884,387.13312585799997,387.13312585799997,387.13312585799997,387.13312585799997,387.13312585799997,387.13312585799997,387.13312585799997,387.13312585799997,387.13312585799997,387.13312585799997,387.13312585799997,387.1331265360001,387.1331265360001,387.279390798,387.279390798,387.279390798,387.279390798,387.2793935100001,387.2793935100001,387.27939554400007,387.821577906,387.821577906,387.821577906,387.821577906,387.821577906,387.9637884060001,387.9637884060001,387.9637884060001,387.9637884060001,387.9637884060001,387.9637884060001,387.9637884060001,387.9637884060001,387.9637884060001,388.11005266800004,388.11005266800004,388.256315574,388.40257983600003,388.40257983600003,388.40257983600003,388.40257983600003,388.40257983600003,388.556456004,388.556456004,388.556456004,389.005457436,389.005457436,389.005458114,389.005458114,389.005458114,389.005458114,389.005458114,389.00901829200006,389.00901829200006,389.00901829200006,389.00901829200006,389.441248716,389.441248716,389.441248716,389.441248716,389.441248716,389.441248716,389.498777016,389.49877905,389.49877905,389.49877905,389.4987817620001,389.4987817620001,389.4987817620001,389.4987817620001,389.4987817620001,389.4987817620001,389.4987817620001,389.4987817620001,389.4987817620001,389.4987817620001,389.4987817620001,389.4987817620001,389.4987817620001,389.4987817620001,389.4987817620001,389.4987817620001,389.4987817620001,389.49878244,389.49878244,389.49878244,389.7676569000001,389.76765961200005,389.76765961200005,389.76765961200005,389.76765961200005,389.76765961200005,389.76765961200005,389.76765961200005,389.76765961200005,389.76765961200005,389.76765961200005,389.76765961200005,389.76765961200005,389.76765961200005,389.76765961200005,389.76765961200005,389.76765961200005,389.76765961200005,389.76765961200005,389.76765961200005,389.913926586,390.25636947,390.25636947,390.53455693800004,390.68082798,390.68082798,390.68082798,390.68082865800005,390.68082865800005,390.68082865800005,390.68082865800005,390.68082865800005,390.68082865800005,390.68082865800005,390.68082865800005,390.68082933600004,390.68082933600004,390.68082933600004,390.68082933600004,390.68082933600004,390.68082933600004,390.827090208,390.827090208,390.827090208,390.827090208,390.827090208,390.827090208,390.827090208,390.827090208,390.827090208,390.82709292000004,390.82709292000004,390.82709292000004,390.82709292000004,390.82709292000004,390.82709292000004,390.82709495399996,390.827099022,390.827099022,390.827099022,390.827099022,390.97336192800003,391.119624156,391.119624156,391.119624156,391.119624156,391.119624156,391.119624156,391.119624156,391.119624156,391.119624156,391.119624156,391.119624156,391.119624156,391.11962551199997,391.11962551199997,391.11962551199997,391.11962754600006,391.11962754600006,391.119628224,391.119628224,391.119628224,391.119628224,391.119628224,391.119628224,391.119628224,391.119628224,391.11963093599996,391.11963093599996,391.11963093599996,391.11963093599996,391.11963093599996,391.11963093599996,391.11963093599996,391.119631614,391.119631614,391.119631614,391.119631614,391.119631614,391.11963229199995,391.11963229199995,391.11963229199995,391.11963229199995,391.11963229199995,391.11963229199995,391.11963229199995,391.11963229199995,391.261844148,391.261844148,391.40810841000007,391.40810841000007,391.55031687600007,391.55031687600007,391.55031687600007,391.55031687600007,391.55031687600007,391.55031687600007,391.55031687600007,391.55031958800004,391.55031958800004,391.69658249400004,391.69658249400004,391.69658249400004,391.69658249400004,391.69658249400004,391.69658249400004,392.0390247,392.181237234,392.181237234,392.181237234,392.181237234,392.181237234,392.181237234,392.181240624,392.181240624,392.181240624,392.181240624,392.181240624,392.181240624,392.181240624,392.181240624,392.18124333599997,392.18124333599997,392.18124333599997,392.18124333599997,392.18124333599997,392.18124333599997,392.18124333599997,392.18124333599997,392.18124333599997,392.18124333599997,392.18124333599997,392.18124333599997,392.18124333599997,392.18124333599997,392.18124333599997,392.18124333599997,392.18124333599997,392.18124333599997,392.18124333599997,392.18124333599997,392.327507598,392.327507598,392.327507598,392.327507598,392.327507598,392.327507598,392.327507598,392.327507598,392.327507598,392.327507598,392.327507598,392.327507598,392.385033186,392.385033186,392.385033186,392.385033864,392.385033864,392.385033864,392.385033864,392.385033864,392.53130083799994,392.53130083799994,392.53130151600004,392.53130151600004,392.53130151600004,392.53130151600004,392.53130151600004,392.53130151600004,392.53130151600004,392.53130151600004,392.53130151600004,392.5313021939999,392.531302872,392.531302872,392.531302872,392.531302872,392.531302872,392.531302872,392.531305584,392.531305584,392.531305584,392.531305584,392.531305584,392.531305584,392.531305584,392.531305584,392.67351744,392.67351744,392.673519474,392.673519474,392.673519474,392.673519474,392.673519474,392.673519474,392.673519474,392.673519474,392.673519474,392.673519474,392.673519474,392.673519474,392.673519474,392.673519474,392.673519474,392.673519474,392.673519474,392.673519474,392.673519474,392.673519474,392.673519474,392.673519474,392.673519474,392.819786448,392.819786448,392.819786448,392.819786448,392.819786448,392.819786448,392.819786448,392.819786448,392.819786448,392.819786448,392.819786448,392.819786448,392.819786448,392.819786448,392.819786448,392.966051388,392.966051388,392.966052066,392.966052066,392.966052066,392.966052066,392.966052066,392.966052066,392.966052066,392.966052066,392.966052066,392.966052066,393.10826256599995,393.528657822,393.528657822,393.528657822,393.528657822,393.528657822,393.528657822,393.528657822,393.528657822,393.528657822,393.528657822,393.528657822,393.528657822,393.528657822,393.528657822,393.528657822,393.528657822,393.528657822,393.528657822,393.528657822,393.528657822,393.528657822,393.528657822,393.528657822,393.528657822,393.528657822,393.528657822,393.528657822,393.528657822,393.528657822,393.528657822,393.528657822,393.528657822,393.528657822,393.528657822,393.528657822,393.67492344,393.67492344,393.67492344,393.67492344,393.67492344,393.67492344,393.67492344,393.67492344,393.67492344,393.67492344,393.67492344,393.67492344,393.67492344,393.67492344,393.67492344,393.67492344,393.67492344,393.67492344,393.67492344,393.67492344,393.67492344,393.67492344,393.82119041399994,393.96745738799996,393.96745738799996,393.96745738799996,393.96745738799996,393.96745738799996,393.96745738799996,393.96745738799996,393.96745738799996,393.96745738799996,393.96745738799996,393.96745738799996,393.96745738799996,393.96745738799996,393.96745738799996,393.96745738799996,393.96745806599995,393.96745806599995,393.96745806599995,393.96745806599995,393.96745806599995,393.96745806599995,393.96745806599995,393.967461456,393.967461456,393.967462134,393.967462134,393.967462134,393.967462134,393.967462134,393.967462134,393.967462134,393.967462134,393.967462134,393.967462134,393.967462134,393.967462134,393.967462134,393.967462134,393.967462134,393.967462134,393.967462134,393.967462134,393.967462134,394.255936896,394.255936896,394.255936896,394.255936896,394.255936896,394.255936896,394.255936896,394.255936896,394.255936896,394.255936896,394.255936896,394.255936896,394.255936896,394.255936896,394.255936896,394.255936896,394.255936896,394.255936896,394.255936896,394.255936896,394.255936896,394.255936896,394.39814671799996,394.39814671799996,394.39814671799996,394.39814671799996,394.39814671799996,394.39814671799996,394.39814671799996,394.39814671799996,394.39814671799996,394.39814671799996,394.39814671799996,394.39814671799996,394.39814671799996,394.39814671799996,394.39814671799996,394.39814671799996,394.39814671799996,394.39814671799996,394.39814671799996,394.39814671799996,394.39814671799996,394.39814671799996,394.39814671799996,394.39814671799996,394.398150108,394.398150108,394.398150108,394.398150108,394.398150108,394.39815282,394.39815282,394.39815282,394.39815282,394.39815282,394.39815282,394.39815282,394.39815282,394.39815282,394.39815282,394.39815282,394.39815282,394.39815282,394.39815282,394.39815282,394.39815282,394.39815282,394.39815282,394.39815282,394.39815282,394.39815282,394.39815282,394.39815282,394.39815282,394.39815282,394.39815282,394.39815282,394.39815282,394.39815282,394.39815282,394.39815282,394.39815282,394.39815282,394.39815282,394.39815282,394.39815282,394.39815282,394.39815282,394.39815282,394.39815282,394.39815282,394.39815282,394.39815282,394.39815282,394.39815282,394.39815282,394.39815282,394.39815553200003,394.39815553200003,394.39815553200003,394.39815553200003,394.39815553200003,394.39815553200003,394.39815553200003,394.39815553200003,394.39815553200003,394.39815553200003,394.39815553200003,394.39815553200003,394.39815553200003,394.39815553200003,394.39815553200003,394.39815553200003,394.39815553200003,394.39815553200003,394.39815553200003,394.39815621,394.39815621,394.39815621,394.398157566,394.398157566,394.398157566,394.398157566,394.398157566,394.398157566,394.398157566,394.398157566,394.398157566,394.398157566,394.398157566,394.398157566,394.398157566,394.398157566,394.398157566,394.54442047199996,394.54442047199996,394.54442047199996,394.54442047199996,394.54442047199996,394.54442047199996,394.54442047199996,394.54442047199996,394.54442047199996,394.54442047199996,394.54442047199996,394.54442047199996
21,277.78458616200004,296.666298336,305.42960427599996,312.232645428,316.62092449200003,323.40927813,325.91757099600005,329.59219607399996,332.922002556,335.087672868,335.878490712,338.072250564,338.49089996999993,338.965524378,339.684006402,341.468680038,343.86877766399994,344.1505395479999,344.26525579199995,344.361914862,345.4282169879999,345.4282169879999,348.23392947,348.23392947,348.23392947,348.90283545599993,349.04146475999994,349.09582001999996,349.47213985199994,349.670886738,349.78394798399995,350.45402419799996,351.40622434799997,351.40622434799997,352.055119842,353.04319093799995,353.331293478,353.331293478,353.331293478,353.73007070399996,354.828320868,355.614553398,355.614553398,355.614553398,355.614553398,355.6171108139999,355.870435344,355.91986561199997,356.06609461799997,356.06609461799997,356.06609461799997,356.512349472,356.522061144,356.522061144,356.77491921,356.944806348,356.944806348,356.944806348,356.944806348,356.944806348,357.055592904,357.753444066,357.787689168,358.08218796,358.08218796,358.08218796,358.41766235999995,358.41766235999995,358.41766235999995,358.41766235999995,358.44558511199995,358.44558511199995,358.44558511199995,358.44558511199995,358.62228275999996,358.62228275999996,358.62228275999996,359.114764332,359.29317867599997,359.29912677,359.29912677,359.29912677,359.29912677,359.29912677,359.342221806,359.342221806,359.3713439399999,359.679754614,360.04885239,360.04885239,360.35098207199997,360.35098207199997,360.42773167199994,360.437446056,360.89263627199995,361.65783317399996,361.6620482999999,361.97395406399994,362.00068557,362.00068557,362.34480108,362.34480108,362.34480108,362.49424990800003,362.49424990800003,362.49424990800003,362.49424990800003,362.77243262999997,362.968610574,363.06591442200005,363.06591442200005,363.06591442200005,363.06591442200005,363.06591442200005,363.36570297,363.36570297,363.41563428,363.41563428,363.41563428,363.466054428,363.466054428,363.466054428,364.733203206,364.733203206,364.733203206,365.05604443199996,365.05604443199996,365.488272144,365.488272144,365.94738187799993,366.21564342599993,366.592862964,366.643058016,366.78527055,366.78527055,366.985004604,368.03452894199995,368.03452894199995,368.03452894199995,368.37252279,368.46118891799995,368.46118891799995,368.46118891799995,368.46118891799995,369.180151644,369.4534548,369.981089994,369.981089994,370.02428469599994,370.02428469599994,370.02428469599994,370.02428469599994,370.36672758000003,370.36672758000003,370.36672758000003,370.60568461199995,371.12979013800003,371.6237470379999,371.6237490719999,371.6374528079999,371.6374528079999,371.9798970479999,371.9798970479999,372.07562658,372.4028958239999,372.63560847599996,372.63560847599996,372.63560847599996,372.9846896579999,373.5896683799999,373.5896683799999,373.5896683799999,373.5896683799999,373.5896704139999,373.5896704139999,373.5896704139999,373.7359360319999,373.7359360319999,373.7359360319999,373.7359360319999,374.30933351399995,374.50551077999995,374.79054536999996,374.79054536999996,374.79104709,374.79104709,375.16979958599995,375.16979958599995,375.16979958599995,376.28023747800006,376.28023747800006,376.538451066,377.149769088,377.149769088,377.14977112199995,377.707203738,377.977577934,378.2701091699999,378.796868388,379.113370314,379.34586126,379.34586126,379.63433670000006,379.814852166,379.814852166,379.81485420000007,379.8723825,380.01864947400003,380.01864947400003,380.01864947400003,380.164916448,380.418622014,381.40294580399996,381.69142327799995,381.69142327799995,381.79868491199994,381.94495052999997,382.144687296,382.144687296,382.14468865199996,382.14468865199996,382.14468865199996,382.14468865199996,382.14468865199996,382.43412414,382.43412685199996,382.9108523819999,382.910855094,382.910855094,382.910855094,382.910855094,382.910855094,382.910855094,382.910855094,383.33124967200007,383.33124967200007,383.33124967200007,383.73315247799997,383.73315247799997,383.73315247799997,384.07559739600003,384.07559739600003,384.10831632000003,384.10831632000003,384.10831632000003,384.10831632000003,384.10831632000003,384.10831632000003,384.53027165400005,384.53027165400005,384.672484188,384.81874709400006,385.12553938200006,385.12554073800004,385.12554073800004,385.12554073800004,385.12554073800004,385.12554073800004,385.57726366199995,385.57726366199995,385.59331531199996,385.59331531199996,385.59331531199996,385.59331531199996,385.59331531199996,385.59331531199996,385.59331531199996,385.59331531199996,385.59331531199996,385.59331531199996,385.59331531199996,385.59331531199996,385.739579574,386.18858304,386.33484730200007,386.33484730200007,386.477059158,386.477059158,386.477059158,386.53102592400006,386.53102592400006,386.53102592400006,386.92338249,386.923383846,386.923383846,387.069648108,387.069648108,387.069648108,387.069648108,387.069648108,387.069648108,387.069648108,387.069648108,387.069648108,387.069648108,387.069648108,387.069648108,387.069648108,387.069648108,387.069648108,387.215914404,387.215914404,387.21591508200004,387.21591508200004,387.21591508200004,387.21591711600007,387.21591711600007,387.21591711600007,387.21591711600007,387.21591711600007,387.21591711600007,387.21591711600007,387.21591711600007,387.215921184,387.215921184,387.415660662,387.415660662,387.415660662,387.415660662,387.415660662,387.415660662,387.415660662,387.415660662,387.415660662,387.415660662,387.415660662,387.41566134,387.41566134,387.41566134,387.41566134,387.41566134,387.41566134,387.41566134,387.41566134,387.42749379599996,387.42749379599996,387.57376077000004,387.57376416,387.57376416,387.57376416,387.99416009400005,387.99416009400005,387.99416009400005,387.99416009400005,388.140424356,388.247039178,388.247039178,388.247039178,388.247039178,388.247039178,388.247039178,388.247039178,388.247039178,388.247039178,388.247039178,388.389249678,388.389253068,388.389253068,388.389253068,388.389253068,388.613467668,388.613467668,388.613467668,388.61347038,388.75973735400004,389.191964388,389.191964388,389.61235964400004,389.61235964400004,389.61235964400004,389.61235964400004,389.61235964400004,389.61235964400004,389.61235964400004,389.61235964400004,389.66988591000006,389.66988591000006,389.66988591000006,389.66988591000006,389.66988591000006,389.66988591000006,389.66988591000006,389.66988591000006,389.66988591000006,389.81209641000004,389.81209641000004,389.81209641000004,389.958360672,389.95836270600006,389.958365418,389.958365418,389.958365418,389.958365418,389.958365418,389.958365418,390.35573240400004,390.35573240400004,390.35573240400004,390.35573240400004,390.35573240400004,390.35573240400004,390.355735116,390.355735116,390.355735116,390.355735116,390.355735116,390.355735116,390.355735794,390.355735794,390.355735794,390.355735794,390.35573986199995,390.35573986199995,390.35573986199995,390.355741218,390.355741218,390.355741218,390.355741218,390.355741218,390.355741218,390.355741218,390.355741218,390.355741218,390.355741218,390.413269518,390.413269518,390.55953513599997,390.55953513599997,390.55953513599997,390.55953513599997,390.55953513599997,390.55953513599997,390.55953513599997,390.55953513599997,390.55953513599997,390.705801432,390.705801432,390.705801432,390.705801432,390.705801432,390.705801432,390.70580414400007,390.70580414400007,390.70580414400007,390.70580414400007,390.70580414400007,390.70580414400007,390.70580414400007,390.70580414400007,390.70580414400007,391.19451129000004,391.19451129000004,391.19451129000004,391.19451129000004,391.19451129000004,391.19451129000004,391.19451129000004,391.34077962000003,391.34077962000003,391.34077962000003,391.34077962000003,391.34077962000003,391.34077962000003,391.34077962000003,391.34077962000003,391.34077962000003,391.34077962000003,391.48299147600005,391.48299147600005,391.48299147600005,391.48299147600005,391.48299215400004,391.48299215400004,391.48299351000003,391.48299351000003,391.482996222,391.828999284,391.8290019960001,391.8290019960001,391.8290019960001,391.8290019960001,391.8290019960001,391.82900403,391.82900403,391.82900403,391.82900403,391.9712172420001,391.9712172420001,391.9712172420001,391.9712172420001,391.9712172420001,391.9712172420001,391.9712172420001,392.11342909800004,392.11342909800004,392.11342909800004,392.11342909800004,392.11342909800004,392.401903182,392.40190386,392.40190386,392.40190386,392.40190386,392.40190386,392.40190386,392.40190386,392.40190386,392.40190386,392.7479076,392.7479076,392.7479076,392.7479076,392.7479076,392.74790827799995,392.74790827799995,392.74790827799995,392.74790827799995,392.747908956,392.747908956,392.747908956,392.747908956,392.747908956,392.747908956,392.747908956,392.747908956,392.747908956,392.89417525199997,392.89417525199997,392.89417525199997,392.89417525199997,392.89417525199997,392.89417592999996,392.89417592999996,392.89417592999996,392.89417592999996,392.89417592999996,392.89417592999996,392.89417592999996,393.0404422259999,393.0404422259999,393.0404422259999,393.0404422259999,393.0404422259999,393.0404422259999,393.0404422259999,393.0404422259999,393.0404422259999,393.0404422259999,393.0404422259999,393.0404422259999,393.0404422259999,393.0404422259999,393.0404422259999,393.0404422259999,393.0404422259999,393.0404422259999,393.1826506919999,393.1826506919999,393.1826506919999,393.1826506919999,393.1826506919999,393.1826506919999,393.1826506919999,393.1826506919999,393.1826506919999,393.1826506919999,393.1826506919999,393.1826506919999,393.1826506919999,393.1826506919999,393.1826506919999,393.1826506919999,393.1826506919999,393.1826506919999,393.32891359799993,393.32891359799993,393.47517989399995,393.47517989399995,393.47517989399995,393.47517989399995,393.47517989399995,393.47517989399995,393.47517989399995,393.47517989399995,393.47517989399995,393.47517989399995,393.47517989399995,393.47517989399995,393.47517989399995,393.47517989399995,393.47517989399995,393.47517989399995,393.47517989399995,393.47517989399995,393.47517989399995,393.47517989399995,393.47517989399995,393.47517989399995,393.47517989399995,393.47517989399995,393.47517989399995,393.47517989399995,393.47517989399995,393.47517989399995,393.47517989399995,393.47517989399995,393.47517989399995,393.47517989399995,393.47517989399995,393.47518124999993,393.47518124999993,393.47518124999993,393.47518124999993,393.47518124999993,393.47518124999993,393.47518124999993,393.47518124999993,393.47518124999993,393.47518124999993,393.47518124999993,393.47518124999993,393.47518124999993,393.47518124999993,393.47518124999993,393.47518124999993,393.47518124999993,393.47518124999993,393.47518124999993,393.47518124999993,393.61739242799996,393.61739242799996,393.61739242799996,393.61739242799996,393.61739242799996,393.61739242799996,393.61739242799996,393.61739242799996,393.61739242799996,393.61739242799996,393.61739242799996,393.61739242799996,393.61739242799996,393.61739242799996,393.61739242799996,393.61739242799996,393.61739242799996,393.61739242799996,393.61739242799996,393.61739242799996,393.61739242799996,393.61739242799996,393.61739242799996,393.61739242799996,393.61739242799996,393.61739242799996,393.61739242799996,393.7636566899999,393.7636566899999,393.7636566899999,393.7636566899999,393.7636566899999,393.90992095199994,393.90992095199994,393.90992095199994,393.90992095199994,394.19839368,394.19839368,394.19839368,394.19839368,394.19839368,394.19839368,394.19839368,394.19839368,394.19839368,394.19839368,394.19839368,394.19839368,394.198396392,394.19839707,394.19839707,394.19839707,394.198397748,394.198397748,394.198397748,394.198397748,394.198397748,394.198397748,394.198398426,394.198398426,394.198398426,394.198398426,394.198398426,394.198398426,394.198398426,394.198398426,394.198398426,394.198398426,394.198398426,394.198398426,394.198398426,394.198398426,394.3446654,394.3446654,394.3446654,394.3446654,394.3446654,394.3446654,394.3446654,394.3446654,394.3446654,394.3446654,394.3446654,394.3446654,394.3446654,394.3446654,394.486878612,394.486878612,394.486878612,394.486878612,394.486878612,394.486878612,394.486878612,394.486878612,394.486878612,394.486878612,394.486878612,394.486878612,394.486878612,394.48687929,394.48687929,394.48687929,394.48687929,394.48687929,394.48687929,394.48687929,394.48687929,394.48688200199996,394.48688200199996,394.48688200199996,394.63314490799996,394.63314490799996,394.63314490799996,394.63314490799996,394.63314490799996,394.63314490799996,394.63314490799996,394.63314490799996,394.63314490799996,394.63314490799996,394.63314490799996,394.63314490799996,394.63314490799996,394.63314490799996,394.63314490799996,394.63314490799996,394.63314490799996,394.63314490799996,394.63314490799996,394.63314490799996,394.63314490799996,394.63314490799996,394.63314490799996,394.63314490799996,394.63314490799996,394.63314490799996,394.63314490799996,394.63314490799996,394.63314490799996,394.63314490799996,394.63314626399995,394.63314626399995,394.63314626399995,394.63314626399995,394.63314626399995,394.63314626399995,394.63314626399995,394.63314626399995,394.63314626399995,394.63314626399995,394.63314626399995,394.63314626399995,394.63314626399995,394.63314626399995,394.63314626399995,394.63314626399995,394.63314626399995,394.63314626399995,394.63314626399995,394.63314829800004,394.63314829800004,394.63314829800004,394.63314829800004,394.63314829800004,394.63314829800004,394.63314829800004,394.63314829800004,394.77941323799996,394.77941323799996,394.77941323799996,394.77941323799996,394.77941323799996,394.77941323799996,394.77941323799996,394.77941323799996,394.77941323799996,394.77941323799996,394.77941323799996,394.77941323799996,394.77941323799996,394.77941323799996,394.77941323799996,394.77941323799996,394.77941323799996,394.77941323799996,394.77941323799996,394.77941323799996,394.77941323799996,394.77941323799996,394.77941323799996,394.77941323799996,394.77941323799996,394.77941323799996,394.77941323799996,394.77941323799996,394.77941323799996,394.77941323799996,394.836938826,394.836942216,394.836942216,394.836942216,394.836942216,394.836942216,394.836942216,394.83694425,394.83694425,394.83694764,394.83694764,394.83694764,394.83694764,394.83694764,394.83694764,394.83694764,394.83694764,394.83694764,394.83694764,394.83694764,394.83694764,394.83694764,394.83694764,394.83694764,394.83694764,394.83694764,394.83694764,394.83694764,394.83694764,394.83694764,394.83694764,394.836948318,394.836948318,394.836948318,394.836948318,394.836948318,394.836948318,394.836948318,394.836948318,394.836948318,394.836948318,394.836948318,394.836948318,394.836948318,394.836948318,394.836948318,394.836948318,394.836948318,394.836948318,394.836948318,394.836948318,394.836948318,394.836948318,394.836948318,394.836950352,394.836950352,394.836950352,394.836950352,394.836950352,394.836950352,394.836950352,394.83695102999997,394.83695102999997,394.83695102999997,394.83695102999997,394.83695102999997,394.83695102999997,394.83695102999997,394.83695102999997,394.83695102999997,394.83695102999997,394.83695102999997,394.83695102999997,394.83695102999997,394.83695102999997,394.83695238599995,394.83695238599995,394.83695238599995,394.83695238599995,394.836953064,394.836953064,394.836953064,394.836953064,394.836953064,394.836953064,394.836953064,394.836953064,394.836953064,394.836953064,394.836953064,394.836953064,394.836953064,394.836953064,394.836953064,394.836953064,394.836953064,394.836953064,394.836953064,394.836953064,394.836953064,394.836953064,394.836953064,394.98321936,394.98321936,394.98321936,394.98321936,394.98321936,394.98321936,394.98321936,394.98321936,394.98321936,394.98321936,394.98321936,394.98321936,394.98321936,394.98321936,394.98321936,394.98321936,394.98321936,394.98321936,394.98321936,394.983220038,394.983220038,394.983220716,394.983220716,394.983220716,394.983220716,394.983220716,394.983220716,394.983220716,394.983220716,394.983220716,394.983220716,394.983220716,394.983220716,394.983220716,394.983220716,394.983220716,394.983220716,394.983220716,394.983220716,394.983220716,394.983220716,394.983220716,394.983220716,394.983220716,394.983220716,394.983220716,394.983220716,394.983220716,394.983220716,394.983220716,394.983220716,394.983220716,394.983220716,394.983220716,394.983220716,394.983221394,394.983221394,394.983221394,394.983221394,394.983221394,394.983221394,394.983221394,394.983223428,394.983223428,394.983223428,394.983223428,394.983223428,394.983223428,394.983223428,394.983223428,394.983223428,394.983223428
22,272.54356548,292.993856418,300.00406046999996,310.049886804,314.196123258,320.907405246,323.594536884,326.671657512,329.15864694000004,332.16301952400005,332.298136788,332.429112828,337.303492806,338.75057125800004,340.637813412,341.050425228,341.625166506,343.204673952,343.56752395800004,344.262901776,344.740324968,346.173210846,346.410131166,347.459892126,347.880287382,348.73236727200015,349.5976017180001,350.1851307540001,350.2870965300001,350.2870965300001,350.2870965300001,350.82958128000007,351.7546288860001,351.84492289200006,351.98000557800015,352.54597150200004,352.6847208120001,352.6847208120001,352.6847208120001,352.77553823400007,352.902145242,353.34021392400007,353.54555775,353.54555775,353.7546732900001,353.7546732900001,353.7546732900001,354.13762464000007,354.8734051560001,355.706602746,355.94527162800006,356.4909728100001,356.4909728100001,357.3871918560001,357.3871918560001,357.43021705800004,358.11217251,358.254223002,358.29887879399996,358.454027568,358.454027568,358.52334561000004,358.866321402,359.82606701400005,359.82606701400005,359.82606701400005,359.93841364800005,359.93841364800005,359.9719827840001,360.0950526660001,360.0950526660001,360.0950526660001,360.1978611960001,360.1978611960001,360.48823503600005,360.48823503600005,360.48823503600005,360.48823503600005,360.48823503600005,360.48823503600005,360.5166506940001,361.42391639400006,361.7122684380001,361.7867718240001,361.7867718240001,361.7867718240001,361.7867718240001,361.7867718240001,361.7867718240001,362.001181866,362.001181866,362.001181866,362.10010206600003,362.10010206600003,362.10010206600003,362.55916434,362.55916434,362.633363304,362.965259898,362.965259898,362.965259898,363.46659954,363.46659954,363.49942355400003,364.034644212,364.034644212,364.034644212,364.254245022,364.254245022,364.254245022,364.95480615,364.95480615,365.57652062400007,365.84199966000006,365.84199966000006,365.84199966000006,366.16737864000004,366.16737864000004,366.16737864000004,366.734039514,366.93725103,366.93725103,366.937252386,366.937252386,367.51574368200005,367.842056268,367.842056268,367.842056268,368.372042766,368.372042766,368.372042766,368.65129130400004,369.52648896000005,369.52648896000005,369.5804550480001,369.5804550480001,369.5804550480001,369.7766336700001,369.7766336700001,369.9763704360001,370.3375634100001,370.4407841640001,371.05971273600005,371.3825546400001,371.412466644,371.871181782,371.91584028600005,372.87984509399996,372.87984509399996,372.87984509399996,372.87984509399996,372.87984577200007,373.37131848000007,373.37131848000007,373.37131848000007,373.37131848000007,373.37131848000007,374.09818261800007,374.09818261800007,374.09818261800007,374.09818261800007,374.4537644640001,374.87263557600005,374.87263557600005,374.87263557600005,375.0188998380001,375.0188998380001,375.30737527800005,375.65655477000007,375.74242279200007,376.36869342600005,376.36869342600005,376.36869342600005,376.36869342600005,376.36869342600005,376.37464491,376.520909172,376.520909172,376.81092841800006,377.445090294,377.894095794,378.11831242799997,378.11897890200004,378.11897890200004,378.34319757000003,378.64138671600006,378.78765097800004,379.25192436000003,379.25192436000003,379.25192436000003,379.61268137999997,379.808862036,379.808862714,380.087048148,380.087048148,380.141675964,380.192220186,380.91535803600004,380.91535803600004,380.91535803600004,381.53110272,382.019806476,382.019806476,382.04842960200006,382.244607546,382.244607546,382.522794336,382.522794336,382.522794336,382.522794336,382.522794336,383.11806274200006,383.11806274200006,383.39136522000007,383.39136522000007,383.39136522000007,383.391367254,383.391367254,383.6838930660001,383.6838930660001,383.6838930660001,383.82610356600003,384.408508278,384.408508278,384.408508278,384.4085116680001,384.4085116680001,384.4085116680001,384.60469096800006,384.75095319600007,384.75095319600007,384.75095319600007,384.75095319600007,384.8100958140001,385.10262637200003,385.55162916,386.509813338,386.509813338,386.509813338,386.509813338,386.509813338,386.509813338,386.509813338,386.509813338,386.930207238,387.129941292,387.38276749199997,387.38276952599995,387.66095224800006,387.66095224800006,387.6609556380001,387.6609556380001,387.6609556380001,387.6609556380001,387.6609556380001,387.6609556380001,387.8031654600001,387.8031681720001,387.80317088400005,387.80317088400005,387.80317088400005,387.80317088400005,387.80317088400005,387.94538274000007,387.99934950600004,388.61066888399995,388.903195374,389.32359130799995,389.32359130799995,389.46985760399997,389.46985760399997,389.46985760399997,389.46985760399997,389.46985760399997,389.46985760399997,389.46985760399997,389.46985760399997,389.61612390000005,389.7583344,389.7583344,389.7583344,389.7583344,389.7583344,389.7583344,390.13132796400004,390.27759561600004,390.335121882,390.33512459400004,390.35559816,390.35559816,390.804602304,390.804602304,390.804602304,391.00839622199993,391.00839622199993,391.0083969,391.008399612,391.208629284,391.208629284,391.208629284,391.208629284,391.208629284,391.208629284,391.208629284,391.35084046199995,391.35084046199995,391.493050284,391.493050284,391.493050284,391.493050284,391.493050284,391.63931454600004,391.785577452,391.785577452,391.931843748,392.074055604,392.074055604,392.074055604,392.074055604,392.21626678200005,392.50474154400007,392.50474154400007,392.50474154400007,392.50474154400007,392.504744934,392.504744934,392.504744934,392.504744934,392.504744934,392.504744934,392.504744934,392.50474628999996,392.50474628999996,392.50474628999996,392.50474628999996,392.50474628999996,392.50474628999996,392.50474764599994,392.50474832400005,392.50474832400005,392.50474968000003,392.50474968000003,392.504752392,392.504752392,392.504752392,392.504752392,392.504752392,392.504752392,392.504752392,392.504752392,392.504752392,392.504752392,392.504752392,392.504752392,392.504752392,392.504752392,392.504752392,392.504752392,392.50475510399997,392.50475510399997,392.50475510399997,392.50475510399997,392.50475510399997,392.50475510399997,392.504757816,392.504757816,392.504757816,392.504757816,392.50475984999997,392.50475984999997,392.50476256199994,392.50476256199994,392.65102546799994,392.65102546799994,392.7972876959999,392.7972876959999,392.7972876959999,392.7972876959999,392.7972876959999,392.7972876959999,392.7972876959999,392.9435546699999,392.9435546699999,392.9435546699999,392.9435546699999,392.9435546699999,392.94355534799996,392.94355534799996,393.37829505,393.37829505,393.37829505,393.378297762,393.52456473599995,393.52456744799997,393.52456744799997,393.52456744799997,393.670833744,393.670833744,393.670833744,393.670833744,393.670833744,393.670833744,393.670833744,393.670833744,393.670833744,393.670833744,393.670833744,393.670833744,393.670833744,393.67083645599996,393.67083645599996,393.817100718,393.817100718,393.817100718,393.817100718,393.817100718,393.817100718,393.817100718,393.817100718,393.817100718,393.817100718,393.963365658,393.96336836999996,393.96336836999996,393.96336836999996,393.9633710819999,393.9633710819999,393.9633710819999,393.9633710819999,393.9633710819999,393.9633710819999,393.9633710819999,393.9633710819999,393.9633710819999,393.9633710819999,393.9633710819999,393.9633710819999,393.9633710819999,393.9633710819999,393.9633710819999,394.10963534399997,394.10963534399997,394.10963534399997,394.2559023179999,394.255903674,394.255903674,394.2559043519999,394.2559043519999,394.2559043519999,394.2559043519999,394.2559043519999,394.2559043519999,394.3981182419999,394.398120954,394.398120954,394.398120954,394.398120954,394.39812298799995,394.39812298799995,394.39812298799995,394.39812298799995,394.39812298799995,394.39812298799995,394.39812298799995,394.39812298799995,394.39812298799995,394.39812298799995,394.39812298799995,394.39812298799995,394.39812298799995,394.39812298799995,394.39812298799995,394.39812298799995,394.39812298799995,394.39812298799995,394.39812298799995,394.39812298799995,394.39812298799995,394.39812434399994,394.39812434399994,394.39812434399994,394.39812434399994,394.39812434399994,394.39812434399994,394.39812434399994,394.39812434399994,394.39812434399994,394.39812434399994,394.39812502200004,394.39812502200004,394.39812502200004,394.39812502200004,394.3981256999999,394.3981256999999,394.54438996199997,394.54438996199997,394.54438996199997,394.54438996199997,394.54438996199997,394.54439063999996,394.54439063999996,394.54439063999996,394.54439063999996,394.54439063999996,394.54439063999996,394.54439063999996,394.54439063999996,394.54439063999996,394.54439063999996,394.544391996,394.544391996,394.544391996,394.544391996,394.544391996,394.544391996,394.690658292,394.690658292,394.836924588,394.83692797799995,394.83692797799995,394.83692797799995,394.83692797799995,394.83692865599994,394.83692865599994,394.83692865599994,394.83692865599994,394.83692865599994,394.83692865599994,394.83692865599994,394.836931368,394.836931368,394.836931368,394.836931368,394.836931368,394.836931368,394.836931368,394.836931368,394.836931368,394.836931368,394.836931368,394.8369320459999,394.8369320459999,394.8369320459999,394.8369320459999,394.8369320459999,394.8369320459999,394.8369320459999,394.8369320459999,394.8369320459999,394.9791432239999,394.9791432239999,394.9791432239999,394.9791432239999,394.9791432239999,394.9791432239999,394.9791432239999,394.9791432239999,394.9791432239999,394.979145258,394.979145258,394.979145258,394.979145258,394.979145258,394.979145258,394.979145258,394.979145258,395.12541223200003,395.12541223200003,395.12541223200003,395.12541223200003,395.12541223200003,395.12541223200003,395.12541223200003,395.12541223200003,395.12541223200003,395.12541223200003,395.12541290999997,395.12541290999997,395.12541290999997,395.125414944,395.12541765599997,395.12541765599997,395.12541765599997,395.12541765599997,395.12541765599997,395.12541765599997,395.12541765599997,395.12541765599997,395.12541765599997,395.12541765599997,395.12541765599997,395.12541765599997,395.12541765599997,395.12541765599997,395.12541765599997,395.1254183339999,395.1254183339999,395.125419012,395.125419012,395.125419012,395.125419012,395.125419012,395.125419012,395.125419012,395.125419012,395.125419012,395.125419012,395.125419012,395.125419012,395.125419012,395.125419012,395.125419012,395.125419012,395.125419012,395.125419012,395.125419012,395.125419012,395.125419012,395.125419012,395.125419012,395.125419012,395.125419012,395.1254196899999,395.1254196899999,395.1254196899999,395.1254196899999,395.1254196899999,395.125421724,395.125421724,395.125421724,395.125421724,395.125421724,395.125421724,395.125421724,395.125421724,395.125421724,395.125421724,395.125421724,395.125421724,395.125421724,395.125421724,395.125421724,395.125421724,395.125421724,395.125421724,395.125421724,395.41794889199997,395.41794889199997,395.41794889199997,395.41794889199997,395.41794956999996,395.41794956999996,395.41794956999996,395.41794956999996,395.417950926,395.417950926,395.41795431599996,395.41795431599996,395.41795431599996,395.41795431599996,395.41795431599996,395.41795431599996,395.41795431599996,395.41795431599996,395.41795431599996,395.41795431599996,395.41795431599996,395.41795431599996,395.41795702799993,395.41795702799993,395.41795702799993,395.41795702799993,395.41795702799993,395.41795702799993,395.41795702799993,395.41795702799993,395.41795973999996,395.41795973999996,395.41796041799995,395.41796041799995,395.41796041799995,395.41796041799995,395.41796041799995,395.41796041799995,395.41796041799995,395.41796041799995,395.41796041799995,395.41796041799995,395.41796041799995,395.41796041799995,395.41796041799995,395.41796041799995,395.41796041799995,395.41796109599994,395.41796109599994,395.41796109599994,395.41796109599994,395.41796109599994,395.41796109599994,395.41796109599994,395.41796109599994,395.41796109599994,395.41796177399993,395.41796177399993,395.41796177399993,395.41796177399993,395.41796177399993,395.41796177399993,395.4179644859999,395.4179644859999,395.4179644859999,395.4179644859999,395.4179644859999,395.4179644859999,395.4179644859999,395.4179644859999,395.4179644859999,395.4179644859999,395.4179644859999,395.4179644859999,395.4179644859999,395.4179644859999,395.4179644859999,395.4179644859999,395.4179644859999,395.4179644859999,395.4179644859999,395.4179644859999,395.4179644859999,395.4179644859999,395.4179644859999,395.4179644859999,395.4179644859999,395.4179644859999,395.4179644859999,395.4179644859999,395.4179644859999,395.4179644859999,395.4179644859999,395.4179644859999,395.4179644859999,395.4179644859999,395.4179644859999,395.4179644859999,395.4179644859999,395.4179644859999,395.4179644859999,395.4179644859999,395.4179644859999,395.4179644859999,395.4179644859999,395.4179644859999,395.4179644859999,395.4179644859999,395.4179644859999,395.4179644859999,395.4179644859999,395.4179644859999,395.4179644859999,395.4179644859999,395.4179644859999,395.4179644859999,395.4179644859999,395.4179644859999,395.4179644859999,395.4179644859999,395.4179644859999,395.4179644859999,395.4179644859999,395.4179644859999,395.4179644859999,395.4179644859999,395.4179644859999,395.4179644859999,395.4179644859999,395.4179644859999,395.4179644859999,395.4179644859999,395.4179644859999,395.4179644859999,395.4179644859999,395.4179644859999,395.4179644859999,395.4179644859999,395.4179644859999,395.4179644859999,395.4179644859999,395.4179644859999,395.4179644859999,395.4179644859999,395.4179644859999,395.4179644859999,395.4179644859999,395.4179644859999,395.4179644859999,395.4179644859999,395.4179644859999,395.4179644859999,395.4179644859999,395.4179644859999,395.4179644859999,395.4179644859999,395.4179644859999,395.4179644859999,395.4179644859999,395.4179644859999,395.4179644859999,395.4179644859999,395.4179644859999,395.4179644859999,395.4179644859999,395.4179644859999,395.4179644859999,395.4179644859999,395.4179644859999,395.4179644859999,395.4179644859999,395.4179644859999,395.4179644859999,395.4179644859999,395.4179644859999,395.4179644859999,395.4179644859999,395.4179644859999,395.4179644859999,395.4179644859999,395.4179644859999,395.4179644859999,395.4179644859999,395.4179644859999,395.4179644859999,395.4179644859999,395.4179644859999,395.4179644859999,395.4179644859999,395.4179644859999,395.4179644859999,395.4179644859999,395.4179644859999,395.4179644859999,395.4179644859999,395.4179644859999,395.4179644859999,395.4179644859999,395.4179644859999,395.4179644859999,395.4179644859999,395.4179644859999,395.4179644859999,395.4179644859999,395.4179644859999,395.4179644859999,395.4179644859999,395.4179644859999,395.4179644859999,395.4179644859999,395.4179644859999,395.4179644859999,395.4179644859999,395.4179644859999,395.4179644859999,395.4179644859999,395.4179644859999,395.4179644859999,395.4179644859999,395.4179644859999,395.4179644859999,395.4179644859999,395.4179644859999,395.4179644859999,395.4179644859999,395.4179644859999,395.4179644859999,395.4179644859999,395.4179644859999,395.4179644859999,395.4179644859999,395.4179644859999,395.4179644859999,395.4179644859999,395.4179644859999,395.4179644859999,395.4179644859999,395.4179644859999,395.4179644859999,395.4179644859999,395.4179644859999,395.4179644859999,395.4179644859999,395.4179644859999,395.4179644859999,395.4179644859999,395.4179644859999,395.4179644859999,395.4179644859999,395.4179644859999,395.4179644859999,395.4179644859999,395.4179644859999,395.4179644859999,395.4179644859999,395.4179644859999,395.4179644859999,395.4179644859999,395.4179644859999,395.4179644859999,395.4179644859999,395.4179644859999,395.4179644859999,395.4179644859999,395.4179644859999,395.4179644859999,395.4179644859999,395.4179644859999,395.4179644859999,395.4179644859999,395.4179644859999,395.4179644859999,395.4179644859999,395.4179644859999,395.4179644859999,395.4179644859999,395.4179644859999,395.4179644859999,395.4179644859999,395.4179644859999,395.4179644859999,395.4179644859999,395.4179644859999,395.4179644859999,395.4179644859999,395.4179644859999,395.4179644859999,395.4179644859999,395.4179644859999,395.4179644859999,395.4179644859999,395.4179644859999,395.4179644859999,395.4179644859999,395.4179644859999,395.4179644859999,395.4179644859999,395.4179644859999,395.4179644859999,395.4179644859999,395.4179644859999,395.4179644859999,395.4179644859999,395.4179644859999,395.4179644859999,395.4179644859999,395.4179644859999,395.4179644859999,395.4179644859999,395.4179644859999,395.4179644859999,395.4179644859999,395.4179644859999,395.4179644859999,395.4179644859999,395.4179644859999,395.4179644859999,395.4179644859999,395.4179644859999,395.4179644859999,395.4179644859999,395.4179644859999,395.4179644859999,395.4179644859999,395.4179644859999,395.4179644859999,395.4179644859999,395.4179644859999,395.4179644859999,395.4179644859999,395.4179644859999,395.4179644859999,395.4179644859999,395.4179644859999,395.4179644859999,395.4179644859999,395.4179644859999,395.4179644859999,395.4179644859999,395.4179644859999,395.4179644859999,395.4179644859999,395.4179644859999,395.4179644859999,395.4179644859999,395.4179644859999,395.4179644859999,395.4179644859999,395.4179644859999,395.4179644859999,395.4179644859999,395.4179644859999,395.4179644859999,395.4179644859999
23,275.607662406,294.064849626,308.61121622999997,311.582742426,317.415445572,320.22886488,323.668109376,324.85474904399996,327.754311642,329.82118243800005,332.466743862,333.874966134,334.97794399200006,335.08984518000005,335.56761483,338.17327866600004,339.73557237000006,339.7404153240001,339.86118543000003,340.0805177520001,340.74677479200005,342.87623854800006,342.87623854800006,343.04313570600004,343.04313570600004,344.88020721600003,345.7537037700001,345.7537037700001,345.9957823140001,346.3889246820001,346.89989870400007,347.71476249600005,347.71476249600005,349.2589583460001,349.7979073260001,349.9454563980001,350.1130403700001,350.22705556200003,350.28541509,350.45291702400004,350.79416798400007,350.79416798400007,351.145043154,351.145043154,352.1254284420001,352.1254284420001,352.27264122599996,353.64409759200004,353.82274584600003,353.8609477560001,354.35208960000006,354.51663748799996,354.6066379200001,354.877639266,354.877639266,355.888426074,356.92932896400004,356.92932896400004,356.95591537800004,357.88061856,357.88061856,357.88061856,357.938976732,358.20263127000015,358.5134929140001,358.87479233399995,359.716576794,359.97294215400007,359.97294215400007,360.1836781140001,360.6184028999999,360.6184028999999,360.6184028999999,360.6184028999999,360.67885270200003,360.822360894,360.822360894,361.773735918,361.773735918,361.773735918,361.773735918,362.068371666,362.523262884,362.523262884,362.58260890200006,362.72482347,362.72482347,362.831690508,362.831690508,362.92990829999997,362.935036692,362.935036692,362.935036692,363.24423249,363.37593670200005,363.37593670200005,363.55875736799993,363.68754889200005,364.16297401799994,364.16297401799994,364.16297401799994,364.27852759200005,364.33467616199994,364.33467616199994,364.9798413,364.9798413,364.9798413,365.13084885000006,365.13084885000006,365.63482998000006,365.63482998000006,365.63482998000006,365.7080594039999,366.047778084,367.172904846,367.24807063800006,367.25990105999995,367.280477004,368.26794196799995,368.3819605499999,368.88340189199994,368.88340189199994,368.88340189199994,369.52651268999995,370.050624318,370.050624318,370.050624318,370.050624318,370.30959997800005,370.30959997800005,370.50577724400006,370.701956544,370.701956544,370.701956544,370.701956544,370.701956544,371.075613192,371.075613192,371.075613192,371.1893795580001,371.1893795580001,371.22769876200005,371.8326740940001,371.8326740940001,371.8326740940001,371.8326740940001,371.8326740940001,371.8326740940001,371.8590062580001,371.8590062580001,371.8590062580001,371.99030841600006,371.99030841600006,371.99030841600006,371.99030841600006,371.99030841600006,371.99030841600006,371.99030841600006,372.46232184600007,372.46232184600007,372.9765584040001,372.9765584040001,372.9765584040001,372.97656043800004,373.034088738,373.034088738,373.639066104,373.639066104,374.051016192,374.182004436,374.182004436,374.182004436,374.259209652,374.259209652,374.737219992,374.88348425400005,375.19804574400007,375.34025624400005,375.406740924,375.7337626980001,375.7337626980001,375.733763376,375.92994132000007,375.92994132000007,375.92994267600005,375.92994267600005,376.27238488200004,376.27238488200004,376.27238488200004,376.562400738,376.562400738,376.562400738,376.562400738,376.562400738,377.087740224,377.08774158,377.08774158,377.08774158,377.101466334,377.101466334,377.101466334,377.22616273799997,377.28013086000004,377.632564074,377.77477525200004,377.774776608,377.774776608,377.774776608,377.774776608,377.774776608,377.774776608,377.774776608,378.22966986,378.22966986,378.29084783400003,378.583377714,378.583377714,378.583377714,379.11050305200007,379.87164212400006,380.09585808,380.095859436,380.90844514800006,381.10462444800004,381.10462444800004,381.10462444800004,381.39810827400004,381.39810827400004,381.39810827400004,381.544372536,382.966805688,383.02433602200006,383.02433602200006,383.02433602200006,383.02433602200006,383.04871147800003,383.1949757400001,383.1949757400001,383.1949757400001,383.1949757400001,383.1949757400001,383.2068061620001,383.2068061620001,383.5400235000001,383.5400235000001,383.6862864060001,383.68628844000006,383.68628844000006,383.74381674000006,383.74381674000006,383.74381674000006,383.74381674000006,383.74381674000006,383.74381674000006,383.89008371400007,383.89008371400007,383.890084392,383.890084392,384.086263014,384.086263014,384.086263014,384.086263014,384.50665962600004,384.50665962600004,384.50665962600004,384.50665962600004,384.50665962600004,384.50665962600004,384.79514049000005,384.79514049000005,384.79514049000005,384.79514049000005,384.79514049000005,384.79514049000005,384.79514049000005,384.79514049000005,384.79514049000005,384.79514049000005,384.79514184600004,384.79514184600004,384.941406786,384.941406786,384.941406786,384.941406786,384.941406786,384.941406786,385.34137932600004,385.34137932600004,386.088565158,386.088565158,386.338949202,386.338949202,386.485213464,386.485213464,386.485213464,386.631479082,386.827657704,386.827657704,386.827657704,386.97575799000003,386.97575799000003,386.97575799000003,387.12202089600004,387.12202089600004,387.12202089600004,387.268289904,387.49250586,387.49250586,387.49250586,387.6387708,387.63877215599996,387.94556647800005,388.23404530799996,388.234048698,388.234048698,388.37625919799996,388.37625919799996,389.133848262,389.133849618,389.133849618,389.133849618,389.133849618,389.133849618,389.133849618,389.133849618,389.28011388,389.28011388,389.28011388,389.28011388,389.28011388,389.280114558,389.280114558,389.280114558,389.28011726999995,389.476295892,389.476295892,389.476295892,389.62256151,389.62256151,389.622563544,389.91104169600004,390.053253552,390.19951578,390.19951578,390.199518492,390.19952256,390.19952256,390.19952391600003,390.19952391600003,390.19952391600003,390.19952391600003,390.34579089,390.34579089,390.45980743800004,390.45980743800004,390.45980743800004,390.45980743800004,390.60607644600003,390.60607644600003,390.60607644600003,390.60607644600003,390.60607644600003,390.606077124,390.66360542399997,390.66360542399997,390.66360542399997,390.66360542399997,390.66360542399997,390.805815924,390.805815924,390.805815924,390.95208221999997,390.95208221999997,390.95208493199993,390.95208493199993,390.95208493199993,390.95208493199993,391.2405603719999,391.2405603719999,391.4647756499999,391.4647756499999,391.66095427199997,392.2276151459999,392.2276151459999,392.2276151459999,392.2276151459999,392.2276151459999,392.2276151459999,392.2276151459999,392.2276151459999,392.2276151459999,392.2276151459999,392.2276151459999,392.22761582399994,392.22761582399994,392.22761582399994,392.22761582399994,392.22761582399994,392.22761582399994,392.686330284,392.686330284,392.686330284,392.686330284,392.686330284,392.686330284,392.74385858399995,392.74385858399995,392.89012081199996,392.89012081199996,392.89012081199996,392.89012081199996,392.89012081199996,392.89012081199996,393.0363857519999,393.0363857519999,393.0363857519999,393.0363857519999,393.03638643,393.03638643,393.036387786,393.036387786,393.03639049799995,393.03639049799995,393.03639049799995,393.03639049799995,393.03639049799995,393.036392532,393.036392532,393.036395244,393.036395244,393.036395244,393.036395244,393.036395244,393.036395244,393.036395244,393.036395244,393.036395244,393.036395244,393.03639592199994,393.03639592199994,393.17860303199996,393.1786057439999,393.1786057439999,393.1786057439999,393.1786057439999,393.1786057439999,393.1786057439999,393.17860845599995,393.17860845599995,393.17860845599995,393.17860845599995,393.3248693279999,393.3248693279999,393.3248693279999,393.3248693279999,393.3248693279999,393.3248693279999,393.3248693279999,393.3248693279999,393.52460744999996,393.52460812799995,393.52460812799995,393.52460812799995,393.52460812799995,393.52460812799995,393.52460812799995,393.52460812799995,393.95934986399993,393.95934986399993,393.95934986399993,393.95934986399993,394.105618872,394.105618872,394.105618872,394.105618872,394.105618872,394.105618872,394.105618872,394.105618872,394.10561955,394.10561955,394.10561955,394.10561955,394.10561955,394.10561955,394.10561955,394.10561955,394.10561955,394.10561955,394.10561955,394.10562226199994,394.10562226199994,394.10562226199994,394.10562226199994,394.10562226199994,394.10562226199994,394.10562226199994,394.10562226199994,394.10562226199994,394.10562226199994,394.10562226199994,394.10562226199994,394.10562226199994,394.10562226199994,394.10562226199994,394.10562226199994,394.10562226199994,394.10562226199994,394.10562226199994,394.10562226199994,394.10562226199994,394.10562226199994,394.10562226199994,394.10562226199994,394.10562226199994,394.10562226199994,394.10562226199994,394.10562497399997,394.10562497399997,394.10562497399997,394.10562497399997,394.10562497399997,394.10562497399997,394.10562497399997,394.10562497399997,394.10562497399997,394.10562497399997,394.10562497399997,394.10562497399997,394.10562497399997,394.10562497399997,394.10562497399997,394.10562497399997,394.10562497399997,394.10562497399997,394.10562497399997,394.10562497399997,394.10562497399997,394.10562497399997,394.10562497399997,394.10562497399997,394.10562497399997,394.10562632999995,394.10562632999995,394.10562632999995,394.10562632999995,394.10562632999995,394.10562632999995,394.10562632999995,394.25189126999993,394.25189126999993,394.25189126999993,394.39815824399994,394.39815824399994,394.39815824399994,394.39815824399994,394.39815824399994,394.39815824399994,394.39815824399994,394.39815824399994,394.39815824399994,394.39815824399994,394.39815824399994,394.39815824399994,394.39815824399994,394.39815824399994,394.39815824399994,394.39815824399994,394.39815824399994,394.39815824399994,394.39815824399994,394.39815824399994,394.39815824399994,394.39815824399994,394.39815824399994,394.39815824399994,394.39815824399994,394.39815824399994,394.39815824399994,394.39815824399994,394.39815824399994,394.39815824399994,394.39815824399994,394.39815824399994,394.39815824399994,394.39815824399994,394.39815824399994,394.39815824399994,394.3981609559999,394.3981609559999,394.3981609559999,394.3981609559999,394.3981609559999,394.3981609559999,394.3981609559999,394.3981609559999,394.3981609559999,394.3981609559999,394.3981609559999,394.3981609559999,394.3981609559999,394.3981609559999,394.3981609559999,394.3981609559999,394.3981609559999,394.3981609559999,394.3981609559999,394.3981609559999,394.3981609559999,394.3981609559999,394.3981609559999,394.3981609559999,394.3981609559999,394.3981609559999,394.3981609559999,394.3981609559999,394.3981609559999,394.3981609559999,394.3981609559999,394.3981609559999,394.3981609559999,394.3981609559999,394.3981609559999,394.3981609559999,394.3981609559999,394.3981609559999,394.3981609559999,394.3981609559999,394.5403694219999,394.5403694219999,394.5403694219999,394.5403694219999,394.5403694219999,394.5403694219999,394.5403694219999,394.5403694219999,394.5403694219999,394.5403694219999,394.5403694219999,394.5403694219999,394.5403694219999,394.5403694219999,394.5403694219999,394.5403694219999,394.5403694219999,394.5403694219999,394.5403694219999,394.5403694219999,394.5403694219999,394.5403694219999,394.68663571799993,394.68663571799993,394.68663571799993,394.68663571799993,394.68663571799993,394.686636396,394.686636396,394.686636396,394.686636396,394.68663910799995,394.68663910799995,394.68663910799995,394.68663910799995,394.68663910799995,394.68663910799995,394.68663910799995,394.68663910799995,394.68663910799995,394.68663910799995,394.68663910799995,394.68663910799995,394.68663910799995,394.68663910799995,394.68663910799995,394.68663910799995,394.68663910799995,394.68663910799995,394.68663910799995,394.68663910799995,394.68663910799995,394.68663910799995,394.8329020139999,394.8329020139999,394.8329020139999,394.8329020139999,394.8329020139999,394.8329020139999,394.8329020139999,394.8329020139999,394.8329020139999,394.8329020139999,394.8329020139999,394.8329020139999,394.8329020139999,394.8329020139999,394.97916695399994,394.97916695399994,394.97916695399994,394.97916695399994,394.97916695399994,394.97916695399994,395.1254332499999,395.1254332499999,395.12543664,395.12543664,395.27170293599994,395.27170293599994,395.27170293599994,395.27170293599994,395.27170293599994,395.27170293599994,395.27170293599994,395.27170293599994,395.27170293599994,395.27170293599994,395.27170293599994,395.27170293599994,395.27170293599994,395.27170293599994,395.27170293599994,395.27170293599994,395.27170293599994,395.27170293599994,395.27170293599994,395.27170293599994,395.27170293599994,395.27170293599994,395.27170293599994,395.27170293599994,395.27170293599994,395.27170293599994,395.27170293599994,395.27170293599994,395.27170293599994,395.27170293599994,395.27170293599994,395.27170293599994,395.27170293599994,395.27170293599994,395.27170293599994,395.27170293599994,395.27170293599994,395.27170293599994,395.27170293599994,395.27170293599994,395.27170293599994,395.27170293599994,395.27170293599994,395.27170293599994,395.27170293599994,395.27170293599994,395.27170293599994,395.27170293599994,395.27170293599994,395.27170293599994,395.27170293599994,395.27170293599994,395.27170293599994,395.27170293599994,395.27170293599994,395.27170293599994,395.27170293599994,395.27170293599994,395.27170293599994,395.27170293599994,395.27170293599994,395.27170293599994,395.271703614,395.271703614,395.271703614,395.271703614,395.271703614,395.271703614,395.271703614,395.271703614,395.271703614,395.271703614,395.271703614,395.271703614,395.271703614,395.271703614,395.271703614,395.271703614,395.271703614,395.271703614,395.271703614,395.271703614,395.271703614,395.271703614,395.271703614,395.271703614,395.271703614,395.271703614,395.271703614,395.271703614,395.271703614,395.271703614,395.271703614,395.271703614,395.271703614,395.271703614,395.271703614,395.271703614,395.271703614,395.271703614,395.271703614,395.271703614,395.271703614,395.271703614,395.271703614,395.271703614,395.271703614,395.271703614,395.271703614,395.271703614,395.271703614,395.271703614,395.271703614,395.271703614,395.271703614,395.271703614,395.271703614,395.271703614,395.271703614,395.271703614,395.271703614,395.271703614,395.271703614,395.271703614,395.271703614,395.271703614,395.271703614,395.271703614,395.271703614,395.271703614,395.271703614,395.271703614,395.271703614,395.271703614,395.271703614,395.271703614,395.271703614,395.4179665199999,395.4179665199999,395.4179665199999,395.4179665199999,395.4179665199999,395.4179665199999,395.4179665199999,395.4179665199999,395.4179665199999,395.4179665199999,395.4179665199999,395.4179665199999,395.4179665199999,395.4179665199999,395.4179665199999,395.4179665199999,395.4179665199999,395.4179665199999,395.4179665199999,395.4179665199999,395.4179665199999,395.4179665199999,395.4179665199999,395.4179665199999,395.4179665199999,395.4179665199999,395.4179665199999,395.4179665199999,395.4179665199999,395.4179665199999,395.4179665199999,395.4179665199999,395.4179665199999,395.4179665199999,395.4179665199999,395.4179665199999,395.4179665199999,395.4179665199999,395.4179665199999,395.4179665199999,395.4179665199999,395.4179665199999,395.4179665199999,395.417967198,395.417967198,395.417967198,395.417967198,395.417967198,395.417967198,395.417967198,395.417967198,395.417967198,395.417967198,395.417967198,395.417967198,395.417967198,395.417967198,395.417967198,395.417967198,395.4179678759999,395.4179678759999,395.4179678759999,395.4179678759999,395.4179678759999,395.4179678759999,395.4179678759999,395.4179678759999,395.4179678759999,395.4179678759999,395.4179678759999,395.4179678759999,395.4179678759999,395.4179678759999,395.4179678759999,395.4179678759999,395.4179678759999,395.4179678759999,395.4179692319999,395.4179692319999,395.4179692319999,395.4179692319999,395.4179692319999,395.4179692319999,395.4179692319999,395.4179692319999,395.4179692319999,395.4179692319999,395.4179692319999,395.4179692319999,395.4179692319999,395.4179692319999,395.4179692319999,395.4179692319999,395.4179692319999,395.4179692319999,395.4179692319999,395.4179692319999,395.4179692319999,395.4179692319999,395.4179692319999,395.4179692319999,395.4179692319999,395.4179692319999,395.4179692319999,395.4179692319999,395.4179692319999,395.4179692319999,395.4179692319999,395.4179692319999,395.4179692319999,395.4179692319999,395.4179692319999,395.4179692319999,395.4179692319999,395.4179692319999,395.4179692319999,395.4179692319999,395.4179692319999,395.4179692319999,395.4179692319999,395.4179692319999,395.4179692319999,395.4179692319999,395.4179692319999,395.4179692319999,395.4179692319999,395.4179692319999,395.4179692319999,395.4179692319999,395.4179692319999,395.4179692319999,395.4179692319999,395.4179692319999,395.4179692319999,395.4179692319999,395.4179692319999,395.4179692319999,395.4179692319999,395.4179692319999,395.4179692319999,395.4179692319999,395.4179692319999,395.4179692319999,395.4179692319999,395.4179692319999,395.41797126599994,395.41797126599994,395.41797126599994,395.41797126599994,395.41797126599994,395.41797126599994,395.41797126599994,395.41797126599994,395.41797126599994,395.41797126599994,395.41797126599994,395.41797126599994,395.41797126599994
24,281.931299928,301.32669202200003,306.48815415000007,311.21023295400005,316.83971712600004,321.52281228600003,324.968846274,326.00946101399995,327.68057032799993,331.714996446,334.18271508,337.91836829399995,339.63072645,340.260331488,340.536916842,340.536916842,342.59080054799995,343.7216516639999,344.1181670819999,344.14356292799994,344.220709158,345.3550390919999,345.36367884599997,346.114049922,346.3594608359999,346.895882232,347.051994444,347.63334486599996,347.63334486599996,348.6888145859999,349.150767852,349.603254882,350.28901323599996,352.069987704,352.069987704,352.50446976599994,353.338497228,353.686410216,353.93635491599997,353.9732354039999,353.9732354039999,353.9732354039999,354.24055453200003,354.732720834,355.700869578,355.723756824,355.723756824,356.06976191999996,356.06976191999996,356.06976191999996,356.06976191999996,356.06976191999996,356.069762598,356.73060174,357.014558988,357.014558988,357.513600888,357.94478651399993,357.94478651399993,358.225030356,358.225030356,358.28226440399993,358.28226440399993,358.28226440399993,358.28226440399993,358.28226440399993,358.45380518400003,358.84926970199996,358.84926970199996,358.84926970199996,358.84926970199996,359.79911854799997,359.930959716,359.930959716,360.178541586,360.40310671199995,360.40310738999995,360.446428878,360.446428878,360.51452245199994,360.51452245199994,360.51452245199994,360.75057086399994,360.75057086399994,360.75057086399994,360.75057086399994,361.610581998,361.610581998,361.77321318,361.77321318,361.77321318,361.819445322,362.038160664,362.038160664,362.187092856,362.3297447339999,362.3297447339999,362.3297447339999,362.3297447339999,362.3297447339999,362.453441088,362.453441088,362.453441088,362.453441088,362.51834196,362.82782251799995,362.82782251799995,362.82782251799995,364.22044401,364.677413298,365.346050118,365.370455406,365.83993311599994,365.83993311599994,365.86494385799995,365.9886727559999,365.9886727559999,365.9886727559999,367.18761473399996,367.18761473399996,367.75427492999995,367.75427492999995,367.982570412,367.982570412,367.982570412,367.982570412,367.982570412,368.30196197399994,368.746413348,368.746413348,368.746413348,368.746413348,369.15839055600003,369.42853355399996,369.457140408,369.90614455199994,369.90614455199994,369.90614455199994,369.90614455199994,369.90614455199994,369.99389537999997,369.99389537999997,369.99389537999997,369.99389537999997,370.08085498199995,370.08085498199995,370.096904598,370.533477612,370.69066920000006,370.69066920000006,371.254805202,371.254805202,371.51946385799994,371.51946385799994,371.98451897399997,372.13078188,372.13078188,372.138879912,372.138879912,372.138879912,372.138879912,372.138879912,372.481326864,372.481326864,372.481328898,372.481328898,372.481328898,372.481328898,372.734007972,373.04242542599997,373.04242542599997,373.04242542599997,373.04242542599997,373.133981868,373.133981868,373.233312258,373.23687107999996,373.97504425799997,373.97504425799997,374.64777755399996,374.64777755399996,374.79404452800003,374.79404452800003,375.66717225,375.66717225,375.66717225,375.66717225,376.00961309999997,376.00961309999997,376.00961309999997,376.00961309999997,376.00961309999997,376.00961309999997,376.00961309999997,376.576276008,376.72253687999995,376.72253687999995,376.76120661,376.871551788,376.909870992,377.05208555999997,377.05208555999997,377.070030186,377.446550028,377.446550028,377.446550028,377.446550028,377.446550028,377.44655206199997,377.44655206199997,377.44655206199997,377.44655206199997,377.44655206199997,377.44655206199997,378.150271992,378.150271992,378.150271992,378.150271992,378.150271992,378.150271992,378.150271992,378.42845607,378.42845607,378.517418484,378.517418484,378.517418484,378.517418484,378.517418484,378.517419162,378.66368613599997,379.2589558979999,379.2589558979999,379.2589558979999,379.25895928799997,379.401171144,379.54743404999994,379.54743404999994,379.54743404999994,379.69973793599996,379.69973793599996,379.69973793599996,379.69973793599996,379.69973793599996,379.69973793599996,379.69973793599996,380.00652751199993,380.00652751199993,380.00652751199993,380.23074482399994,380.23074482399994,380.23074482399994,380.23074482399994,380.23074482399994,380.23074482399994,380.23074482399994,380.23074482399994,380.23074482399994,380.23074482399994,380.23074482399994,380.50893093599996,380.50893093599996,380.50893093599996,380.655197232,380.655197232,381.221858784,381.720702708,381.763900122,381.763900122,382.1843028359999,382.88801937599993,383.21528522999995,383.21528522999995,383.21528522999995,383.21528522999995,383.21528522999995,383.21528522999995,383.21528522999995,383.361549492,383.361549492,383.361549492,383.361549492,383.703991698,383.703991698,383.703991698,383.703991698,383.703991698,383.703991698,383.703991698,383.703991698,383.84620151999997,383.84620151999997,383.84620151999997,383.84620491000004,383.84620491000004,383.84620491000004,383.84620491000004,384.042384888,384.042384888,384.41960306999994,384.41960306999994,384.473569836,384.47357051399996,384.47357051399996,384.47357051399996,384.780364836,384.92257737,384.92257737,384.92257737,384.92257737,384.92257737,384.92257737,384.92257737,384.92257737,385.122314136,385.318492758,385.978990866,386.12119662000003,386.12119662000003,386.20895016000003,386.20895016000003,386.20895016000003,386.58194169,386.58194169,386.58194169,386.58194169,386.58194169,386.58194169,386.58194169,386.58194169,386.58194169,386.58194169,386.58194169,386.870415774,386.870415774,387.01262763,387.01262763,387.01262763,387.01262763,387.01262763,387.01262763,387.01262763,387.01262763,387.301101714,387.301101714,387.301101714,387.301101714,387.301101714,387.301101714,387.301101714,387.443315604,387.443315604,387.443315604,387.443315604,387.443315604,387.443315604,387.443315604,387.443315604,387.7214983259999,387.86370814799994,387.86370814799994,387.863709504,388.206151032,388.206151032,388.206151032,388.20615171000003,388.35241597199996,388.35241597199996,388.35241597199996,388.35241597199996,388.35241597199996,388.35241597199996,388.644947208,388.644947208,388.644947208,388.644947208,388.644947208,388.644947208,388.644947208,388.644947208,388.64494924199994,388.64494924199994,388.6449519539999,388.6449519539999,388.6449519539999,388.6449519539999,388.6449519539999,388.6449519539999,388.6449519539999,388.6449519539999,388.7912189279999,388.937481834,388.995010134,389.14127439600003,389.28348693,389.28348693,389.341020654,389.341020654,389.341020654,389.53719859800003,389.53719859800003,389.53719859800003,389.53719859800003,389.53719859800003,389.53719859800003,389.53719859800003,389.53719927599997,389.53719927599997,389.53719927599997,389.68346964000006,389.68346964000006,389.68346964000006,389.68346964000006,389.68346964000006,389.68346964000006,389.68346964000006,389.68346964000006,389.68346964000006,389.68346964000006,389.68346964000006,389.68346964000006,389.82973390199993,389.82973390199993,389.82973390199993,389.82973390199993,389.82973390199993,389.82973390199993,389.82973390199993,389.82973390199993,389.82973390199993,390.10792137,390.10792137,390.10792137,390.392343048,390.534552192,390.53455625999993,390.53455625999993,390.676764726,390.676764726,390.676764726,390.676764726,390.676764726,390.676764726,390.676764726,390.676764726,390.676764726,390.676764726,390.82302695399994,390.82302763199993,390.82302763199993,390.82302763199993,390.82302763199993,390.82302763199993,390.823030344,391.111503072,391.111503072,391.111503072,391.111503072,391.111503072,391.25776801199993,391.25776801199993,391.25776801199993,391.25776801199993,391.25776801199993,391.25776801199993,391.3999764779999,391.546242774,391.742421396,391.742421396,391.742421396,391.742421396,391.742421396,391.742421396,391.742421396,391.742421396,392.16282004199996,392.16282207599994,392.162822754,392.162822754,392.162822754,392.30503121999993,392.30503121999993,392.30503121999993,392.30503121999993,392.30503121999993,392.30503121999993,392.30503121999993,392.30503121999993,392.30503121999993,392.30503121999993,392.30503121999993,392.30503121999993,392.30503121999993,392.30503121999993,392.30503121999993,392.30503121999993,392.30503121999993,392.30503121999993,392.30503121999993,392.45129819399995,392.45129819399995,392.45129819399995,392.45129955,392.45129955,392.45129955,392.45129955,392.59351140599995,392.739775668,392.739775668,393.085778052,393.08577873,393.08577873,393.08577873,393.08577873,393.08578076399994,393.08578076399994,393.08578076399994,393.08578076399994,393.08578076399994,393.08578076399994,393.08578076399994,393.08578076399994,393.08578076399994,393.085784154,393.085784154,393.085784154,393.085784154,393.085784154,393.085784154,393.085784154,393.085784154,393.085784154,393.085784154,393.085784154,393.085784154,393.085786866,393.085786866,393.085786866,393.08578889999995,393.08578889999995,393.232055196,393.232055196,393.520534704,393.520534704,393.520534704,393.520534704,393.520534704,393.520534704,393.520534704,393.520534704,393.520534704,393.520534704,393.520534704,393.520534704,393.520534704,393.520534704,393.520534704,393.520534704,393.520534704,393.520534704,393.666796932,393.666796932,393.666796932,393.666796932,393.666796932,393.666796932,393.813063228,393.813063228,393.813063228,393.813063228,393.813063228,393.813063228,393.813063228,393.813063228,393.813063228,393.813063228,393.81306593999994,393.81306593999994,393.81306593999994,393.81306593999994,393.81306661799994,393.81306661799994,393.81306661799994,393.81306661799994,393.95933291399996,393.95933291399996,394.10559717599995,394.10559717599995,394.10559717599995,394.10559717599995,394.10559717599995,394.10559717599995,394.10559717599995,394.10559717599995,394.10559717599995,394.10559717599995,394.25186347199997,394.25186347199997,394.25186347199997,394.25186347199997,394.25186347199997,394.25186347199997,394.25186347199997,394.25186347199997,394.25186347199997,394.25186347199997,394.25186347199997,394.25186347199997,394.2518655059999,394.2518655059999,394.2518655059999,394.2518655059999,394.2518655059999,394.2518655059999,394.2518655059999,394.2518655059999,394.2518655059999,394.2518655059999,394.2518655059999,394.2518655059999,394.39812976799993,394.3981304459999,394.3981304459999,394.3981304459999,394.3981304459999,394.3981304459999,394.3981304459999,394.3981304459999,394.3981311239999,394.3981311239999,394.3981311239999,394.3981311239999,394.3981311239999,394.3981311239999,394.3981331579999,394.3981331579999,394.3981331579999,394.3981331579999,394.3981331579999,394.3981331579999,394.3981331579999,394.3981331579999,394.3981331579999,394.3981331579999,394.3981331579999,394.3981331579999,394.3981331579999,394.3981338359999,394.3981338359999,394.3981338359999,394.3981338359999,394.3981338359999,394.3981338359999,394.3981338359999,394.3981338359999,394.3981338359999,394.3981338359999,394.3981338359999,394.3981338359999,394.3981338359999,394.3981338359999,394.3981338359999,394.3981338359999,394.3981338359999,394.3981338359999,394.3981338359999,394.3981338359999,394.3981338359999,394.3981338359999,394.3981338359999,394.3981338359999,394.3981338359999,394.3981338359999,394.3981338359999,394.3981338359999,394.3981345139999,394.3981345139999,394.3981351919999,394.3981351919999,394.3981351919999,394.3981351919999,394.3981351919999,394.3981351919999,394.3981351919999,394.3981351919999,394.3981351919999,394.3981351919999,394.3981351919999,394.3981351919999,394.3981351919999,394.3981351919999,394.3981351919999,394.3981351919999,394.3981351919999,394.3981351919999,394.3981351919999,394.3981351919999,394.3981351919999,394.3981351919999,394.3981351919999,394.3981351919999,394.3981351919999,394.54440013199996,394.54440013199996,394.54440013199996,394.54440013199996,394.54440013199996,394.54440013199996,394.5444035219999,394.5444035219999,394.5444035219999,394.544406234,394.544406234,394.544406234,394.544406234,394.544406234,394.544406234,394.544406234,394.544406234,394.544406234,394.544406912,394.544406912,394.544406912,394.544406912,394.544406912,394.544408946,394.544408946,394.544408946,394.544408946,394.544408946,394.544408946,394.54440962399997,394.54440962399997,394.54440962399997,394.54440962399997,394.54440962399997,394.54440962399997,394.54440962399997,394.54440962399997,394.54440962399997,394.54440962399997,394.54440962399997,394.686622158,394.686622158,394.686622836,394.686622836,394.686622836,394.686622836,394.686622836,394.686622836,394.686622836,394.686622836,394.686622836,394.686622836,394.686622836,394.686622836,394.686622836,394.686622836,394.686622836,394.686622836,394.686622836,394.686622836,394.686622836,394.686622836,394.686622836,394.686622836,394.686622836,394.686622836,394.686622836,394.686622836,394.686622836,394.686622836,394.686622836,394.686622836,394.686622836,394.686622836,394.686622836,394.686622836,394.686622836,394.686622836,394.686622836,394.686622836,394.686622836,394.686622836,394.686622836,394.686622836,394.686622836,394.832887776,394.832887776,394.832890488,394.832890488,394.832890488,394.832890488,394.832890488,394.832890488,394.832890488,394.8328911659999,394.8328911659999,394.8328911659999,394.8328911659999,394.8328911659999,394.8328911659999,394.8328911659999,394.8328911659999,394.8328911659999,394.8328911659999,394.8328911659999,394.8328911659999,394.8328911659999,394.8328911659999,394.8328911659999,394.8328911659999,394.8328911659999,394.8328911659999,394.8328911659999,394.8328911659999,394.8328911659999,394.8328911659999,394.8328911659999,394.8328911659999,394.8328911659999,394.8328911659999,394.8328911659999,394.8328911659999,394.8328911659999,394.8328911659999,394.8328911659999,394.8328911659999,394.8328911659999,394.8328911659999,394.8328911659999,394.8328911659999,394.8328911659999,394.8328911659999,394.8328911659999,394.979156106,394.979156106,394.979156106,394.97915678399994,394.97915678399994,394.97915678399994,394.97915678399994,394.97915678399994,394.97915678399994,394.97915678399994,394.97915678399994,394.97915678399994,394.97915678399994,394.97915678399994,394.97915678399994,394.97915678399994,394.97915678399994,394.97915678399994,394.97915678399994,394.97915678399994,394.97915678399994,394.97915678399994,394.97915678399994,394.97915678399994,394.97915678399994,394.97915678399994,394.97915678399994,394.97915678399994,394.979158818,394.979158818,394.979158818,394.979158818,394.979158818,394.979158818,394.979158818,394.979158818,394.979158818,394.979158818,394.979158818,394.979158818,394.979158818,394.979158818,394.979158818,394.979158818,394.979158818,394.979158818,394.979158818,394.979158818,394.979158818,394.979158818,394.979158818,394.979158818,394.979158818,394.979158818,394.979158818,394.979158818,394.979158818,394.979158818,394.979158818,394.979158818,394.979158818,394.979158818,394.979158818,394.979158818,394.979158818,394.979158818,394.979158818,394.979158818,394.979158818,394.979158818,394.979158818,394.979158818,394.979158818,394.979158818,394.979158818,394.979158818,394.979158818,394.979158818,394.979158818,394.979158818,394.979158818,394.979158818,394.9791594959999,394.9791594959999,394.97916220799993,394.97916220799993,394.97916220799993,394.97916220799993,394.97916220799993,394.97916220799993,394.97916220799993,394.97916220799993,394.97916220799993,394.97916220799993,394.97916220799993,394.97916220799993,394.97916220799993,394.97916220799993,394.97916220799993,394.97916220799993,394.97916220799993,394.97916220799993,394.97916220799993,394.97916220799993,394.97916220799993,394.97916220799993,394.97916220799993,394.97916220799993,394.97916220799993,394.97916220799993,395.1254264699999,395.1254264699999,395.1254264699999,395.1254264699999,395.1254264699999,395.2716927659999,395.2716927659999,395.2716927659999,395.2716927659999,395.2716927659999,395.2716927659999,395.2716927659999,395.2716927659999,395.2716927659999,395.2716927659999,395.2716927659999,395.2716927659999,395.271693444,395.271693444,395.271693444,395.271693444,395.271693444,395.271693444,395.271693444,395.271693444,395.271693444,395.271693444,395.271693444,395.271693444,395.271693444,395.271693444,395.271693444,395.271693444,395.271693444,395.271693444,395.271693444,395.271693444,395.271693444,395.271693444,395.271693444,395.271693444,395.271693444,395.271693444,395.271693444,395.271693444,395.271693444,395.271693444,395.271693444,395.2716941219999,395.2716941219999,395.2716941219999,395.2716941219999,395.2716941219999,395.2716941219999,395.2716941219999,395.2716941219999
25,282.06357366,298.07400804,311.668573158,313.671808908,317.98749654600005,319.4785833,324.384959454,327.14305599600004,329.032238586,330.190892448,334.754005338,336.78795855600004,338.6337925380001,339.594915168,340.85568600000005,342.1686750360001,342.37722376799996,343.52582966999995,343.52582966999995,346.609236036,347.094121974,347.294934726,347.294934726,347.52172776,348.189938796,348.428436144,348.788239218,349.34349138600004,349.696059522,349.77523365,350.55080666400005,352.03002367199997,352.88019567,352.946681028,354.02449288200006,354.02449288200006,354.86870051400007,354.86870051400007,355.80792442200004,355.80792442200004,355.8834705720001,356.215685826,356.7316099260001,356.8467295800001,356.8467295800001,357.63778743600005,358.217580492,358.954344786,359.23786065600007,359.23786065600007,359.23786065600007,359.23786065600007,359.29623984600005,359.521240926,359.521240926,359.521240926,359.69863420200005,360.13059139200004,360.49902811800007,360.49902811800007,360.49902811800007,360.64863424200007,360.64863424200007,360.8232741600001,361.40792508600003,361.40792508600003,361.464009924,361.464009924,361.464009924,361.513946658,361.53065800200005,362.136435408,362.136435408,362.55870804600005,362.84018584800003,362.97526717799997,363.65505303,363.65505303,363.65505303,364.22774946,364.35200313,364.35200313,364.35200313,364.702101312,364.772249904,364.772249904,364.772249904,364.814565918,364.814565918,364.814565918,364.814565918,364.814565918,364.814565918,364.868532684,364.868532684,365.01074454,365.01074454,365.01074454,365.01074454,365.01074454,365.01074454,365.72422563599997,365.92396308,366.29695528799994,366.32967489,366.356093838,366.361816836,366.361816836,366.361816836,366.361816836,366.61107878999997,366.61107878999997,366.61107878999997,366.656617338,367.64971173600003,367.64971173600003,367.64971173600003,367.64971173600003,367.64971173600003,367.64971173600003,367.7415888720001,367.7415888720001,368.52147532199996,368.61331991399993,368.61331991399993,368.75294655600004,369.818403216,370.06514300999993,370.173486054,370.190198076,370.190198076,370.190198076,370.190198076,370.19313924,370.772689572,370.772689572,370.78946397,370.78946397,370.78946397,371.09270896199996,371.399499894,371.399499894,371.399499894,371.399499894,371.54170836,371.54170836,371.54170971599996,371.54170971599996,371.54595467400003,371.54595467400003,371.6189515440001,371.6189515440001,371.62364669400006,371.62364669400006,371.80646329200005,371.80646329200005,371.80646329200005,371.80646464800003,371.80646464800003,371.952730944,372.40173508800007,372.47396378400003,372.47396378400003,372.47396378400003,372.62023008000006,372.62023008000006,373.2762900000001,373.2762900000001,373.28423005800005,373.28423005800005,373.53097053000005,373.94983757400007,373.94983825200006,374.09204739600005,374.09204739600005,374.342040234,375.144753588,375.26848045200006,375.58498373400005,375.731245962,376.25444839200003,376.72392610200006,376.78144897800007,377.115726708,377.115726708,377.18097336000005,377.443511232,377.443511232,377.443511232,377.443511232,377.839922238,377.986189212,377.986189212,377.986189212,377.986189212,378.73337707800005,378.73337707800005,378.73337707800005,379.0233922560001,379.0233922560001,379.0233922560001,379.0233922560001,379.0233922560001,379.165606824,379.165606824,379.27328339400003,379.273284072,379.273284072,379.894771416,379.894771416,379.894771416,379.948737504,380.095003122,380.41468758,380.41468758,380.42063296199996,380.42063296199996,380.42063296199996,380.45895081,380.45895081,380.99757299400005,381.59284343400003,381.696096732,381.696096732,381.696096732,381.696096732,381.696096732,381.696096732,381.696096732,381.696096732,381.69965691000004,381.74431473600004,381.74431473600004,381.74431473600004,381.744315414,382.08675762,382.08675762,382.2289708320001,382.453190856,382.765159674,382.765159674,382.765159674,382.765160352,382.765160352,382.765160352,382.911427326,382.911427326,382.98652938600003,382.98652938600003,383.60822148600005,383.950665048,383.950665048,383.950665048,384.277933614,384.277933614,384.27793632600003,384.424200588,384.57046485000006,384.57046485000006,384.91290705600005,385.18620614400004,385.18620614400004,385.33247244000006,385.33247244000006,385.620948558,385.678473468,385.874653446,385.874653446,386.35169695800005,386.35169695800005,386.62988035800004,386.62988035800004,386.772092214,386.772092214,386.772092214,386.772092214,386.772092214,386.772092214,386.772092214,386.772092214,386.772092214,387.02492044800005,387.0788865360001,387.0788865360001,387.37141980600006,387.37141980600006,387.37141980600006,387.37141980600006,387.37141980600006,387.37141980600006,387.5176861020001,387.5176861020001,387.5176861020001,387.71386133400006,387.71386133400006,387.71386133400006,387.71386133400006,387.71386133400006,387.71386133400006,387.71386133400006,387.71386133400006,388.056306252,388.056306252,388.056306252,388.056306252,388.056306252,388.056306252,388.056306252,388.056306252,388.05630693000006,388.05630693000006,388.05630693000006,388.05630693000006,388.05630693000006,388.05630693000006,388.05630693000006,388.05630693000006,388.05630693000006,388.05630693000006,388.05630693000006,388.05630693000006,388.05630693000006,388.05630693000006,388.05630760800005,388.05630760800005,388.30751610000004,388.30751610000004,388.30751610000004,388.30751610000004,388.44973066800003,388.44973066800003,388.44973066800003,388.449731346,388.449731346,388.449731346,388.449731346,388.449731346,388.449731346,388.449731346,388.449731346,388.449731346,388.449731346,388.449731346,388.5959976420001,388.5959976420001,388.5959976420001,388.5959976420001,388.5959976420001,388.59599832,388.59599832,388.738210854,388.738210854,388.738210854,388.88447715,388.88447715,388.88447986200003,388.88447986200003,389.080658484,389.080658484,389.080658484,389.080658484,389.080658484,389.22692274599996,389.22692274599996,389.22692274599996,389.22692274599996,389.22692274599996,389.22692274599996,389.22692274599996,389.36913663600006,389.36913663600006,389.36913663600006,389.36913663600006,389.36913663600006,389.515398864,389.515398864,389.515398864,389.515398864,389.515401576,389.66166583800003,389.66166583800003,389.80793213400005,389.80793281200005,389.80793281200005,389.80793281200005,389.80793281200005,389.80793281200005,389.80793281200005,389.80793281200005,389.80793281200005,389.80793281200005,389.80793281200005,389.80793281200005,389.80793281200005,389.80793281200005,389.80793281200005,389.80793281200005,389.8079355240001,389.954199786,390.100462692,390.100462692,390.100462692,390.100462692,390.100462692,390.100462692,390.100462692,390.100462692,390.100462692,390.100462692,390.100462692,390.100462692,390.100462692,390.100462692,390.10046337000006,390.10046337000006,390.524912388,390.524912388,390.524912388,390.524912388,390.524912388,390.524912388,390.524912388,390.524912388,390.524912388,390.524912388,390.524912388,390.524912388,390.524913066,390.524913066,390.524913066,390.524913744,390.524913744,390.524913744,390.671178006,390.671178006,390.671178006,390.671178006,390.987678576,390.987678576,390.987678576,390.987678576,390.98768128800003,391.04520348599993,391.04520348599993,391.32338756400003,391.46559942,391.46559942,391.46559942,391.46559942,391.46559942,391.46559942,391.46560213199996,391.46560213199996,391.46560213199996,391.46560213199996,391.61186842800004,391.61187114,391.61187114,391.61187114,391.61187114,391.61187114,391.61187520799996,391.61187520799996,391.611876564,391.611876564,391.611876564,391.75408909799995,392.03227182,392.03227182,392.03227182,392.03227182,392.03227182,392.03227182,392.03227182,392.178536082,392.178536082,392.178536082,392.178536082,392.324800344,392.471065284,392.471065284,392.471065284,392.471065284,392.471065284,392.471065284,392.471065284,392.471065284,392.471065284,392.471065284,392.61732954599995,392.61732954599995,392.61732954599995,392.61732954599995,392.61732954599995,392.61732954599995,392.61732954599995,392.61732954599995,392.61732954599995,392.813508846,393.1019863199999,393.1019863199999,393.1019863199999,393.101989032,393.101989032,393.101989032,393.101989032,393.101989032,393.101989032,393.101989032,393.101989032,393.101989032,393.101989032,393.101989032,393.101989032,393.10198971,393.10198971,393.10198971,393.10198971,393.10198971,393.101991066,393.24420292199994,393.24420292199994,393.24420292199994,393.24420292199994,393.24420292199994,393.24420292199994,393.24420563399997,393.24420563399997,393.24420563399997,393.244208346,393.244208346,393.244208346,393.244208346,393.244211058,393.244211058,393.244211058,393.244211058,393.244211058,393.244211058,393.244211058,393.244211058,393.244211058,393.244211058,393.244211058,393.2442117359999,393.2442117359999,393.2442117359999,393.2442117359999,393.2442117359999,393.2442117359999,393.2442117359999,393.2442117359999,393.2442117359999,393.5326905659999,393.5326905659999,393.5326905659999,393.53269327799995,393.53269327799995,393.53269327799995,393.53269327799995,393.53269327799995,393.53269327799995,393.53269327799995,393.53269327799995,393.53269327799995,393.53269327799995,393.53269327799995,393.5326959899999,393.5326959899999,393.5326959899999,393.5326959899999,393.5326959899999,393.5326959899999,393.5326959899999,393.5326959899999,393.5326959899999,393.5326959899999,393.5326959899999,393.5326959899999,393.5326959899999,393.5326959899999,393.5326959899999,393.5326959899999,393.5326959899999,393.5326959899999,393.5326959899999,393.5326959899999,393.5326959899999,393.53269802399996,393.53269802399996,393.53269802399996,393.53269802399996,393.53269802399996,393.53269802399996,393.532700736,393.532700736,393.532700736,393.532700736,393.532700736,393.532700736,393.532700736,393.532700736,393.532700736,393.532700736,393.532700736,393.532700736,393.532700736,393.532700736,393.67896296399994,393.67896296399994,393.67896296399994,393.67896296399994,393.67896296399994,393.67896296399994,393.67896296399994,393.67896296399994,393.67896296399994,393.67896296399994,393.67896296399994,393.67896296399994,393.67896296399994,393.67896296399994,393.67896296399994,393.67896296399994,393.67896296399994,393.67896296399994,393.67896296399994,393.67896296399994,393.67896296399994,393.67896296399994,393.67896296399994,393.67896296399994,393.67896296399994,393.67896296399994,393.67896296399994,393.8252292599999,393.8252292599999,393.8252292599999,393.8252292599999,393.8252292599999,393.8252292599999,393.8252292599999,393.8252292599999,393.8252292599999,393.82522993799995,393.82522993799995,393.82522993799995,393.82523265,393.82523265,393.82523265,393.82523265,393.82523265,393.82523265,393.82523265,393.82523265,393.82523265,393.8252333279999,393.8252333279999,393.8252333279999,393.8252333279999,393.8252333279999,393.8252333279999,393.8252333279999,393.82523603999994,393.82523603999994,393.82523603999994,393.82523603999994,393.82523603999994,393.82523603999994,393.82523603999994,393.82523603999994,393.82523603999994,393.82523603999994,393.82523603999994,393.82523603999994,393.825238752,393.825238752,393.825238752,393.825241464,393.825241464,393.82524417599996,393.82524417599996,393.82524417599996,393.82524417599996,393.82524417599996,393.82524417599996,393.82524417599996,393.97150843799994,393.97150843799994,393.97150843799994,393.97150843799994,393.9715111499999,393.9715111499999,393.9715111499999,393.9715111499999,393.9715111499999,393.9715111499999,393.9715111499999,393.9715111499999,393.9715111499999,394.11372300599993,394.255934862,394.25593553999994,394.25593553999994,394.25593553999994,394.25593553999994,394.25593553999994,394.25593553999994,394.25593553999994,394.25593553999994,394.2559382519999,394.2559382519999,394.2559382519999,394.2559382519999,394.2559382519999,394.2559382519999,394.2559382519999,394.2559382519999,394.40220454799993,394.40220454799993,394.40220454799993,394.40220454799993,394.40220454799993,394.40220454799993,394.40220454799993,394.40220454799993,394.40220454799993,394.40220454799993,394.40220454799993,394.40220454799993,394.40220454799993,394.40220454799993,394.40220454799993,394.40220454799993,394.40220454799993,394.40220454799993,394.40220454799993,394.40220454799993,394.40220454799993,394.54846745399993,394.54846745399993,394.54846745399993,394.54846745399993,394.54846745399993,394.54846745399993,394.54846745399993,394.54846745399993,394.54846745399993,394.54846745399993,394.54846745399993,394.54846745399993,394.54846745399993,394.54846745399993,394.54846745399993,394.54846745399993,394.54847084399995,394.54847084399995,394.54847423399985,394.54847423399985,394.54847423399985,394.54847423399985,394.54847423399985,394.54847423399985,394.54847423399985,394.54847423399985,394.54847423399985,394.54847423399985,394.54847423399985,394.54847423399985,394.54847423399985,394.54847423399985,394.54847423399985,394.54847423399985,394.54847423399985,394.54847423399985,394.54847423399985,394.54847423399985,394.54847423399985,394.54847423399985,394.54847423399985,394.54847423399985,394.54847423399985,394.54847423399985,394.54847423399985,394.54847423399985,394.54847423399985,394.54847423399985,394.54847423399985,394.54847423399985,394.54847423399985,394.54847423399985,394.54847423399985,394.54847423399985,394.54847423399985,394.54847423399985,394.54847423399985,394.54847423399985,394.54847423399985,394.54847423399985,394.54847423399985,394.54847423399985,394.54847423399985,394.54847423399985,394.54847423399985,394.54847423399985,394.54847423399985,394.69474052999993,394.69474052999993,394.69474052999993,394.69474052999993,394.69474052999993,394.69474052999993,394.6947412079999,394.6947412079999,394.6947412079999,394.6947412079999,394.6947412079999,394.6947412079999,394.8369523859999,394.8369523859999,394.8369523859999,394.8369523859999,394.8369523859999,394.8369523859999,394.8369523859999,394.8369523859999,394.8369523859999,394.8369523859999,394.8369523859999,394.8369523859999,394.8369523859999,394.8369523859999,394.8369523859999,394.8369523859999,394.8369523859999,394.8369523859999,394.8369523859999,394.8369523859999,394.8369523859999,394.8369523859999,394.8369523859999,394.8369523859999,394.8369523859999,394.8369523859999,394.8369523859999,394.8369523859999,394.8369523859999,394.8369523859999,394.8369523859999,394.8369523859999,394.8369523859999,394.8369523859999,394.8369523859999,394.8369523859999,394.8369523859999,394.8369523859999,394.8369523859999,394.8369523859999,394.8369523859999,394.8369523859999,394.83695509799986,394.83695509799986,394.83695509799986,394.83695509799986,394.83695509799986,394.83695509799986,394.83695509799986,394.83695509799986,394.83695509799986,394.83695509799986,394.83695509799986,394.83695509799986,394.83695509799986,394.83695509799986,394.83695509799986,394.83695509799986,394.83695509799986,394.83695509799986,394.83695577599997,394.83695577599997,394.83695577599997,394.83695577599997,394.83695577599997,394.83695577599997,394.83695577599997,394.83695577599997,394.83695577599997,394.83695577599997,394.83695577599997,394.83695577599997,394.83695577599997,394.83695577599997,394.83695577599997,394.83695577599997,394.83695577599997,394.83695577599997,394.83695577599997,394.83695577599997,394.83695577599997,394.83695577599997,394.83695577599997,394.83695577599997,394.83695577599997,394.97916695399994,394.97916695399994,394.97916695399994,394.97916695399994,394.97916695399994,394.97916695399994,394.97916695399994,394.97916695399994,394.97916695399994,394.97916695399994,394.97916695399994,394.97916695399994,394.97916695399994,394.97916695399994,394.97916695399994,394.97916695399994,394.97916695399994,394.97916695399994,394.97916695399994,394.97916695399994,394.97916763199987,394.97916763199987,394.97916763199987,394.97916763199987,394.97916763199987,394.97916763199987,394.97916763199987,394.97916763199987,394.97916763199987,394.97916763199987,394.97916763199987,394.97916763199987,394.97916763199987,394.97916763199987,394.97916763199987,394.97916763199987,394.97916763199987,394.97916763199987,394.97916763199987,395.1254318939999,395.1254318939999,395.1254318939999,395.1254318939999,395.1254318939999,395.1254318939999,395.1254318939999,395.1254318939999,395.1254318939999,395.1254318939999,395.1254318939999,395.1254318939999,395.1254318939999,395.1254318939999,395.1254318939999,395.1254318939999,395.1254318939999,395.2716948,395.2716948,395.2716948,395.2716948,395.2716948,395.2716948,395.2716948,395.2716948,395.2716948,395.2716948,395.2716948,395.2716948,395.2716948,395.2716948,395.2716948,395.2716954779999,395.2716954779999,395.2716954779999,395.2716954779999,395.2716954779999,395.2716954779999,395.2716954779999,395.2716954779999,395.2716954779999,395.2716954779999,395.2716954779999,395.2716954779999,395.27169615599996,395.27169615599996,395.27169615599996,395.27169615599996,395.27169615599996,395.27169615599996,395.27169615599996,395.27169615599996,395.27169615599996,395.27169615599996,395.27169615599996,395.27169615599996,395.27169615599996,395.27169615599996
26,270.857083194,292.331797554,305.518877214,310.29783615,312.40907865599996,315.098916192,320.45649592200004,321.550521468,324.497428806,327.42585928799997,328.968035376,332.01750987599996,333.560224296,337.00227774600006,338.15106603,339.085905312,341.16415227000005,343.2655068240001,344.204637846,344.296921104,344.7300715740001,346.079562774,346.79539991999997,347.502565446,347.63648536200003,348.521284176,348.83653587000003,349.14642526200004,349.94057005200006,350.744164128,351.3632025360001,352.00739474399995,353.3950464959999,354.02818459199995,354.02818459199995,354.02818459199995,354.02818459199995,354.182349588,354.20247466199993,354.983186916,355.98787511399996,356.1368093400001,356.95671541800004,357.13037969400006,357.800771856,358.3233783239999,358.3233783239999,358.3233783239999,358.5823512719999,358.5823512719999,358.5823512719999,358.70237761199996,359.10175554599994,359.10175554599994,359.10175554599994,359.10175554599994,359.4571699259999,359.624844072,359.97860616599996,359.97860616599996,359.97860616599996,359.97860616599996,359.97860616599996,360.0312874439999,360.665846628,360.665846628,360.665846628,361.10096533199993,361.10096533199993,361.10096533199993,361.10096533199993,361.20889683,361.3155136859999,362.0386040759999,362.0386040759999,362.0386040759999,362.0386040759999,362.0386040759999,362.16898415399993,362.16898415399993,362.16898415399993,362.16898415399993,362.16898415399993,362.16898415399993,362.16898415399993,362.16898415399993,362.16898415399993,362.45899933199996,362.45899933199996,362.45899933199996,362.838566784,362.9861463659999,362.9861463659999,363.3431974379999,363.3431974379999,363.4854086159999,363.4854086159999,363.4854086159999,364.089584586,364.4139533459999,364.4139533459999,364.43835999000004,364.43835999000004,364.43835999000004,364.5249121139999,364.5249121139999,364.5249121139999,365.677436856,366.40013265,366.875555742,366.875555742,366.9041463239999,366.9041463239999,366.9041463239999,367.04376957599993,367.04376957599993,367.15683489,367.97420931600004,367.97420931600004,367.97420931600004,369.07238693399995,369.52138904399993,369.52138904399993,369.52138904399993,369.718855188,369.718855188,369.920157456,369.920157456,370.21017602399996,370.21017602399996,370.61531831400004,370.61531831400004,370.71104716799994,370.7685741119999,370.7685741119999,370.7685741119999,370.91078393399994,371.11052408999996,371.11052408999996,371.11052408999996,371.11052408999996,371.75741948399997,371.75741948399997,371.75741948399997,371.75741948399997,371.75741948399997,371.75741948399997,371.75741948399997,371.75741948399997,371.75741948399997,371.75741948399997,371.81138963999996,371.81138963999996,371.81138963999996,372.1115917679999,372.1115917679999,372.1115917679999,372.7705399679999,372.7705399679999,372.8128858139999,373.119679458,373.5207957839999,374.11606622399995,374.173591134,374.173591134,374.173591134,374.173591134,374.37738572999996,374.434916742,375.039894108,375.039894108,375.3096357299999,375.383834694,375.383834694,375.383834694,375.383834694,375.53010370199996,375.98266598999993,375.98266598999993,375.98266598999993,376.577931684,376.577931684,376.65213200399995,376.65213200399995,377.415834594,377.415834594,377.78882747999995,377.78882747999995,377.78882747999995,377.78882747999995,378.29740002600005,378.717794604,378.717794604,378.717794604,378.717794604,378.86405886600005,378.880107126,379.07628574800003,379.07628574800003,379.218496926,379.218496926,379.525289892,379.525289892,379.721468514,380.05468314000007,380.05468314000007,380.05468314000007,380.05468314000007,380.39712466800006,380.587402656,380.58740740200005,380.58740740200005,380.58740740200005,380.58740740200005,380.58740740200005,380.58740740200005,380.58740740200005,380.734080498,380.79160744200004,380.79160744200004,380.79160744200004,380.79160744200004,381.38687855999996,381.38688195000003,381.611099262,381.65977762800003,381.67655473800005,382.16275125,382.49067815399997,382.49067815399997,382.49067815399997,382.63694444999993,382.63694444999993,382.63694444999993,382.681602276,382.823814132,382.823814132,382.823814132,382.823814132,382.823814132,382.970080428,382.970080428,382.970080428,382.970080428,383.55011349600005,383.696376402,383.696376402,383.696376402,384.10858006200004,384.10858006200004,384.254847036,384.254847036,384.45614252400003,384.680357802,384.97037637,384.97037637,384.97037637,385.258853166,385.258853166,385.258853166,385.258853166,385.258853166,385.258853166,385.258853166,385.258853166,385.25885587799996,385.25885723399995,385.25885723399995,385.25885723399995,385.25885723399995,385.25885994600003,385.534548306,385.534548306,385.534548306,385.67675677200003,385.67675677200003,385.81896862799994,385.81896862799994,385.81896862799994,385.81896862799994,385.81896862799994,385.81896862799994,385.81896862799994,385.81896862799994,385.81896862799994,385.81896862799994,385.96523289,385.96523289,385.965233568,385.965233568,386.16497033400003,386.272616394,386.272616394,386.272616394,386.272616394,386.272616394,386.414826216,386.414826216,386.56109047800004,386.7033003,386.7033003,386.7033003,386.7033003,386.70330369000004,386.70330369000004,386.70330369000004,386.70330369000004,386.70330369000004,386.70330369000004,386.70330369000004,386.70330369000004,386.99177913,386.99177913,387.298572096,387.298572096,387.298572096,387.298572096,387.298572096,387.31462239,387.314624424,387.314631204,387.314631204,387.314631204,387.314631204,387.314631204,387.314631204,387.314631204,387.31463391600005,387.31463459400004,387.3146352719999,387.3146352719999,387.3146352719999,387.314637306,387.314637306,387.314637306,387.314637306,387.314637306,387.314637306,387.314637306,387.314637306,387.314637306,387.314637306,387.314637306,387.314637306,387.46090021199996,387.46090021199996,387.46090021199996,387.46090021199996,387.60716583,387.60716583,387.80334445200003,387.80334445200003,387.80334445200003,387.945556986,387.945556986,387.945556986,388.14529578599996,388.341474408,388.358249484,388.358249484,388.64672356799997,388.64672356799997,388.64672356799997,388.64672356799997,389.025482166,389.025482166,389.025482166,389.025482166,389.025482166,389.17174642799995,389.17174642799995,389.73841001399995,389.88467427599994,389.88467427599994,389.88467427599994,389.88467427599994,389.88467427599994,389.88467427599994,389.88467427599994,389.88467427599994,389.88467427599994,389.88467427599994,389.88467427599994,389.88467427599994,389.88467427599994,389.88467427599994,389.88467427599994,389.88467427599994,390.030937182,390.030937182,390.030937182,390.030937182,390.030937182,390.030937182,390.030937182,390.03094124999996,390.03094124999996,390.03094124999996,390.03094124999996,390.03094124999996,390.03094124999996,390.03094124999996,390.03094124999996,390.17315175,390.17315175,390.17315175,390.17315175,390.17315175,390.319414656,390.319414656,390.319414656,390.319414656,390.607894164,390.60789484199995,390.60789484199995,390.60789484199995,390.60789484199995,390.619727976,390.89791137599997,390.89791137599997,391.186389528,391.328600706,391.47486564599996,391.47486632399995,391.47486632399995,391.47486632399995,391.47486632399995,391.47486632399995,391.47486903600003,391.474870392,391.474870392,391.4748737819999,391.62114007799994,391.62114007799994,391.62114007799994,391.62114007799994,391.62114007799994,391.62114007799994,391.62114007799994,391.62114007799994,391.62114007799994,391.62114007799994,391.62114007799994,391.7674043399999,391.7674043399999,391.91367131399994,391.91367131399994,391.913671992,391.913671992,391.913671992,391.913671992,391.913671992,391.913671992,391.913671992,391.913671992,391.913671992,391.913671992,391.913671992,392.202149466,392.202149466,392.202149466,392.202149466,392.202149466,392.202149466,392.3443599659999,392.3443599659999,392.3443599659999,392.34436064399995,392.49062490599994,392.49062490599994,392.49062490599994,392.4906282959999,392.49063032999993,392.49063032999993,392.49063032999993,392.7791057699999,392.7791057699999,392.8366320359999,392.8366320359999,392.8366320359999,392.8366320359999,392.8366320359999,392.83663271399996,392.83663271399996,392.83663271399996,392.83663271399996,392.83663271399996,392.982899688,392.982899688,392.982899688,393.12511018799995,393.1251122219999,393.1251122219999,393.1251122219999,393.1251122219999,393.1251122219999,393.1251122219999,393.1251122219999,393.1251122219999,393.1251122219999,393.1251122219999,393.1251122219999,393.1251122219999,393.1251122219999,393.1251122219999,393.1251122219999,393.1251122219999,393.1251122219999,393.1251122219999,393.1251122219999,393.1251129,393.1251129,393.12511493399995,393.2673261119999,393.2673261119999,393.2673261119999,393.2673261119999,393.2673261119999,393.2673261119999,393.2673261119999,393.2673261119999,393.2673267899999,393.2673267899999,393.2673267899999,393.2673267899999,393.2673267899999,393.2673267899999,393.2673267899999,393.2673267899999,393.2673267899999,393.2673267899999,393.2673267899999,393.2673267899999,393.2673267899999,393.26732882399995,393.26732882399995,393.26732882399995,393.26732882399995,393.267331536,393.267331536,393.267331536,393.267331536,393.267331536,393.2673349259999,393.2673349259999,393.267335604,393.267335604,393.267335604,393.267338994,393.2673410279999,393.2673410279999,393.2673410279999,393.2673410279999,393.2673410279999,393.2673410279999,393.2673410279999,393.2673410279999,393.2673410279999,393.2673410279999,393.41360325599993,393.41360325599993,393.41360325599993,393.41360325599993,393.41360325599993,393.41360325599993,393.41360325599993,393.41360325599993,393.41360325599993,393.413603934,393.413603934,393.413603934,393.413603934,393.413603934,393.413603934,393.413603934,393.413603934,393.413603934,393.47113155600005,393.47113155600005,393.759607674,393.759607674,393.759607674,393.759607674,393.759607674,393.759607674,393.759607674,393.75960970799997,393.75960970799997,393.75960970799997,393.75960970799997,393.75960970799997,393.75960970799997,393.75960970799997,393.75960970799997,393.75960970799997,393.75960970799997,393.75960970799997,393.75960970799997,393.75960970799997,393.75960970799997,393.75960970799997,393.75960970799997,393.75960970799997,393.75960970799997,393.75960970799997,393.75961106399996,393.75961106399996,393.75961106399996,393.75961106399996,393.75961106399996,393.75961106399996,393.75961106399996,393.75961106399996,393.75961106399996,393.759613776,393.759613776,393.759613776,393.759613776,393.759613776,393.759613776,393.759613776,393.759613776,393.759613776,393.759613776,393.759613776,393.759613776,393.759613776,393.759613776,393.759613776,393.909434148,393.909434148,393.909434148,393.909434148,393.909434148,394.105615482,394.105615482,394.105615482,394.105615482,394.105615482,394.105615482,394.105615482,394.105616838,394.105616838,394.105616838,394.105616838,394.105616838,394.105616838,394.105616838,394.105616838,394.105616838,394.105616838,394.105616838,394.105616838,394.105617516,394.105617516,394.105617516,394.105617516,394.105617516,394.105618194,394.105618194,394.105618194,394.105618194,394.24782937199996,394.24782937199996,394.24782937199996,394.24782937199996,394.24782937199996,394.24782937199996,394.24782937199996,394.24782937199996,394.24782937199996,394.24782937199996,394.24782937199996,394.24783004999995,394.24783004999995,394.24783004999995,394.24783004999995,394.24783004999995,394.24783004999995,394.24783004999995,394.24783004999995,394.24783004999995,394.24783004999995,394.24783004999995,394.24783004999995,394.24783004999995,394.24783004999995,394.24783004999995,394.24783004999995,394.24783004999995,394.24783004999995,394.24783004999995,394.24783004999995,394.24783004999995,394.24783004999995,394.24783004999995,394.24783004999995,394.24783004999995,394.24783004999995,394.24783004999995,394.39409499,394.39409499,394.39409499,394.39409499,394.39409499,394.39409499,394.39409499,394.39409499,394.39409499,394.39409499,394.39409499,394.39409499,394.39409499,394.39409499,394.39409499,394.39409499,394.39409499,394.39409499,394.39409499,394.54035992999997,394.54035992999997,394.540362642,394.540362642,394.540362642,394.6866289379999,394.6866289379999,394.6866289379999,394.6866289379999,394.6866289379999,394.6866289379999,394.6866289379999,394.686629616,394.686629616,394.686629616,394.686629616,394.686629616,394.686629616,394.686629616,394.686629616,394.686629616,394.686629616,394.686629616,394.686629616,394.686629616,394.686629616,394.686629616,394.686629616,394.686629616,394.686629616,394.686629616,394.686629616,394.686629616,394.686629616,394.686629616,394.686629616,394.686629616,394.686629616,394.686629616,394.686629616,394.686629616,394.686629616,394.686629616,394.686629616,394.686629616,394.686629616,394.686629616,394.68663029399994,394.68663029399994,394.68663029399994,394.68663029399994,394.68663029399994,394.68663029399994,394.68663029399994,394.68663029399994,394.68663029399994,394.68663029399994,394.68663029399994,394.68663029399994,394.68663029399994,394.68663029399994,394.68663029399994,394.68663029399994,394.68663029399994,394.68663029399994,394.68663029399994,394.68663029399994,394.68663029399994,394.68663029399994,394.68663029399994,394.68663029399994,394.68663029399994,394.68663029399994,394.68663029399994,394.68663029399994,394.68663029399994,394.68663029399994,394.68663029399994,394.68663029399994,394.68663029399994,394.68663029399994,394.68663029399994,394.68663029399994,394.68663029399994,394.68663029399994,394.68663029399994,394.686632328,394.686632328,394.686632328,394.686632328,394.686632328,394.686632328,394.686632328,394.83289862399994,394.83289862399994,394.83289862399994,394.83289862399994,394.83289862399994,394.83289862399994,394.83289862399994,394.83289862399994,394.83289862399994,394.83289862399994,394.83289862399994,394.83289862399994,394.83289862399994,394.83289862399994,394.83289862399994,394.83289862399994,394.83289862399994,394.83289862399994,394.83289862399994,394.83289862399994,394.83289862399994,394.83289862399994,394.83289862399994,394.83289862399994,394.83289862399994,394.83289862399994,394.83289862399994,394.83289862399994,394.83289862399994,394.83289862399994,394.83289862399994,394.83289862399994,394.83289862399994,394.83289862399994,394.83289862399994,394.83289862399994,394.83289862399994,394.83289862399994,394.83289862399994,394.979162886,394.979162886,394.979162886,394.979162886,394.979162886,394.9791635639999,394.9791635639999,394.9791635639999,394.9791635639999,394.9791635639999,394.9791635639999,394.9791635639999,394.9791635639999,394.9791635639999,394.9791635639999,394.9791635639999,394.9791635639999,394.9791635639999,394.97916424199997,394.97916424199997,394.97916424199997,394.97916424199997,394.97916424199997,394.97916424199997,394.97916424199997,394.97916424199997,394.97916424199997,394.97916424199997,394.97916424199997,394.9791649199999,394.9791649199999,394.9791649199999,394.9791649199999,394.9791649199999,394.9791649199999,394.9791649199999,394.97916559799995,394.97916559799995,394.97916559799995,394.97916559799995,394.97916559799995,394.97916559799995,394.97916559799995,394.97916559799995,394.97916559799995,394.97916559799995,394.97916559799995,394.97916559799995,394.97916559799995,394.97916559799995,394.97916559799995,394.97916559799995,394.97916559799995,394.97916559799995,394.97916559799995,394.97916559799995,394.97916559799995,394.97916559799995,394.97916559799995,394.97916559799995,394.97916559799995,394.97916559799995,394.97916559799995,394.97916559799995,394.97916559799995,394.97916559799995,394.97916559799995,394.97916559799995,394.97916559799995,394.97916559799995,394.97916559799995,394.97916559799995,394.97916559799995,394.97916559799995,395.1254325719999,395.1254325719999,395.1254325719999,395.1254325719999,395.1254325719999,395.1254325719999,395.1254325719999,395.1254325719999,395.1254325719999,395.1254325719999,395.1254325719999,395.1254325719999,395.1254325719999,395.1254325719999,395.1254325719999,395.1254325719999,395.1254325719999,395.1254325719999,395.1254325719999,395.1254325719999,395.1254325719999,395.1254325719999,395.1254325719999,395.1254325719999,395.1254325719999,395.1254325719999,395.1254325719999,395.1254325719999,395.1254325719999,395.1254325719999,395.1254325719999,395.1254325719999,395.1254325719999,395.2716947999999,395.2716947999999,395.2716947999999,395.2716947999999,395.2716947999999,395.2716947999999,395.2716947999999,395.2716947999999,395.2716947999999,395.2716947999999,395.2716947999999,395.2716947999999,395.2716947999999,395.2716947999999,395.2716947999999,395.2716947999999,395.2716947999999,395.2716947999999,395.2716947999999,395.2716947999999,395.2716947999999,395.2716947999999,395.2716947999999,395.2716947999999,395.2716947999999,395.2716947999999,395.2716947999999,395.2716947999999,395.2716947999999,395.2716947999999,395.2716947999999,395.2716947999999,395.2716947999999,395.2716947999999,395.2716947999999,395.2716947999999,395.2716947999999,395.2716947999999,395.2716947999999,395.2716947999999,395.2716947999999,395.27169751199995
27,274.787316984,301.601278632,313.900416948,319.38804589200004,323.47001676,326.389743756,328.37806147199996,329.06527549199996,331.623084054,332.91717180599994,334.144410792,335.04497242799994,336.19011374999997,336.93970851599994,337.45172936999995,338.29505763599997,338.61106936799996,339.03312029999995,340.74912880799997,342.294799986,343.4646103379999,343.78874993399995,344.2014654839999,345.1567003619999,346.1480170439999,347.74567929599993,349.06281565799986,349.06281565799986,350.10278087399996,350.10278087399996,350.3007833159999,350.3007833159999,350.86529221799987,351.0765285419999,351.74485415999993,352.28758231200004,352.93548046800004,352.93548046800004,352.95867891599994,353.287546884,353.287546884,353.35340305799997,353.35340305799997,353.5196798459999,353.5196798459999,353.917543128,354.017634234,354.80345250600004,354.90258153,354.90258153,355.169811162,355.30465654799997,356.51625204,356.51625204,356.55457056599994,356.55457056599994,356.58315979199995,357.35610758999997,357.74069359799995,357.97530803999996,358.1071505639999,358.1958194039999,358.1958194039999,358.5461759039999,358.6063273859999,359.0178889799999,359.0178889799999,359.0178889799999,359.0178889799999,359.2901988659999,359.32784345999994,359.32784345999994,360.46638038399993,360.46638038399993,360.46638038399993,360.46638038399993,360.46638038399993,361.1029227179999,361.1029227179999,361.1029227179999,361.53816075,361.53816075,361.53816075,361.53816075,361.53816075,361.53816075,361.53816075,361.53816075,361.53816075,362.1108917579999,362.1108917579999,362.1108917579999,362.36155446,362.36155446,362.36155446,362.7707871239999,362.7707871239999,362.79660672,362.79660672,362.79660672,362.7966073979999,362.7966073979999,362.7966073979999,362.7966073979999,362.90739124199985,362.90739124199985,362.90739124199985,362.90739124199985,362.90739124199985,362.90739124199985,362.90739124199985,362.9334237299999,363.2624611979999,363.2624611979999,363.399273462,363.421704414,363.5984257919999,363.5984257919999,364.09091075399994,364.09091075399994,364.09091075399994,364.1732179199999,364.26599679599997,364.3086985919999,364.3086985919999,364.51723511999995,364.6389123899999,364.6389123899999,365.2181040599999,365.88401125199994,366.6966878159999,366.85082094599994,367.299823734,367.53124479599995,367.65713786999993,367.65713786999993,367.80659008799995,368.2653052259999,368.89706155799996,368.89706155799996,368.89706155799996,368.946144012,369.96035133000004,369.96035133000004,369.96035133000004,369.96035133000004,369.96035133000004,370.09917589800006,370.42619902800004,370.49078598600005,371.1028837079999,371.21053044599995,371.21053044599995,371.27196470399997,371.659628154,371.80589106,371.80589106,371.80589106,371.80589106,371.805892416,371.8387157519999,371.8387157519999,371.83875033,372.103579842,372.33607011,372.63792249,372.63792249,372.78013298999997,372.78013298999997,372.78013298999997,372.97631093399997,372.97631093399997,373.00273327199994,373.15503648,373.15503648,373.15503648,373.721694642,373.82934070199997,373.82934070199997,373.82934070199997,373.82934070199997,374.14130952,374.74628892,375.088733838,375.088733838,375.088733838,375.088733838,375.6937098479999,376.04803875000005,376.75957737600004,376.75957737600004,376.75957737600004,376.90584163799997,377.66120889599995,377.66120889599995,377.66120889599995,378.081607542,378.081607542,378.30521194199997,378.30521194199997,378.30521194199997,378.656839014,378.869730336,379.21573611,379.820714832,379.820714832,379.820714832,379.820714832,379.820714832,380.169280056,380.36546003399997,380.36546003399997,380.36546139,380.36546139,380.36546139,381.128300208,381.276569316,381.53910651,381.971336256,382.312949268,382.312950624,382.312950624,382.312950624,382.509129246,382.78730925599996,383.252362338,383.26382392799997,383.41009022399993,383.70010608000007,383.70010608000007,383.70010608000007,383.70010608000007,384.016607328,384.016607328,384.016607328,384.016607328,384.437002584,384.437002584,384.437002584,384.437002584,384.490967994,384.490967994,384.490967994,384.490967994,384.490967994,384.490967994,384.490967994,385.095946038,385.095946038,385.095946038,385.095946038,385.095946038,385.095946038,385.095946038,385.095946038,385.09594807199994,385.095951462,385.095951462,385.095951462,385.095951462,385.095951462,385.095951462,385.095951462,385.24221572400006,385.24221572400006,385.24816246200004,385.24816246200004,385.53817764,385.734354906,385.734354906,385.73435558400007,385.87656404999996,385.8765667620001,386.01877929600005,386.01877929600005,386.01877929600005,386.160994542,386.160994542,386.218522842,386.218522842,386.218522842,386.49182532,387.038274336,387.038274336,387.18453724200003,387.18453724200003,387.18453792,387.18453792,387.18453792,387.18453792,387.18453792,387.522927042,387.669191982,387.893407938,387.893407938,387.893407938,387.893407938,387.893407938,388.03967830199997,388.185944598,388.332210216,388.332212928,388.332212928,388.332212928,388.332212928,388.332212928,388.332212928,388.332213606,388.53600345599995,388.73218139999994,388.73218139999994,388.73218139999994,388.73218139999994,388.73218139999994,388.73218139999994,388.87844634,389.024709246,389.024709246,389.024709246,389.024709246,389.024709246,389.024709246,389.024709246,389.17097622,389.17097622,389.601495372,389.601495372,389.601495372,389.601495372,389.601495372,389.601495372,389.601495372,389.601495372,389.601495372,389.601495372,389.601495372,389.601495372,389.601495372,389.601495372,389.601495372,389.601495372,389.601495372,389.601495372,389.601495372,389.60149808399996,389.88592043999995,390.032187414,390.032187414,390.032187414,390.032187414,390.032187414,390.032187414,390.032187414,390.032187414,390.032187414,390.324716616,390.324719328,390.324720684,390.324720684,390.324720684,390.324720684,390.4669325400001,390.4669325400001,390.4669325400001,390.4669325400001,390.4669325400001,390.4669325400001,390.61319883600004,390.61319883600004,390.61319883600004,390.61319883600004,390.61319883600004,390.61319883600004,390.710474208,390.710474208,390.710474208,390.710474208,390.710474208,390.710474208,390.710474208,390.710477598,390.710477598,390.710477598,390.710477598,390.85674050399996,390.85674050399996,390.85674050399996,390.85674118200006,391.003008156,391.003008156,391.003008156,391.003008156,391.003008156,391.00301019,391.029430494,391.175697468,391.175697468,391.175699502,391.175699502,391.175699502,391.175699502,391.175699502,391.175699502,391.175699502,391.175699502,391.175699502,391.175699502,391.204309068,391.204309068,391.204309068,391.770966552,391.77096723,391.77096723,391.77096723,391.77096723,391.77096723,391.77096723,391.913178408,391.913178408,392.05944538200004,392.05944538200004,392.401888266,392.401888266,392.401888266,392.401888266,392.401888266,392.401888266,392.401888266,392.401888266,392.401888266,392.4018903,392.4018903,392.54815727400006,392.54815727400006,392.54815727400006,392.54815727400006,392.54815727400006,392.694421536,392.694421536,392.694422214,392.694422214,392.694422892,392.694422892,392.694422892,392.694422892,392.694422892,392.694424248,392.84068715399997,392.84068715399997,392.84068715399997,392.84068715399997,392.84068715399997,392.84068850999995,392.84068850999995,392.9869548059999,392.98695548399996,392.98695548399996,392.98695548399996,392.98695548399996,392.98695548399996,392.98695548399996,392.98695548399996,392.98695548399996,392.98695548399996,392.98695548399996,392.98695548399996,392.98695548399996,392.98695548399996,392.98695548399996,392.98695548399996,392.98695548399996,392.98695548399996,392.98695684,392.98695684,392.98695684,392.98695684,392.986958874,392.986958874,392.986958874,392.986958874,392.986958874,392.986958874,392.986958874,392.986958874,392.986958874,393.129168018,393.129168018,393.129168018,393.18669292799996,393.18669292799996,393.18669360599995,393.18669360599995,393.18669360599995,393.18669360599995,393.32890546199997,393.32890546199997,393.32890546199997,393.32890546199997,393.32890546199997,393.32890546199997,393.32890546199997,393.32890546199997,393.32890546199997,393.32890885200004,393.32890885200004,393.32890885200004,393.32890885200004,393.47517582600005,393.47517582600005,393.47517582600005,393.47517582600005,393.47517582600005,393.61738429200005,393.617386326,393.617386326,393.617386326,393.617386326,393.617386326,393.617386326,393.617386326,393.617386326,393.61738903799994,393.61738903799994,393.61738903799994,393.61738903799994,393.61738903799994,393.61738903799994,393.61738903799994,393.61738903799994,393.61738903799994,393.76365126599995,393.76365126599995,393.76365262199994,393.76365262199994,393.76365262199994,393.76365262199994,393.7636539779999,393.7636539779999,393.7636539779999,393.905864478,393.905864478,394.05212738399996,394.05212738399996,394.05212806199995,394.05212806199995,394.05212806199995,394.05212806199995,394.05212806199995,394.25186482799995,394.25186482799995,394.25186482799995,394.25186482799995,394.25186482799995,394.25186482799995,394.25186482799995,394.25186482799995,394.25186482799995,394.25186482799995,394.25186482799995,394.25186482799995,394.25186482799995,394.25186482799995,394.25186482799995,394.25186482799995,394.2518675399999,394.2518675399999,394.2518675399999,394.2518675399999,394.2518675399999,394.2518675399999,394.2518675399999,394.2518675399999,394.2518675399999,394.2518675399999,394.2518675399999,394.398133158,394.398133158,394.398133158,394.398133158,394.398133158,394.398133158,394.398133158,394.398133158,394.398133158,394.398133158,394.398134514,394.398134514,394.398134514,394.398134514,394.398134514,394.398134514,394.398134514,394.398134514,394.398134514,394.398134514,394.398134514,394.398134514,394.398134514,394.398134514,394.398134514,394.398134514,394.398134514,394.39813654799997,394.39813654799997,394.39813654799997,394.39813654799997,394.39813654799997,394.39813790399995,394.39813790399995,394.39813790399995,394.39813790399995,394.39813790399995,394.39813790399995,394.39813858199994,394.39813858199994,394.39813858199994,394.39813858199994,394.39813858199994,394.39813858199994,394.39813858199994,394.39813858199994,394.39813858199994,394.39813858199994,394.39813858199994,394.39813858199994,394.39813858199994,394.39813858199994,394.39813858199994,394.39813858199994,394.39813858199994,394.39813858199994,394.39813858199994,394.39813858199994,394.39813858199994,394.39813858199994,394.39813858199994,394.39813858199994,394.39813858199994,394.39813858199994,394.39813858199994,394.39813858199994,394.39813858199994,394.39813858199994,394.39813858199994,394.39813858199994,394.39813858199994,394.39813858199994,394.39813858199994,394.39813858199994,394.39813858199994,394.39813858199994,394.39813858199994,394.39813858199994,394.39814197199996,394.39814197199996,394.39814197199996,394.39814197199996,394.39814197199996,394.39814197199996,394.39814197199996,394.39814197199996,394.39814197199996,394.39814197199996,394.5444062339999,394.5444062339999,394.5444062339999,394.5444062339999,394.5444062339999,394.5444062339999,394.544408268,394.544408268,394.544408268,394.544408946,394.544408946,394.544408946,394.69067591999993,394.69067591999993,394.69067591999993,394.69067591999993,394.69067591999993,394.69067591999993,394.69067591999993,394.69067591999993,394.69067591999993,394.69067591999993,394.690676598,394.690676598,394.690676598,394.690676598,394.690676598,394.690676598,394.690676598,394.690676598,394.690676598,394.690676598,394.690676598,394.690676598,394.690676598,394.690676598,394.690676598,394.690676598,394.690676598,394.690676598,394.690676598,394.690676598,394.690676598,394.690676598,394.690676598,394.690676598,394.690676598,394.690676598,394.690676598,394.690676598,394.690676598,394.690676598,394.690676598,394.83694153799996,394.83694153799996,394.83694153799996,394.83694153799996,394.83694153799996,394.83694153799996,394.83694153799996,394.83694153799996,394.83694153799996,394.83694153799996,394.83694153799996,394.83694153799996,394.83694153799996,394.83694153799996,394.83694153799996,394.83694153799996,394.83694153799996,394.83694424999993,394.83694424999993,394.83694424999993,394.83694424999993,394.83694424999993,394.83694424999993,394.83694424999993,394.83694424999993,394.83694424999993,394.83694424999993,394.83694424999993,394.83694424999993,394.83694424999993,394.83694424999993,394.83694424999993,394.83694424999993,394.83694424999993,394.83694424999993,394.83694424999993,394.83694424999993,394.83694424999993,394.83694424999993,394.83694424999993,394.83694424999993,394.83694696199996,394.83694696199996,394.83694696199996,394.83694696199996,394.83694696199996,394.83694696199996,394.83694696199996,394.83694696199996,394.83694696199996,394.83694696199996,394.83694696199996,394.83694696199996,394.83694696199996,394.83694696199996,394.83694696199996,394.83694696199996,394.83694696199996,394.83694696199996,394.83694696199996,394.9791581399999,394.9791581399999,394.9791581399999,394.9791581399999,394.9791581399999,394.9791581399999,394.9791581399999,394.9791581399999,394.9791581399999,394.9791581399999,394.9791581399999,394.9791581399999,394.9791581399999,394.9791581399999,394.9791581399999,394.9791581399999,394.9791581399999,394.9791581399999,394.9791581399999,394.9791608519999,394.9791608519999,394.9791608519999,394.9791608519999,394.9791608519999,394.9791608519999,394.9791608519999,394.9791608519999,394.9791608519999,394.9791608519999,394.9791608519999,394.9791608519999,394.9791608519999,394.9791608519999,394.9791608519999,394.9791608519999,394.9791608519999,395.12542375799995,395.12542375799995,395.12542375799995,395.12542375799995,395.12542375799995,395.12542375799995,395.12542375799995,395.12542375799995,395.12542375799995,395.12542375799995,395.12542375799995,395.12542375799995,395.12542375799995,395.12542375799995,395.12542375799995,395.12542375799995,395.12542375799995,395.12542375799995,395.12542375799995,395.12542375799995,395.12542375799995,395.12542375799995,395.12542375799995,395.12542375799995,395.12542375799995,395.12542375799995,395.12542375799995,395.12542375799995,395.12542375799995,395.12542375799995,395.12542375799995,395.12542375799995,395.12542375799995,395.12542375799995,395.12542375799995,395.12542375799995,395.12542375799995,395.12542375799995,395.12542375799995,395.12542375799995,395.12542375799995,395.12542375799995,395.12542375799995,395.12542375799995,395.12542375799995,395.12542375799995,395.12542375799995,395.12542375799995,395.12542375799995,395.12542375799995,395.12542375799995,395.1254264699999,395.1254264699999,395.1254264699999,395.1254264699999,395.1254264699999,395.1254264699999,395.1254264699999,395.1254264699999,395.1254264699999,395.12542714799997,395.12542714799997,395.12542714799997,395.12542714799997,395.12542714799997,395.12542714799997,395.12542714799997,395.12542714799997,395.12542714799997,395.12542714799997,395.12542714799997,395.12542714799997,395.12542714799997,395.12542714799997,395.12542714799997,395.12542714799997,395.12542714799997,395.12542714799997,395.12542714799997,395.12542714799997,395.12542714799997,395.12542714799997,395.12542714799997,395.12542714799997,395.12542714799997,395.12542714799997,395.12542714799997,395.12542714799997,395.12542714799997,395.12542714799997,395.12542714799997,395.12542714799997,395.12542714799997,395.12542714799997,395.12542714799997,395.12542714799997,395.12542714799997,395.12542714799997,395.12542714799997,395.12542714799997,395.12542714799997,395.12542714799997,395.12542714799997,395.12542714799997,395.12542714799997,395.12542714799997,395.12542714799997,395.12542714799997,395.12542714799997,395.12542714799997,395.12542714799997,395.12542714799997,395.12542714799997,395.12543053799993,395.12543053799993,395.12543053799993,395.12543053799993,395.12543053799993,395.12543053799993,395.12543053799993,395.12543053799993,395.12543053799993,395.12543053799993,395.12543053799993,395.12543053799993,395.12543053799993,395.12543053799993,395.12543053799993,395.12543053799993,395.12543053799993,395.12543053799993,395.12543053799993,395.12543053799993,395.12543053799993,395.12543053799993,395.12543053799993,395.12543053799993,395.12543053799993,395.12543053799993,395.12543053799993,395.1254332499999,395.1254332499999,395.1254332499999,395.1254332499999,395.1254332499999,395.1254332499999,395.1254332499999,395.1254332499999,395.1254332499999,395.1254332499999,395.1254332499999,395.1254332499999,395.1254332499999,395.1254332499999,395.1254332499999,395.1254332499999,395.1254332499999,395.1254332499999,395.1254332499999,395.1254332499999,395.1254332499999,395.1254332499999,395.1254332499999,395.1254332499999,395.1254332499999,395.1254332499999,395.1254332499999,395.1254332499999,395.1254332499999,395.1254352839999,395.1254352839999,395.1254352839999,395.1254352839999,395.1254352839999,395.1254352839999,395.1254352839999,395.1254352839999,395.1254352839999,395.1254352839999,395.1254352839999,395.1254352839999,395.1254352839999,395.1254352839999,395.1254352839999,395.1254352839999,395.1254352839999,395.1254352839999,395.1254352839999
28,267.58255405200003,288.917971278,297.38974264200004,306.539316708,310.18526035199994,314.418195378,316.696029942,318.317594406,322.07108851199996,325.643262366,329.63528433,331.70980771200004,334.173418344,336.691220838,337.17398938200006,337.17398938200006,338.44545159600005,338.81075664,340.48152424200003,341.5136992380001,342.02196871800004,343.12964376,344.419079076,347.06166475800006,347.06166475800006,347.51851132800005,348.16859467800003,348.16859467800003,349.590532212,349.80007557000005,350.7505997039999,350.89177421999995,350.89177421999995,351.700710258,351.700710258,351.932509644,351.932509644,351.932509644,352.09969766399996,352.24969635,352.24969635,352.43228514000003,352.43228514000003,352.983714066,353.12124772199996,353.164949568,353.34737835,353.34737835,353.46920138999997,353.46920138999997,353.69885490599995,353.74514671200006,354.27777605400007,354.42665129399995,354.42665129399995,354.42665129399995,354.486682092,355.272659694,355.69635274200004,355.746305748,355.91748312000004,356.385299052,356.46137472000004,356.46137472000004,356.46137472000004,356.741821962,356.741821962,356.889059832,356.889059832,356.88978732600003,356.88978732600003,356.88978732600003,356.88978732600003,357.01444779599996,357.01444779599996,357.01444779599996,357.04047757200004,357.07579866,357.3356719920001,357.3356719920001,357.3356719920001,357.34700001600004,357.34700001600004,357.622887708,357.71063989199996,357.71063989199996,358.4937204,358.4937204,358.4937204,358.4937204,358.71141535199996,358.71141535199996,358.909950702,359.18813478,359.457009918,359.457009918,359.70991340999996,359.70991340999996,360.240253146,360.240253146,360.240253146,360.806911986,361.18704353400005,361.46020566600004,361.46020566600004,362.04680584199997,362.04680584199997,362.04680584199997,362.04680584199997,362.04680584199997,362.959050774,362.959050774,362.959050774,362.959050774,364.062416448,364.31524196999993,364.814369298,364.814369298,365.70434532,365.70434532,365.79916700999996,365.799873486,365.801961726,365.801961726,365.801961726,365.9111841359999,365.9111841359999,365.98334231999996,365.98334231999996,366.267012774,366.357986814,367.19248074,367.28143705199994,367.46428144799995,367.46428144799995,367.46428144799995,367.46428144799995,367.549131114,367.549131114,367.573643526,367.670950086,367.670950086,367.670950086,367.67095212,367.67095212,367.67095212,367.67164978200003,367.67164978200003,367.683482916,367.683482916,367.683483594,368.205913104,368.205913104,368.205913104,368.654917926,368.9115294,368.9115294,368.9115294,368.9115294,369.061277904,369.11524534800003,369.573957774,369.623451774,369.623451774,369.698552478,369.967428294,369.967428294,370.59640008,370.629121716,370.629121716,370.629121716,370.881950628,370.881950628,371.88168332400005,372.34079305800003,372.34079305800003,372.34079305800003,372.34079305800003,372.3613662900001,372.3613662900001,372.47470416000004,372.5990947860001,372.5990947860001,372.5990947860001,372.61092724200006,372.61092724200006,373.39962159000004,373.53589009800004,373.53589009800004,373.53589281,373.535894166,373.535894166,373.73146801200005,373.73146801200005,373.788994956,374.05786941600013,374.05786941600013,374.05786941600013,374.05786941600013,374.1153977160001,374.39358111600006,374.39358111600006,375.27307661400005,375.31671540600007,375.31671540600007,376.036264602,376.036264602,376.036264602,376.042212696,376.350478956,376.350478956,376.350478956,376.49674321799995,376.785218658,376.785218658,377.038044858,377.038044858,377.18430776400004,377.18430776400004,377.27326882200003,377.546568588,378.14183835000006,378.14183835000006,378.180505368,378.180505368,378.180505368,378.180505368,378.180505368,378.180505368,378.6987122940001,378.987187734,378.987187734,378.987187734,378.987187734,378.987187734,378.987187734,379.32962993999996,379.417379412,379.417379412,379.417379412,379.417379412,379.69727611799993,379.69727611799993,379.69727611799993,379.69727611799993,379.69727611799993,379.69727611799993,379.69727611799993,379.970578596,379.970578596,379.970578596,379.970578596,379.970578596,379.970578596,379.970578596,379.970578596,379.970578596,380.04728209200005,380.10480632400004,380.10480632400004,380.10480632400004,380.10480632400004,380.563520106,380.563520106,380.563520106,380.563520106,380.563520106,380.890785282,380.890785282,380.89078596,380.89078596,381.43297306799997,381.43297306799997,381.71115646799996,381.71115646799996,381.71115646799996,381.71115646799996,381.71115646799996,381.71115646799996,381.907336446,381.907336446,381.907336446,382.05360341999994,382.05360341999994,382.05360341999994,382.05360341999994,382.05360341999994,382.05360341999994,382.05360341999994,382.05360341999994,382.05360341999994,382.05360341999994,382.05360341999994,382.05360341999994,382.05360341999994,382.05360341999994,382.05360341999994,382.05360341999994,382.05994272,382.05994272,382.05994272,382.05994272,382.05994272,382.480340688,382.480340688,382.480340688,383.05883334,383.05883334,383.05883334,383.05883334,383.05883334,383.05883334,383.05883605199995,383.05883605199995,383.05883605199995,383.05883605199995,383.20104926399995,383.20104926399995,383.20104926399995,383.739666024,383.739666024,383.739666024,383.739666024,383.739666024,384.30632757599994,384.30632757599994,384.30632757599994,384.30632757599994,384.30632757599994,384.30632757599994,384.648771816,384.70273722599995,384.70273722599995,384.84494908199997,384.84494908199997,384.84494908199997,384.844950438,384.899982342,384.899982342,384.89998573200006,384.89998573200006,385.04219555400005,385.04219691000003,385.04219691000003,385.04219691000003,385.04219691000003,385.06822872000004,385.06822872000004,385.06822872000004,385.06822872000004,385.06822872000004,385.06822872000004,385.06822872000004,385.06822872000004,385.06822872000004,385.06822872000004,385.06822872000004,385.06822872000004,385.06822872000004,385.208732016,385.47404968800004,385.47404968800004,385.47404968800004,385.47404968800004,385.47404968800004,385.47404968800004,385.47404968800004,385.47404968800004,385.47404968800004,385.47404968800004,385.47404968800004,385.47404968800004,385.47404968800004,385.47404968800004,385.47404968800004,385.47404968800004,385.47404968800004,385.47404968800004,385.47404968800004,385.47404968800004,385.47404968800004,385.47404968800004,385.4740524,385.52801848800004,385.52801848800004,385.52801848800004,385.52801848800004,385.52801848800004,385.52801848800004,385.52801848800004,385.52801848800004,385.52801848800004,385.52801848800004,385.528020522,385.528020522,385.528020522,385.528020522,385.528020522,385.528020522,385.528020522,385.528020522,385.528020522,385.528020522,385.528020522,385.528020522,385.528020522,385.6702317,385.6702317,385.6702317,385.6702317,385.6702317,385.6702317,385.6702317,385.6702317,385.9484151,385.9484151,385.9484151,385.9484151,385.9484151,386.56734096,386.56734096,386.5673463840001,386.5673463840001,386.5673463840001,386.5673463840001,386.5673463840001,386.5673463840001,386.5673463840001,386.5673463840001,386.5673463840001,386.5673463840001,386.5673463840001,386.5673463840001,386.713610646,386.713610646,386.713610646,386.713610646,386.713610646,386.71717218000003,386.71717218000003,386.71717218000003,386.71717218000003,386.71717218000003,386.71717489200006,386.71717489200006,386.71717489200006,386.71717489200006,386.71717489200006,386.71717489200006,386.71717692600004,386.71717692600004,386.71717692600004,386.71717692600004,386.717178282,386.717178282,386.717178282,387.009709518,387.009709518,387.20588475,387.348096606,387.348096606,387.351655428,387.547833372,387.547833372,387.5478354060001,387.5478354060001,387.5478354060001,387.5478354060001,387.83784990600003,387.83784990600003,387.83784990600003,387.83784990600003,387.83784990600003,387.83784990600003,387.83784990600003,387.83784990600003,387.83784990600003,387.984114168,387.984114168,387.984116202,387.98411891399996,387.98411891399996,388.13038385399994,388.13038385399994,388.13038385399994,388.13038385399994,388.13038453200005,388.13038521000004,388.13038521000004,388.13038521000004,388.13038521000004,388.13038521000004,388.32656111999995,388.66900197,388.66900197,388.66900400400004,388.66900400400004,388.66900400400004,388.66900400400004,388.66900400400004,388.66900400400004,388.66900400400004,388.66900400400004,388.66900400400004,388.66900400400004,388.66900400400004,388.66900400400004,388.66900400400004,388.815266232,388.815266232,388.815266232,388.815266232,388.815266232,388.815266232,388.96152913799995,388.96152913799995,388.96152913799995,388.96153185000003,389.107798824,389.107798824,389.250011358,389.53848612,389.53848612,389.53848612,389.53848612,389.6806979759999,389.82696359399995,389.82696359399995,389.82696359399995,389.82696359399995,390.4319396039999,390.4319396039999,390.4319396039999,390.4319396039999,390.4319396039999,390.4319396039999,390.4319396039999,390.4319396039999,390.4319396039999,390.4319396039999,390.4319396039999,390.431941638,390.431941638,390.431941638,390.431941638,390.431941638,390.431941638,390.431941638,390.431941638,390.578208612,390.578211324,390.578211324,390.724475586,390.724475586,390.72447694199997,390.72447694199997,390.72447694199997,390.72447694199997,390.72447694199997,390.86668608599996,390.86668608599996,390.86668608599996,390.86668608599996,390.86668608599996,390.86668608599996,390.86668608599996,390.86668811999994,390.86668811999994,390.86668811999994,390.86668811999994,390.86668811999994,390.86668811999994,390.86668811999994,390.86668811999994,390.86668811999994,390.86668811999994,390.866688798,390.866688798,390.866688798,391.008897264,391.008897264,391.008897942,391.008900654,391.008900654,391.15516694999997,391.15516694999997,391.15516694999997,391.15516694999997,391.15517034000004,391.15517034000004,391.15517034000004,391.15517034000004,391.15517034000004,391.15517372999994,391.15517372999994,391.15517372999994,391.15517372999994,391.15517372999994,391.15517372999994,391.15517372999994,391.1551764419999,391.1551764419999,391.1551764419999,391.1551764419999,391.1551764419999,391.1551764419999,391.1551764419999,391.1551764419999,391.1551764419999,391.29739101,391.43960015399995,391.43960015399995,391.43960015399995,391.43960015399995,391.43960015399995,391.43960015399995,391.43960015399995,391.43960015399995,391.43960015399995,391.43960015399995,391.58586848399995,391.58586848399995,391.58586848399995,391.58586916199994,391.58586916199994,391.58586916199994,391.58586916199994,391.58586916199994,391.58586916199994,391.58586916199994,391.585871874,391.585871874,391.585871874,391.585871874,391.585871874,391.7280837299999,391.728084408,391.728084408,391.728084408,391.728084408,391.87435070399994,391.87435138200004,391.87435138200004,391.87435138200004,392.01656323799995,392.01656323799995,392.01656323799995,392.1587744159999,392.1587744159999,392.1587744159999,392.1587744159999,392.1587744159999,392.1587744159999,392.3009869499999,392.3009869499999,392.3009869499999,392.3009869499999,392.3009869499999,392.3009869499999,392.3009869499999,392.3009869499999,392.3009869499999,392.3009869499999,392.3009869499999,392.3009869499999,392.447249856,392.447249856,392.447249856,392.447249856,392.447249856,392.447249856,392.447249856,392.447249856,392.59351276199993,392.59351276199993,392.59351276199993,392.59351276199993,392.88199091399997,392.88199091399997,392.88199091399997,392.88199091399997,392.88199091399997,392.88199091399997,392.88199091399997,392.88199091399997,392.88199091399997,392.88199091399997,392.88199091399997,392.88199294799995,392.88199294799995,392.88199294799995,392.88199294799995,392.88199294799995,392.88199294799995,392.88199294799995,392.88199294799995,392.88199294799995,392.88199294799995,392.88199294799995,392.88199294799995,392.88199294799995,392.88199294799995,392.88199294799995,392.88199294799995,392.88199294799995,392.88199294799995,392.88199294799995,392.88199294799995,393.02420548199996,393.02420548199996,393.02420548199996,393.02420548199996,393.02420548199996,393.02420887200003,393.02420887200003,393.17047313399996,393.31673943000004,393.31673943000004,393.31673943000004,393.31673943000004,393.31673943000004,393.31673943000004,393.31673943000004,393.31673943000004,393.3167401079999,393.3167401079999,393.3167401079999,393.31674146399996,393.316742142,393.316742142,393.316742142,393.316742142,393.316742142,393.316742142,393.316742142,393.316742142,393.316742142,393.316742142,393.316742142,393.316742142,393.316742142,393.316742142,393.31674281999994,393.31674281999994,393.31674281999994,393.31674281999994,393.31674281999994,393.31674281999994,393.31674281999994,393.31674281999994,393.463008438,393.463008438,393.463008438,393.463008438,393.60927134400004,393.60927134400004,393.6092727,393.6092727,393.8090115,393.8090115,393.8090115,393.8090115,393.8090115,393.8090115,393.8090115,393.8090115,393.95527576200004,393.95527576200004,393.95527576200004,393.95527576200004,393.95527644000003,393.95527644000003,393.95527644000003,393.95527644000003,393.95527644000003,393.95527644000003,393.95527644000003,393.955278474,393.955278474,393.955278474,393.955278474,393.955278474,393.955278474,393.955278474,393.955278474,393.955278474,393.955278474,394.10154137999996,394.10154137999996,394.10154137999996,394.10154137999996,394.10154137999996,394.10154137999996,394.10154137999996,394.10154137999996,394.10154137999996,394.10154137999996,394.10154137999996,394.10154137999996,394.10154137999996,394.10154137999996,394.10154137999996,394.10154137999996,394.10154137999996,394.10154137999996,394.10154137999996,394.10154137999996,394.10154137999996,394.10154137999996,394.10154137999996,394.10154137999996,394.10154137999996,394.10154137999996,394.10154137999996,394.10154137999996,394.10154137999996,394.10154137999996,394.10154137999996,394.10154137999996,394.101544092,394.101544092,394.101544092,394.101544092,394.101544092,394.101544092,394.101544092,394.101544092,394.101544092,394.101544092,394.101544092,394.101544092,394.101547482,394.101547482,394.101547482,394.101547482,394.101547482,394.24780835400003,394.24780835400003,394.24780835400003,394.24780835400003,394.24780835400003,394.24780835400003,394.24780835400003,394.24780835400003,394.24780835400003,394.24780835400003,394.24780835400003,394.24780835400003,394.394076006,394.394076006,394.394076006,394.394076006,394.394076006,394.394076006,394.394076006,394.394076006,394.394076006,394.39407871799995,394.39407871799995,394.39407871799995,394.39407871799995,394.39407871799995,394.39407871799995,394.39407871799995,394.39407871799995,394.39407871799995,394.39407871799995,394.39407871799995,394.39407871799995,394.39407871799995,394.39407871799995,394.39407871799995,394.39407871799995,394.3940807519999,394.3940807519999,394.3940807519999,394.3940807519999,394.3940807519999,394.3940807519999,394.3940807519999,394.3940807519999,394.3940807519999,394.3940807519999,394.3940807519999,394.3940807519999,394.3940807519999,394.3940854979999,394.3940854979999,394.3940854979999,394.3940854979999,394.3940854979999,394.3940854979999,394.3940854979999,394.3940854979999,394.3940854979999,394.5403477259999,394.5403477259999,394.5403477259999,394.5403477259999,394.5403477259999,394.5403477259999,394.5403477259999,394.5403477259999,394.5403477259999,394.5403477259999,394.5403477259999,394.5403477259999,394.5403477259999,394.5403477259999,394.5403477259999,394.5403477259999,394.5403477259999,394.5403477259999,394.5403477259999,394.5403477259999,394.5403477259999,394.5403477259999,394.5403477259999,394.5403477259999,394.5403477259999,394.5403477259999,394.5403477259999,394.5403477259999,394.5403477259999,394.5403477259999,394.5403477259999,394.5403477259999,394.5403477259999,394.5403477259999,394.5403477259999,394.5403477259999,394.5403477259999,394.5403477259999,394.5403477259999,394.5403477259999,394.5403477259999,394.5403477259999,394.5403477259999,394.5403477259999,394.5403477259999,394.5403477259999,394.5403477259999,394.5403477259999,394.5403477259999,394.5403477259999,394.5403477259999,394.5403477259999,394.5403477259999,394.5403477259999,394.5403477259999,394.5403477259999,394.5403477259999,394.5403477259999,394.5403477259999,394.5403477259999,394.5403504379999,394.5403504379999,394.5403504379999,394.5403504379999,394.5403504379999,394.5403504379999,394.5403504379999,394.5403504379999,394.5403504379999,394.54035179399995,394.54035179399995,394.54035179399995,394.54035179399995,394.54035179399995,394.54035179399995,394.54035179399995,394.54035179399995,394.54035179399995,394.54035179399995,394.54035179399995,394.54035179399995,394.54035247199994,394.54035247199994,394.54035247199994,394.54035247199994,394.54035247199994,394.54035247199994,394.54035247199994,394.54035247199994,394.54035247199994,394.54035247199994,394.54035247199994,394.54035247199994,394.5403538279999,394.5403538279999,394.5403538279999,394.5403538279999,394.5403538279999,394.540355862,394.540355862,394.540355862,394.54035653999995,394.54035653999995,394.54035653999995,394.54035653999995
29,281.76610251600005,297.385238688,308.63560660200005,313.71972452400007,318.807796542,320.96735943000004,325.482028542,327.38074109999997,330.988386558,333.00892486799995,336.272796528,339.738081648,341.02555618800005,341.459931804,341.95825027800004,342.7087617,343.60848193800007,345.75757447200004,345.75757447200004,346.992164334,347.26365723000004,347.902406454,348.76171721400004,349.37061003,349.89220085400007,350.78296267800005,351.00729457200003,351.2478211740001,351.69876914400004,351.74813364600004,351.77540416200003,351.77540416200003,351.782268912,351.782268912,352.2319747860001,352.2319747860001,352.837788804,353.217697968,353.58156226200003,353.58156226200003,353.90090297399996,353.94890673000003,353.94890673000003,353.94890673000003,353.94890673000003,354.32681376000005,355.05562579200006,355.081471152,355.534136496,356.517593802,357.071475732,357.071475732,357.07290021000006,357.43765268400006,357.698269782,358.60864614599996,358.60864614599996,358.60864614599996,358.60864614599996,358.60864614599996,358.89790535399993,359.03629803600006,359.0409308100001,359.30806687800003,359.30806687800003,359.30806687800003,359.56703982600004,359.56703982600004,359.56703982600004,359.654790654,359.654790654,359.654790654,359.65998413400007,360.42925785,360.43367840999997,360.94202789400003,360.94202789400003,360.94202789400003,361.12614828600005,361.176567078,361.32414666,362.0302233180001,362.0302233180001,362.30092634400006,362.6035143540001,363.17621485200004,363.19127052000005,363.19127052000005,363.19127052000005,363.19127052000005,363.411539838,364.15491056400003,364.15491056400003,364.15491056400003,364.15491056400003,364.15491056400003,364.15491056400003,364.15491056400003,364.15491056400003,364.522046886,364.522046886,364.522046886,364.522046886,364.522046886,364.67689395,364.67689395,364.67689395,364.67689395,364.67689395,364.67689395,364.75200075600003,364.75200075600003,364.75200075600003,364.75200075600003,364.75200075600003,364.75200075600003,365.22872221800003,365.22872221800003,365.22872221800003,365.276576136,366.09916980599996,366.35982012600005,366.35982012600005,367.063981434,367.204449474,367.204449474,367.204449474,367.204449474,367.204449474,367.204449474,367.204449474,367.46152131,367.65769857600003,367.66836487200004,367.66836487200004,367.66836487200004,367.66836487200004,368.275576248,368.53352406000005,368.53352406000005,368.875968978,369.154153056,369.154153056,369.154153056,369.154153056,369.243111402,369.243111402,369.691335846,369.691335846,369.691335846,370.048831686,370.556978448,370.556978448,370.556978448,370.70324271000004,370.7243868180001,370.7243868180001,370.9672728600001,371.0738863260001,371.0738863260001,371.9913701640001,372.04080856800005,372.04081195799995,372.05758839000003,372.05758839000003,372.05758839000003,372.05758839000003,372.4872241080001,372.4872241080001,372.4872241080001,372.4872241080001,372.4872241080001,372.4872241080001,372.76540750800007,374.091735516,374.091735516,374.091735516,374.57339824199994,374.630926542,374.630926542,374.630926542,374.665422504,374.796446004,375.065320464,375.065320464,375.480631398,375.497405118,375.497405118,375.766280256,375.766280256,375.9624582,375.9624582,375.9624582,376.011081648,376.28257183200003,376.28257183200003,376.28257183200003,376.50679049999997,376.50679049999997,376.50679049999997,376.50679049999997,376.649001678,377.172617688,377.172617688,377.26992357,377.26992357,377.4161898660001,377.4161898660001,377.4161898660001,377.758632072,378.140528454,378.140528454,378.37301940000003,378.37301940000003,378.37301940000003,378.37301940000003,379.11405984000004,379.11405984000004,379.2444100860001,379.2444100860001,379.2816607620001,379.446216786,379.6500100260001,379.70504125200006,379.8472524300001,379.8472524300001,380.21773332600003,380.21773332600003,380.21773332600003,380.21773332600003,380.8658036940001,380.8658036940001,380.8658036940001,380.8658036940001,380.8658036940001,380.8658036940001,380.8658036940001,380.87657304600003,380.87657304600003,380.93053913400007,380.93053913400007,381.07680204,381.07680204,381.10962469800006,381.10962469800006,381.10962469800006,381.10962469800006,381.255887604,381.49193465999997,381.770116704,381.770116704,381.770116704,382.23959644799993,382.38180966,382.38180966,382.38180966,382.67028509999994,382.67028509999994,383.23694800799996,383.23694800799996,383.23694800799996,384.11224058399995,384.11224058399995,384.11224058399995,384.11224058399995,384.11224058399995,384.11224058399995,384.11224058399995,384.45468482399997,384.886915248,384.886915248,385.0830931919999,385.0830931919999,385.0830931919999,385.0830931919999,385.083095226,385.083095226,385.083095226,385.22935948800006,385.22935948800006,385.22935948800006,385.22935948800006,385.375626462,385.375626462,385.375629174,385.611678942,385.75389012,385.950068742,385.950068742,385.950068742,385.950068742,386.528563428,386.528563428,386.587615872,386.632274376,386.632275054,386.632275054,386.632275054,386.77448690999995,386.77448690999995,386.77448690999995,386.77448690999995,386.77448690999995,386.77448690999995,386.916696732,387.179230536,387.32549751,387.32549751,387.379467666,387.37946902199997,387.37946902199997,387.37947037799995,387.37947037799995,387.698419206,387.894597828,387.894597828,387.894597828,387.894597828,387.894597828,387.894597828,387.894597828,387.894597828,387.894597828,387.894597828,388.094336628,388.094336628,388.240602924,388.38281139,388.38281139,388.38281139,388.38281139,388.529077686,388.529077686,388.529077686,388.529080398,388.529080398,388.529081754,388.671291576,388.671291576,388.671291576,388.671291576,388.817555838,388.96381874400004,388.96381874400004,388.96381874400004,388.96381874400004,388.96381874400004,388.96381874400004,388.96381874400004,388.96381874400004,388.96381874400004,388.96381874400004,388.96381874400004,388.96381874400004,388.96381874400004,388.96381874400004,388.96381874400004,388.967378244,388.967378244,388.967380278,388.967380278,388.967381634,388.967381634,389.1635575439999,389.76853355400004,389.76853355400004,389.76853355400004,389.76853355400004,389.76853558799996,390.02136246599997,390.02136246599997,390.02136246599997,390.02136246599997,390.02136246599997,390.02136246599997,390.1676294399999,390.1676294399999,390.363808062,391.10069982,391.10069982,391.10069982,391.10069982,391.154669976,391.35490303800003,391.35490303800003,391.35490303800003,391.35490303800003,391.35490303800003,391.35490303800003,391.35490303800003,391.35490303800003,391.35490303800003,391.35490303800003,391.35490303800003,391.35490303800003,391.35490303800003,391.35490303800003,391.35490642800005,391.35490642800005,391.35490642800005,391.35490642800005,391.35490778400003,391.35490778400003,391.5011706900001,391.5011706900001,391.5011706900001,391.5011706900001,391.5011706900001,391.5011706900001,391.50117408,391.50117611400003,391.50117679199997,391.50117679199997,391.50117679199997,391.50117679199997,391.50117679199997,391.50117679199997,391.50117679199997,391.647441054,391.647447156,391.647447156,391.647447156,391.647447156,391.647447156,391.935925308,391.935925308,391.935925308,391.935925308,391.935925308,391.935925308,392.22845111999993,392.22845111999993,392.22845111999993,392.2284517979999,392.2284517979999,392.228455866,392.228455866,392.228459256,392.228459256,392.228459256,392.228459256,392.228459256,392.228459256,392.228459256,392.228459256,392.228459256,392.228459256,392.374728264,392.374728264,392.374728264,392.374728264,392.663205738,392.80541759399995,392.80541759399995,392.80541759399995,392.80541759399995,392.80541759399995,392.80541759399995,392.80541759399995,392.80541759399995,392.80541759399995,392.8054196279999,392.8054196279999,392.8054196279999,392.8054196279999,392.80542098399997,392.80542098399997,392.80542098399997,392.80542098399997,392.80542098399997,392.805424374,392.805424374,392.94763622999994,392.94763622999994,392.94763622999994,392.94763622999994,392.94763622999994,392.94763622999994,392.94763622999994,392.94763622999994,392.94763622999994,392.94763622999994,392.94763622999994,392.94763622999994,393.09389913599995,393.09389913599995,393.09389913599995,393.2401647539999,393.2401647539999,393.2401647539999,393.2401647539999,393.2401647539999,393.2401647539999,393.2401647539999,393.2401647539999,393.2401647539999,393.2401647539999,393.2401647539999,393.240167466,393.240167466,393.38643376199997,393.38643376199997,393.38643376199997,393.38643579599994,393.5286456179999,393.5286456179999,393.52864833,393.52864833,393.52864833,393.52864833,393.52864833,393.52864833,393.52864833,393.52864833,393.52864833,393.52864833,393.52864833,393.52864833,393.52864833,393.52864833,393.52864833,393.52864833,393.52864833,393.52864833,393.52864833,393.52864833,393.52864833,393.52864900799995,393.52864900799995,393.52864900799995,393.52864900799995,393.52864900799995,393.52864900799995,393.52864900799995,393.52865171999997,393.52865171999997,393.52865171999997,393.52865171999997,393.52865171999997,393.52865239799996,393.52865239799996,393.52865239799996,393.52865239799996,393.52865239799996,393.674922084,393.674922084,393.82118837999997,393.82118837999997,393.82118837999997,393.82118837999997,393.82118837999997,393.82118837999997,393.82118837999997,393.82118837999997,393.82118837999997,393.82118837999997,393.82118837999997,393.82118837999997,393.82118837999997,393.82118837999997,393.82118837999997,393.82118837999997,393.82118837999997,393.82118837999997,393.82118837999997,393.82118837999997,393.82118837999997,393.82118837999997,393.82118837999997,393.82118837999997,393.82118837999997,393.82118837999997,393.82118837999997,393.82118837999997,393.82118837999997,393.82118837999997,393.82118837999997,393.82118837999997,393.82118837999997,393.82118837999997,393.82118837999997,393.82118837999997,393.82118837999997,393.82118837999997,393.82118837999997,393.82118837999997,393.82118837999997,393.82118837999997,393.82118837999997,393.82118837999997,393.82118837999997,393.82118837999997,393.82118837999997,393.82118837999997,393.82118837999997,393.82118837999997,393.82118837999997,393.82118837999997,393.82118837999997,393.82118905799996,393.82118905799996,393.82118905799996,393.82118905799996,393.82118905799996,393.82118973599995,393.82118973599995,393.82118973599995,393.82118973599995,393.82118973599995,393.82118973599995,393.82118973599995,393.96745467599993,393.96745467599993,393.96745467599993,393.96745467599993,393.96745467599993,393.967455354,393.967455354,393.967455354,393.967455354,393.967455354,393.967455354,393.967455354,393.967455354,393.967455354,393.967455354,393.967455354,393.967455354,393.967455354,393.967455354,393.967455354,393.967455354,393.967455354,393.967455354,393.967455354,393.96745806599995,393.96745806599995,394.109667888,394.109667888,394.109667888,394.109667888,394.3981406159999,394.3981406159999,394.3981406159999,394.3981406159999,394.3981406159999,394.3981406159999,394.3981406159999,394.3981406159999,394.3981406159999,394.3981406159999,394.3981406159999,394.3981406159999,394.3981406159999,394.3981406159999,394.3981406159999,394.3981406159999,394.3981406159999,394.5444035219999,394.5444035219999,394.5444035219999,394.5444035219999,394.5444035219999,394.5444035219999,394.5444035219999,394.5444035219999,394.5444035219999,394.5444035219999,394.5444035219999,394.5444035219999,394.5444035219999,394.5444035219999,394.5444035219999,394.5444035219999,394.5444035219999,394.5444035219999,394.5444035219999,394.5444035219999,394.5444035219999,394.5444035219999,394.5444035219999,394.5444035219999,394.5444035219999,394.5444035219999,394.5444035219999,394.5444035219999,394.5444035219999,394.5444035219999,394.5444035219999,394.5444035219999,394.5444035219999,394.5444035219999,394.5444035219999,394.5444035219999,394.5444035219999,394.5444035219999,394.5444035219999,394.5444035219999,394.5444035219999,394.5444035219999,394.5444035219999,394.5444035219999,394.5444035219999,394.5444035219999,394.5444035219999,394.5444035219999,394.5444035219999,394.5444035219999,394.5444035219999,394.5444035219999,394.5444035219999,394.5444035219999,394.69066846199996,394.6906718519999,394.6906718519999,394.6906718519999,394.8369367919999,394.8369367919999,394.8369367919999,394.8369367919999,394.8369367919999,394.8369367919999,394.8369367919999,394.8369367919999,394.8369367919999,394.8369367919999,394.8369367919999,394.836939504,394.836939504,394.83694085999997,394.83694085999997,394.83694085999997,394.83694085999997,394.83694085999997,394.8369449279999,394.8369449279999,394.8369456059999,394.8369456059999,394.8369456059999,394.8369456059999,394.8369456059999,394.8369456059999,394.8369456059999,394.8369456059999,394.8369456059999,394.8369456059999,394.8369456059999,394.8369456059999,394.8369456059999,394.8369456059999,394.8369456059999,394.8369456059999,394.83694831799994,394.83694831799994,394.83694831799994,394.83694899599993,394.836949674,394.836949674,394.836949674,394.836949674,394.836949674,394.836949674,394.836949674,394.836949674,394.836949674,394.83695238599995,394.83695238599995,394.83695238599995,394.83695238599995,394.83695238599995,394.83695238599995,394.83695238599995,394.83695238599995,394.83695238599995,394.83695238599995,394.83695238599995,394.83695238599995,394.83695238599995,394.83695238599995,394.83695238599995,394.83695238599995,394.83695238599995,394.83695238599995,394.83695238599995,394.83695238599995,394.83695238599995,394.83695238599995,394.83695238599995,394.83695238599995,394.83695238599995,394.83695238599995,394.83695238599995,394.83695238599995,394.83695238599995,394.83695238599995,394.83695238599995,394.83695238599995,394.83695238599995,394.83695238599995,394.83695238599995,394.83695238599995,394.83695238599995,394.83695238599995,394.83695238599995,394.83695238599995,394.83695238599995,394.83695238599995,394.83695238599995,394.83695238599995,394.83695238599995,394.83695238599995,394.83695238599995,394.83695238599995,394.83695238599995,394.83695238599995,394.83695238599995,394.83695238599995,394.83695238599995,394.8369530639999,394.8369530639999,394.8369530639999,394.8369530639999,394.9791615299999,394.9791615299999,394.9791615299999,394.9791615299999,394.9791615299999,394.9791615299999,394.9791615299999,394.97916220799993,394.97916220799993,394.97916220799993,394.97916220799993,394.97916220799993,394.97916220799993,394.97916220799993,394.97916220799993,394.97916220799993,394.97916220799993,394.97916220799993,394.97916220799993,394.97916220799993,394.97916220799993,394.97916491999996,394.97916491999996,394.97916491999996,394.97916491999996,394.97916491999996,394.97916491999996,394.97916491999996,394.97916491999996,394.97916491999996,394.97916491999996,394.97916491999996,394.97916491999996,394.97916491999996,394.97916491999996,394.97916491999996,394.97916491999996,394.97916491999996,394.97916491999996,394.97916491999996,394.97916491999996,394.97916491999996,394.97916491999996,394.97916491999996,394.97916491999996,394.9791676319999,394.9791676319999,394.9791676319999,394.9791676319999,394.9791676319999,394.9791676319999,394.9791676319999,394.9791676319999,394.9791676319999,394.9791676319999,394.9791676319999,394.9791676319999,394.9791676319999,394.9791676319999,394.9791676319999,394.9791676319999,394.9791676319999,394.9791676319999,394.9791676319999,394.9791676319999,394.9791676319999,394.9791676319999,394.9791676319999,394.9791676319999,394.9791676319999,394.9791676319999,394.9791676319999,394.97916831,394.97916831,394.97916831,394.97916831,394.97916831,394.97916831,394.97916831,394.97916831,394.97916831,394.97916831,394.97916831,394.97916831,394.97916831,394.97916831,394.97916831,394.97916831,394.97916831,394.97916831,394.97916831,394.97916831,394.97916831,394.97916831,394.97916831,394.97916831,394.97916831,394.97916831,394.97916831,394.97916831,394.97916831,394.97916831,394.97916831,394.97916898799997,394.97916898799997,394.97916898799997,394.97916898799997,394.97916898799997,394.97916898799997,394.97916898799997,394.97916898799997,394.97916898799997,394.97916898799997,394.97916898799997,394.97916898799997,394.97916898799997,394.97916898799997,394.97916898799997,394.97916898799997,394.97916898799997,394.97916898799997,394.97916898799997,394.97916898799997,394.97916898799997,394.97916898799997,395.125435284,395.125435284,395.125435284,395.125435284,395.125435284,395.125435284,395.125435284,395.125435284,395.125435284,395.125435284,395.125435284,395.125435284,395.125435284,395.125435284,395.125435284,395.125435284,395.125435284,395.125435284,395.125435284,395.125435284,395.125435284,395.125435284,395.125435284,395.125435284,395.125435284,395.125435284,395.125435284,395.125435284,395.125435284,395.125435284,395.125435284,395.125435284,395.125435284,395.125435284,395.125435284,395.125435284,395.125435284,395.125435284,395.125435284,395.125435284,395.125435284,395.125435284,395.125435284,395.125435284,395.125435284,395.125435284,395.125435284,395.125435284,395.2716995459999,395.2716995459999,395.2716995459999,395.2716995459999,395.2716995459999
30,282.627700848,291.296588508,300.25989427800005,304.106104206,310.189140546,317.022309306,319.854214284,321.678918396,323.69963976599996,327.62894808600004,329.22553503,331.931137422,332.089226682,332.934994392,335.3486255760001,336.80304134400006,337.612582158,339.231016296,340.04652215400006,340.40280234000005,343.2254593980001,344.1756452100001,344.1756452100001,344.5301680200001,344.6112541080001,345.50636055600006,346.32867624600004,346.94624610600005,347.46343060800007,347.57285099400013,348.43613890200004,348.86339823000003,349.0922110260001,349.17004746,349.304767416,349.88654294400004,349.9598238960001,350.13653578200007,350.743469178,350.77206111600003,351.339641358,351.339641358,351.339641358,351.3583853460001,352.25697332400006,353.0552512020001,353.0552512020001,353.28009498600005,354.1674539280001,354.356436936,354.4643711460001,354.71345410800006,355.35119379,355.35119379,355.51507181400007,356.01193597800005,356.17777071000006,357.04958243400006,357.29584220400005,357.29584220400005,358.70460280800006,358.7224253940001,358.7224253940001,359.03083674600003,359.19119052600007,359.44339093200006,359.44339093200006,359.44339093200006,360.06508438800006,360.30421295400004,360.41589582600005,360.41589582600005,360.43302210600007,360.43302210600007,360.73170619200005,360.73170619200005,360.8509324920001,360.8509324920001,360.8924416860001,360.8924416860001,361.2847284180001,361.3110971940001,361.3110971940001,361.8803541300001,361.8803541300001,362.206894524,362.206894524,362.76490072800004,362.76490072800004,362.78277958800004,362.92225300200005,362.92225300200005,362.92225300200005,362.9797792680001,363.23875492800005,363.23875492800005,363.23875492800005,363.48876810600007,363.48876810600007,363.48876810600007,363.48876810600007,363.48876810600007,363.86421060600003,363.86421060600003,363.86421060600003,364.3675896720001,364.36759170600004,364.36759170600004,364.65752688,364.7304715440001,364.7304715440001,364.802037834,364.802037834,364.978212066,364.978212066,365.4197656680001,365.62681059600004,365.62681059600004,365.7588626220001,366.29858113200004,366.29858113200004,366.3987563100001,366.50565657000004,366.88287610800006,366.88287610800006,366.88287610800006,366.88287610800006,367.16620078200003,367.16620078200003,368.08075159200007,368.08075159200007,368.08075159200007,368.08075159200007,368.08144789800014,368.40896257800006,369.00423505200007,369.21384485400006,369.611211162,369.611211162,370.0714172220001,370.0714172220001,370.0714172220001,370.0714172220001,370.49940675600004,370.53666014400005,370.53666014400005,370.53666014400005,370.53666014400005,370.797618276,370.797618276,370.844198232,370.95187344600004,371.743320474,372.016616172,372.294797538,372.35232651599995,372.35232651599995,372.35232651599995,372.492798624,372.92502565800004,372.92502565800004,372.92502565800004,373.520294742,373.520294742,373.52029541999997,373.52029541999997,373.79847881999996,373.79847881999996,374.417412816,374.417412816,374.417412816,374.417412816,374.417412816,374.775350712,375.17693418000005,375.81276461399995,375.81276461399995,375.972981438,375.972981438,375.972981438,375.972981438,375.972981438,376.284950256,376.284950256,376.284950256,376.63095196200004,377.31854973000003,377.31854973000003,377.514728352,377.514728352,377.514728352,377.93512293,378.131301552,378.131301552,378.131301552,378.39739485599995,378.39739485599995,378.53856123599996,378.53856123599996,378.76277787,378.828027234,378.834366534,378.834366534,378.98063282999993,378.98063282999993,378.98063282999993,379.00500557399994,379.00500557399994,379.00500557399994,379.381556604,379.3815572820001,379.3815572820001,379.621826922,379.621826922,379.621826922,379.621826922,379.621826922,379.768093218,379.82561745,379.82561745,379.82561745,379.82561745,379.82561745,379.86428650199997,379.87612167,379.87612234799997,379.87612234799997,379.87612234799997,380.18291531399996,380.18291531399996,380.18291531399996,380.18291531399996,380.236880046,380.33005284,380.33005284,380.33005284,380.33005284,380.526232818,380.72732355,380.72732355,380.87358984599996,380.87358984599996,381.21603476399997,381.21603476399997,381.21603476399997,381.21603476399997,381.21603476399997,382.149687546,382.149687546,382.149687546,382.4278675559999,382.4278675559999,382.4278675559999,382.4278675559999,382.4278675559999,383.18712043200003,383.18712043200003,383.18712043200003,383.18712043200003,383.18712043200003,383.73545089799995,383.735451576,383.735451576,383.735451576,383.73545564399996,383.73545564399996,383.73545632199995,383.73545632199995,383.96794591199995,383.96794591199995,383.9679486239999,383.96795065799995,383.96795065799995,383.96795065799995,383.96795065799995,384.59213779799995,384.59213779799995,384.88061527199994,384.88061594999994,385.23067751999986,385.23067751999986,385.57311972599985,385.57311972599985,385.57311972599985,385.57311972599985,385.7193826319999,385.7193826319999,385.7193826319999,385.91912414399997,385.91912549999995,385.91912549999995,385.91912549999995,385.91912549999995,386.20354717799995,386.20354717799995,386.34981686399993,386.34981686399993,386.407342452,386.407342452,386.407342452,386.407342452,386.407342452,386.407345164,386.407345164,386.5155715919999,386.5155715919999,386.711749536,386.7117502139999,386.85801311999995,387.30701455199994,387.30701455199994,387.30701862,387.30701862,387.50319724199994,387.6494642159999,387.6494642159999,387.6494642159999,387.6494642159999,387.6494642159999,387.6494642159999,387.6494642159999,387.7957311899999,387.7957311899999,387.795733224,387.795733224,388.01995053599995,388.01995053599995,388.16216035799994,388.16216035799994,388.16216035799994,388.16216035799994,388.16216035799994,388.16216035799994,388.16216035799994,388.16216035799994,388.16216035799994,388.52858817,388.528588848,388.528588848,388.528588848,388.528588848,388.528588848,388.528588848,388.528588848,388.528589526,388.960817238,388.960817238,389.107082856,389.107082856,389.10708421199996,389.10708421199996,389.10708421199996,389.10708421199996,389.30326419,389.30326419,389.30326419,389.30326419,389.30326419,389.30326419,389.30326419,389.30326419,389.30326419,389.30326419,389.449526418,389.449526418,389.59579067999994,389.59579067999994,389.59579339199996,389.59579339199996,389.59579339199996,389.59579339199996,389.738005926,389.738005926,389.738005926,389.738006604,389.738006604,389.738006604,389.738006604,389.738006604,389.738006604,389.738006604,389.738006604,389.738006604,390.18701007000004,390.24453837,390.24453837,390.386749548,390.386749548,390.386749548,390.96524626800004,390.96524626800004,390.96524626800004,391.11151053000003,391.11151053000003,391.11151053000003,391.11151053000003,391.11151053000003,391.11151053000003,391.11151053000003,391.11151053000003,391.11151053000003,391.11151053000003,391.11151053000003,391.11151053000003,391.111513242,391.111513242,391.111513242,391.111513242,391.111513242,391.111513242,391.111513242,391.111513242,391.111513242,391.111513242,391.253725776,391.253728488,391.253728488,391.253728488,391.253728488,391.399995462,391.399995462,391.399995462,391.399995462,391.399995462,391.399995462,391.399995462,391.399995462,391.399995462,391.399995462,391.399995462,391.742437668,391.742437668,391.742437668,391.742437668,391.74243970199996,391.74243970199996,391.74243970199996,391.74243970199996,391.74243970199996,391.74243970199996,391.74243970199996,391.74243970199996,391.74243970199996,392.030917176,392.030917176,392.034475998,392.034475998,392.034475998,392.23065462,392.23065462,392.23065733199996,392.230660722,392.230660722,392.230660722,392.2306614,392.2306614,392.2306614,392.2306614,392.2306614,392.2306614,392.2306614,392.376929052,392.376929052,392.376929052,392.376929052,392.376929052,392.376929052,392.376929052,392.376929052,392.376929052,392.376929052,392.376929052,392.376929052,392.376929052,392.376929052,392.376929052,392.376929052,392.376929052,392.376929052,392.37693176399995,392.37693176399995,392.37693176399995,392.37693176399995,392.37693176399995,392.37693176399995,392.37693176399995,392.37693176399995,392.37693176399995,392.37693176399995,392.37693176399995,392.37693176399995,392.37693176399995,392.37693176399995,392.376933798,392.376933798,392.376933798,392.376933798,392.523196704,392.66946164399997,392.66946164399997,392.811672822,392.811672822,392.811672822,392.811672822,392.811672822,392.811672822,392.811672822,392.811672822,392.811672822,392.811672822,392.811672822,392.81167485599997,392.81167485599997,392.81167485599997,392.81167485599997,392.81167485599997,392.81167485599997,392.81167485599997,392.81167756799994,392.957942508,392.957942508,392.9579431859999,392.9579431859999,392.9579431859999,392.9579431859999,392.9579431859999,393.10420948199993,393.1042101599999,393.104210838,393.104212194,393.104212194,393.104214228,393.104214228,393.25048120199995,393.25048120199995,393.25048120199995,393.25048120199995,393.25048120199995,393.25048188,393.25048188,393.25048188,393.25048188,393.25048188,393.25048188,393.25048188,393.25048188,393.25048188,393.47469987,393.620966166,393.620966166,393.76723042799995,393.76723042799995,393.76723042799995,393.76723042799995,393.76723042799995,393.76723042799995,393.76723042799995,393.76723042799995,393.76723042799995,393.76723042799995,393.76723042799995,393.76723042799995,393.76723042799995,393.76723042799995,393.76723042799995,393.76723042799995,393.76723042799995,393.76723042799995,393.76723042799995,393.76723042799995,393.909438894,393.909438894,393.909438894,393.909438894,393.96340566,393.96340566,393.96340566,393.96340566,393.96340566,393.96340566,393.96340566,393.963408372,393.963408372,393.963408372,393.963408372,393.963408372,393.963408372,393.963408372,393.963408372,393.963408372,393.963408372,393.963408372,393.963408372,393.963408372,393.963408372,393.963408372,393.963408372,393.963408372,393.963408372,393.963408372,393.963408372,393.963408372,393.963408372,393.963408372,393.963408372,393.963408372,394.105618194,394.105618194,394.105618194,394.105618194,394.25188516799994,394.25188516799994,394.25188516799994,394.25188516799994,394.25188516799994,394.25188516799994,394.25188516799994,394.25188516799994,394.3940963459999,394.3940963459999,394.3940963459999,394.3940963459999,394.3940963459999,394.3940963459999,394.3940963459999,394.3940963459999,394.3940963459999,394.3940963459999,394.3940963459999,394.3940963459999,394.3940963459999,394.3940963459999,394.3940963459999,394.3940963459999,394.3940963459999,394.3940963459999,394.3940963459999,394.3940970239999,394.3940970239999,394.3940970239999,394.3940970239999,394.39409770199995,394.39409770199995,394.39409770199995,394.39409770199995,394.54036196399994,394.54036196399994,394.6866269039999,394.83289116599997,394.979157462,394.979157462,394.979157462,395.125420368,395.125420368,395.125420368,395.125420368,395.125420368,395.125420368,395.125420368,395.125420368,395.125420368,395.125421046,395.125421046,395.125421046,395.125421046,395.125421046,395.125421046,395.125421046,395.125421724,395.125421724,395.125421724,395.125421724,395.125421724,395.125421724,395.125421724,395.125421724,395.125421724,395.125421724,395.125421724,395.125421724,395.125421724,395.125421724,395.125421724,395.125421724,395.125421724,395.125421724,395.125421724,395.125421724,395.125421724,395.125421724,395.125421724,395.125421724,395.125421724,395.125421724,395.125421724,395.125421724,395.125421724,395.125421724,395.125421724,395.125421724,395.125421724,395.125421724,395.125421724,395.125421724,395.125421724,395.125421724,395.125421724,395.125421724,395.125421724,395.125421724,395.125421724,395.125421724,395.125421724,395.125421724,395.125421724,395.125421724,395.125421724,395.125421724,395.125421724,395.125421724,395.125421724,395.125421724,395.125421724,395.125421724,395.125421724,395.125421724,395.125421724,395.125421724,395.125421724,395.125421724,395.125421724,395.125421724,395.125421724,395.125421724,395.125421724,395.125421724,395.125421724,395.125421724,395.125421724,395.27168598599997,395.27168598599997,395.27168598599997,395.27168598599997,395.27168869799993,395.27168869799993,395.27168869799993,395.27168869799993,395.27168869799993,395.27168869799993,395.27168869799993,395.27168869799993,395.27168869799993,395.2716893759999,395.271692088,395.271692088,395.271692088,395.271692088,395.271692088,395.271692088,395.271692088,395.271692088,395.271692088,395.271692088,395.271692088,395.271692088,395.271692088,395.2716948,395.2716948,395.2716948,395.2716948,395.2716948,395.2716948,395.2716948,395.2716948,395.2716948,395.2716948,395.2716948,395.2716948,395.27169818999994,395.2717002239999,395.2717002239999,395.2717002239999,395.2717002239999,395.2717002239999,395.2717002239999,395.2717002239999,395.2717002239999,395.2717002239999,395.2717002239999,395.2717002239999,395.2717002239999,395.2717002239999,395.2717002239999,395.2717002239999,395.27170090199996,395.27170090199996,395.27170090199996,395.27170090199996,395.27170157999996,395.27170157999996,395.27170157999996,395.27170157999996,395.27170157999996,395.27170157999996,395.27170157999996,395.27170157999996,395.27170157999996,395.27170157999996,395.27170157999996,395.27170157999996,395.27170157999996,395.27170157999996,395.27170157999996,395.27170157999996,395.27170157999996,395.27170157999996,395.27170157999996,395.27170157999996,395.27170361399993,395.27170361399993,395.27170361399993,395.27170361399993,395.27170361399993,395.27170361399993,395.27170361399993,395.27170361399993,395.27170361399993,395.27170361399993,395.27170361399993,395.27170361399993,395.27170361399993,395.27170361399993,395.27170361399993,395.27170361399993,395.27170361399993,395.27170361399993,395.2717042919999,395.2717042919999,395.2717042919999,395.2717042919999,395.2717042919999,395.2717042919999,395.2717042919999,395.2717042919999,395.2717042919999,395.2717042919999,395.2717042919999,395.2717042919999,395.2717042919999,395.2717042919999,395.2717042919999,395.2717042919999,395.2717042919999,395.2717042919999,395.2717042919999,395.2717042919999,395.2717042919999,395.2717042919999,395.2717042919999,395.2717042919999,395.2717042919999,395.2717042919999,395.2717042919999,395.2717042919999,395.2717042919999,395.2717042919999,395.2717042919999,395.2717042919999,395.2717042919999,395.2717042919999,395.2717042919999,395.2717042919999,395.2717042919999,395.2717042919999,395.2717042919999,395.2717042919999,395.2717042919999,395.2717042919999,395.2717042919999,395.2717042919999,395.2717042919999,395.2717042919999,395.2717042919999,395.2717042919999,395.2717042919999,395.2717042919999,395.2717042919999,395.2717042919999,395.2717042919999,395.2717042919999,395.2717042919999,395.2717042919999,395.2717042919999,395.2717042919999,395.2717042919999,395.2717042919999,395.2717042919999,395.2717042919999,395.27170497,395.27170497,395.27170497,395.27170497,395.27170497,395.27170497,395.27170497,395.27170497,395.27170497,395.27170497,395.27170497,395.27170497,395.27170497,395.27170497,395.27170497,395.27170497,395.27170497,395.27170497,395.27170497,395.27170497,395.27170497,395.27170497,395.27170497,395.27170497,395.27170497,395.27170497,395.27170497,395.27170497,395.27170497,395.27170497,395.27170497,395.27170497,395.27170497,395.27170497,395.27170497,395.27170497,395.27170497,395.27170497,395.27170497,395.27170497,395.27170497,395.27170497,395.27170497,395.27170497,395.27170497,395.27170497,395.27170497,395.27170497,395.27170497,395.27170497,395.27170497,395.27170497,395.27170497,395.27170497,395.27170497,395.27170497,395.27170497,395.27170497,395.27170497,395.27170497,395.27170497,395.27170497,395.27170497,395.27170497,395.27170497,395.27170497,395.27170497,395.27170497,395.27170497,395.27170497,395.27170497,395.27170497,395.27170497,395.27170497,395.27170497,395.27170497,395.27170497,395.27170497,395.27170497,395.27170497,395.27170497,395.27170497,395.27170497,395.27170497,395.27170497,395.27170497,395.27170497,395.27170497,395.27170497,395.27170497,395.27170497,395.27170497,395.27170497,395.27170497,395.27170497,395.27170497,395.27170497,395.27170497,395.27170497,395.27170497,395.27170497,395.2717056479999
31,272.378993862,289.043588406,302.105788602,308.895557226,317.324534586,320.16281683200003,326.321727474,328.33651566599997,330.61791108600005,331.560242268,332.30452287,332.765973738,332.91520560600003,335.66203649999994,336.42573027599997,336.895526646,339.391330752,339.759615606,341.42756069399996,342.02990877599996,342.202225188,343.13354090400003,344.031118662,344.58704611800005,345.97694001600007,346.024000674,346.378353306,346.8666726359999,346.967653956,348.65574988199995,349.939294734,350.08040755199994,350.28701177999994,350.57033713199996,351.483795006,352.166397948,352.520922114,353.078084208,353.75120125200004,355.022695332,355.022695332,355.022695332,355.022695332,355.022695332,355.022695332,355.022695332,355.04123931000004,356.069393766,356.882934102,358.076294106,358.58027388000005,358.63081674600005,358.63081674600005,358.64485473599996,358.904390424,358.904390424,358.904390424,358.904390424,359.64438471,359.64438471,359.68758076800003,360.174268152,360.174268152,360.593138586,360.593138586,360.593138586,361.3403271300001,361.3403271300001,361.83416402399996,362.001061182,362.324034618,362.99224361999995,363.1411751339999,363.1411751339999,363.1411751339999,363.1411751339999,363.1411751339999,363.1411751339999,363.1411751339999,363.22613802599994,363.22613802599994,363.33947793,363.33947793,363.33947793,363.33947793,363.405960576,364.870731438,365.020723344,365.452950378,365.65765349400004,366.451812522,366.451812522,366.451812522,366.451812522,366.451812522,366.606450762,366.773594034,366.773594034,366.773594034,366.778792938,366.778792938,366.81604497,366.81604497,368.65782858000006,368.65782858000006,370.361711736,370.361711736,370.68964067400003,370.68964067400003,370.68964067400003,370.71605962200005,370.78820153400005,370.78820153400005,371.56427898000004,371.56427898000004,371.76045624600005,371.90672254200007,371.90672254200007,372.111144966,372.111144966,372.18337908600006,372.18337908600006,372.329645382,372.329645382,372.329646738,372.329646738,372.329646738,372.329646738,372.329646738,372.44915508599996,372.459526452,372.459526452,372.459526452,372.459526452,372.459526452,372.459526452,372.47557606799995,372.47557606799995,373.19546765399997,373.19546765399997,374.69985337800006,374.69985337800006,374.69985337800006,374.96872715999996,375.05606644200003,375.05606644200003,375.05606644200003,375.16374369,375.16374369,375.622675788,375.622675788,375.622675788,375.81965038199996,375.81965038199996,375.81965038199996,375.84825859200004,375.84826130400006,376.044439248,376.367285898,376.509494364,376.509494364,376.92988962000004,376.92988962000004,376.956372978,376.956372978,377.218904748,377.218904748,377.218904748,377.218904748,377.218904748,377.218904748,377.415084726,377.73158394,377.731585974,377.73514479600004,377.73514479600004,378.516701838,378.9370977720001,379.369324128,379.369324128,379.515589746,379.515589746,379.515589746,379.515589746,379.515589746,379.65780227999994,379.65780227999994,380.253073398,380.70207754200004,380.84428872000007,381.08033848800005,381.08033848800005,381.08033848800005,381.2353408140001,381.2353408140001,381.2353408140001,381.2353408140001,381.4315194360001,381.4315194360001,381.4315194360001,381.4315194360001,381.4315194360001,381.4315194360001,381.4315194360001,381.485486202,381.485486202,381.485486202,381.627698058,381.773963676,382.11640656000003,382.2626694660001,382.2626694660001,382.87398816600006,382.873991556,382.93151782200005,382.93151782200005,382.93151782200005,382.93151782200005,382.93151782200005,383.237999586,383.237999586,383.43417956400003,383.576390064,384.04549419600005,384.04549419600005,384.05732529600004,384.05732529600004,384.253500528,384.253500528,384.253500528,384.253500528,384.54198003600004,384.54198003600004,384.54198003600004,384.54198003600004,384.54198003600004,384.54198003600004,384.9767238060001,385.12299078,385.9582230480001,385.95822643800005,385.95822643800005,386.1044968020001,386.104498836,386.16202984800003,386.16202984800003,386.16202984800003,386.16202984800003,386.304241704,386.45051139000003,386.45051139000003,386.45051139000003,387.017172264,387.017172264,387.017172264,387.017172264,387.3097055340001,387.30970960200005,387.30970960200005,387.30970960200005,387.30970960200005,387.3097123140001,387.3097123140001,387.3097123140001,387.30971570400004,387.30971570400004,387.30971570400004,387.30971570400004,387.30971570400004,387.367242648,387.566981448,387.566981448,387.566981448,387.56698348200007,387.56698416,387.56698483800005,387.56698483800005,387.56698483800005,387.56698483800005,387.56698483800005,387.56698483800005,387.56698483800005,387.56698483800005,387.56698483800005,387.56698483800005,387.56698483800005,387.9873828060001,387.9873828060001,387.9873828060001,387.9873828060001,387.9873828060001,387.9873828060001,388.1295939840001,388.2758548560001,388.2758548560001,388.49651131200005,388.49651131200005,388.49651131200005,388.49651131200005,388.49651131200005,388.49651199,388.49651199,388.49651199,388.64277625200003,388.84251573,388.8425164080001,388.8425164080001,388.988781348,389.409177282,389.409177282,389.409177282,389.409177282,389.409177282,389.409177282,389.409177282,389.551389816,389.551389816,389.69765611200006,389.69765611200006,389.69765611200006,389.69765611200006,389.69765611200006,389.697659502,389.697659502,389.714433222,389.714433222,389.714433222,389.86069748400007,389.86069748400007,389.918225784,389.9182291740001,389.9182291740001,389.91823256400005,389.91823256400005,389.91823256400005,390.064499538,390.064499538,390.064499538,390.064499538,390.064499538,390.0645015720001,390.11846766,390.2647298880001,390.2647298880001,390.515113254,390.515113254,390.515113254,390.661378194,390.803589372,390.803592084,390.803592084,390.9498583799999,390.9498583799999,390.9498583799999,390.9498583799999,390.9498583799999,390.9498583799999,390.9498583799999,390.9498583799999,390.9498583799999,390.9498583799999,390.9498583799999,390.9498583799999,390.9498583799999,390.9498583799999,390.9498583799999,390.9498583799999,390.9498583799999,390.9498583799999,390.9498583799999,390.9498583799999,391.23987762599995,391.23987762599995,391.23987762599995,391.3820888039999,391.3820888039999,391.3820888039999,391.3820888039999,391.3820888039999,391.3820888039999,391.52429998199995,391.52429998199995,391.52429998199995,391.52429998199995,391.52430133799993,391.666513872,391.81277610000006,391.81277949,391.81277949,392.31518291400005,392.31518291400005,392.31518291400005,392.31518291400005,392.31518291400005,392.31518291400005,392.315184948,392.315184948,392.45739612600005,392.45739612600005,392.45739612600005,392.45739612600005,392.45739612600005,392.45739612600005,392.45739612600005,392.45739612600005,392.45739612600005,392.45739612600005,392.45739612600005,392.45739612600005,392.45739612600005,392.45739612600005,392.45739612600005,392.45739612600005,392.45739680400004,392.45739680400004,392.6036617440001,392.6036617440001,392.6036617440001,392.6036617440001,392.6036617440001,392.6036617440001,392.60366310000006,392.60366581200003,392.60366581200003,392.60366581200003,392.60366581200003,392.60366581200003,392.60366581200003,392.79984646800006,393.37833640800005,393.37833640800005,393.37833640800005,393.520546908,393.6668091359999,393.6668091359999,393.66680981400003,393.66680981400003,393.66680981400003,393.66680981400003,393.66680981400003,393.66680981400003,393.66680981400003,393.66680981400003,393.66680981400003,393.66680981400003,393.66680981400003,393.66680981400003,393.66680981400003,393.6668104919999,393.81307543199995,393.81307610999994,393.95934105,393.95934105,393.95934105,393.95934105,393.95934105,393.95934376200006,393.95934376200006,393.95934376200006,393.95934376200006,393.95934376200006,393.95934376200006,393.95934376200006,393.95934376200006,393.95934376200006,393.95934376200006,393.95934376200006,393.95934376200006,393.95934376200006,393.95934376200006,393.95934376200006,393.95934376200006,393.95934376200006,393.95934376200006,393.95934376200006,393.95934376200006,393.95934376200006,393.95934444,393.95934444,393.95934444,393.95934444,393.95934444,393.95934444,393.95934444,393.95934444,393.95934444,394.105611414,394.105611414,394.105611414,394.105611414,394.105611414,394.105611414,394.105611414,394.105611414,394.105611414,394.105611414,394.105612092,394.251877032,394.39813993799993,394.39813993799993,394.39813993799993,394.39813993799993,394.39813993799993,394.39813993799993,394.39813993799993,394.39813993799993,394.39813993799993,394.39813993799993,394.39813993799993,394.39813993799993,394.39813993799993,394.39813993799993,394.39813993799993,394.39813993799993,394.39813993799993,394.39813993799993,394.39813993799993,394.39813993799993,394.39813993799993,394.39813993799993,394.39813993799993,394.39813993799993,394.39814197199996,394.39814197199996,394.39814197199996,394.39814197199996,394.39814332799995,394.39814332799995,394.39814332799995,394.39814332799995,394.39814332799995,394.39814604,394.39814604,394.39814604,394.39814604,394.54441301400004,394.54441301400004,394.54441301400004,394.54441301400004,394.54441301400004,394.54441301400004,394.54441301400004,394.54441301400004,394.54441301400004,394.54441301400004,394.54441301400004,394.54441301400004,394.54441301400004,394.54441301400004,394.54441301400004,394.54441301400004,394.54441301400004,394.54441301400004,394.544418438,394.544418438,394.5444204719999,394.54442115,394.54442115,394.54442115,394.54442115,394.54442115,394.54442115,394.544422506,394.544422506,394.544422506,394.544422506,394.544422506,394.54442521799996,394.54442521799996,394.83289794599995,394.83289794599995,394.83289794599995,394.8329006579999,394.8329006579999,394.8329006579999,394.8329013359999,394.8329013359999,394.8329013359999,394.8329013359999,394.8329013359999,394.8329013359999,394.8329013359999,394.8329013359999,394.8329013359999,394.9791662759999,394.9791662759999,394.9791662759999,394.9791662759999,394.97916695399994,394.97916695399994,394.97916695399994,394.97916695399994,394.97916695399994,394.97916695399994,394.97916695399994,394.97916695399994,394.97916695399994,394.97916695399994,394.97916695399994,394.97916695399994,394.97916695399994,394.97916898799986,394.97916898799986,394.97916898799986,394.97916898799986,394.97916898799986,394.97916898799986,394.97916898799986,394.97916898799986,394.97916898799986,394.97916898799986,394.97916898799986,394.97916898799986,394.97916898799986,394.97916898799986,394.97916898799986,394.97916898799986,394.97916898799986,394.97916898799986,394.97916898799986,395.1254332499999,395.1254332499999,395.1254332499999,395.1254332499999,395.1254332499999,395.1254332499999,395.1254332499999,395.1254332499999,395.1254332499999,395.1254332499999,395.1254332499999,395.1254332499999,395.41796041799995,395.41796041799995,395.41796041799995,395.41796109599994,395.41796109599994,395.4179638079999,395.417967198,395.41796990999995,395.41796990999995,395.41796990999995,395.41796990999995,395.41796990999995,395.41796990999995,395.41796990999995,395.41796990999995,395.41796990999995,395.41796990999995,395.41796990999995,395.41796990999995,395.41796990999995,395.41796990999995,395.41796990999995,395.41796990999995,395.41796990999995,395.41796990999995,395.41796990999995,395.41796990999995,395.41796990999995,395.41796990999995,395.41796990999995,395.41796990999995,395.41796990999995,395.41796990999995,395.41796990999995,395.41796990999995,395.41796990999995,395.41796990999995,395.41796990999995,395.41796990999995,395.41796990999995,395.41796990999995,395.41796990999995,395.41796990999995,395.41796990999995,395.41796990999995,395.41796990999995,395.41796990999995,395.41796990999995,395.41796990999995,395.41796990999995,395.41796990999995,395.41796990999995,395.41796990999995,395.41796990999995,395.41796990999995,395.41796990999995,395.41796990999995,395.41796990999995,395.41796990999995,395.41796990999995,395.41796990999995,395.41796990999995,395.41796990999995,395.41796990999995,395.41796990999995,395.41796990999995,395.41796990999995,395.41796990999995,395.41796990999995,395.41796990999995,395.41796990999995,395.41796990999995,395.41796990999995,395.41796990999995,395.41796990999995,395.41796990999995,395.41796990999995,395.41796990999995,395.41796990999995,395.41796990999995,395.41796990999995,395.41796990999995,395.41796990999995,395.41796990999995,395.41796990999995,395.41796990999995,395.41796990999995,395.41796990999995,395.41796990999995,395.41796990999995,395.41796990999995,395.41796990999995,395.41796990999995,395.41796990999995,395.41796990999995,395.41796990999995,395.41796990999995,395.41796990999995,395.41796990999995,395.41796990999995,395.41796990999995,395.41796990999995,395.41796990999995,395.41796990999995,395.41796990999995,395.41796990999995,395.41796990999995,395.41796990999995,395.41796990999995,395.41796990999995,395.41796990999995,395.41796990999995,395.41796990999995,395.41796990999995,395.41796990999995,395.41796990999995,395.41796990999995,395.41796990999995,395.41796990999995,395.41796990999995,395.41796990999995,395.41796990999995,395.41796990999995,395.41796990999995,395.41796990999995,395.41796990999995,395.41796990999995,395.41796990999995,395.41796990999995,395.41796990999995,395.41796990999995,395.41796990999995,395.41796990999995,395.41796990999995,395.41796990999995,395.41796990999995,395.41796990999995,395.41796990999995,395.41796990999995,395.41796990999995,395.41796990999995,395.41796990999995,395.41796990999995,395.41796990999995,395.41796990999995,395.41796990999995,395.41796990999995,395.41796990999995,395.41796990999995,395.41796990999995,395.41796990999995,395.41796990999995,395.41796990999995,395.41796990999995,395.41796990999995,395.41796990999995,395.41796990999995,395.41796990999995,395.41796990999995,395.41796990999995,395.41796990999995,395.41796990999995,395.41796990999995,395.41796990999995,395.41796990999995,395.41796990999995,395.41796990999995,395.41796990999995,395.41796990999995,395.41796990999995,395.41796990999995,395.41796990999995,395.41796990999995,395.41796990999995,395.41796990999995,395.41796990999995,395.41796990999995,395.41796990999995,395.41796990999995,395.41796990999995,395.41796990999995,395.41796990999995,395.41796990999995,395.41796990999995,395.41796990999995,395.41796990999995,395.41796990999995,395.41796990999995,395.41796990999995,395.41796990999995,395.41796990999995,395.41796990999995,395.41796990999995,395.41796990999995,395.41796990999995,395.41796990999995,395.41796990999995,395.41796990999995,395.41796990999995,395.41796990999995,395.41796990999995,395.41796990999995,395.41796990999995,395.41796990999995,395.41796990999995,395.41796990999995,395.41796990999995,395.41796990999995,395.41796990999995,395.41796990999995,395.41796990999995,395.41796990999995,395.41796990999995,395.41796990999995,395.41796990999995,395.41796990999995,395.41796990999995,395.41796990999995,395.41796990999995,395.41796990999995,395.41796990999995,395.41796990999995,395.41796990999995,395.41796990999995,395.41796990999995,395.41796990999995,395.41796990999995,395.41796990999995,395.41796990999995,395.41796990999995,395.4179705879999,395.4179705879999,395.4179705879999,395.4179705879999,395.4179705879999,395.4179705879999,395.4179705879999,395.4179705879999,395.4179705879999,395.4179705879999,395.4179705879999,395.4179705879999,395.4179705879999,395.4179705879999,395.4179705879999,395.4179705879999,395.4179705879999,395.4179705879999,395.4179705879999,395.4179705879999,395.4179705879999,395.4179705879999,395.4179705879999,395.4179705879999,395.4179705879999,395.4179705879999,395.4179705879999,395.4179705879999,395.4179705879999,395.4179705879999,395.4179705879999,395.4179705879999,395.4179705879999,395.4179705879999,395.4179705879999,395.4179705879999,395.4179705879999,395.4179705879999,395.4179705879999,395.4179705879999,395.4179705879999,395.4179705879999,395.4179705879999,395.4179705879999,395.4179705879999,395.4179705879999,395.4179705879999,395.4179705879999,395.4179705879999,395.4179705879999,395.4179705879999,395.4179705879999,395.4179705879999,395.4179705879999,395.4179705879999,395.4179705879999,395.4179705879999,395.4179705879999,395.4179705879999,395.4179705879999,395.4179705879999,395.4179705879999,395.4179705879999,395.4179705879999,395.4179705879999,395.4179705879999,395.4179705879999,395.4179705879999,395.4179705879999,395.4179705879999,395.4179705879999,395.4179705879999,395.4179705879999,395.4179705879999,395.4179705879999,395.4179705879999,395.4179705879999,395.4179705879999,395.4179705879999,395.4179705879999,395.4179705879999,395.4179705879999,395.4179705879999,395.4179705879999,395.4179705879999,395.4179705879999,395.4179705879999,395.4179705879999,395.4179705879999,395.4179705879999,395.4179705879999,395.4179705879999,395.4179705879999,395.4179705879999,395.4179705879999,395.4179705879999,395.4179705879999,395.4179705879999,395.4179705879999,395.4179705879999,395.4179705879999,395.4179705879999,395.4179705879999,395.4179705879999,395.4179705879999,395.4179705879999,395.4179705879999,395.4179705879999,395.4179705879999,395.4179705879999,395.4179705879999,395.4179705879999,395.4179705879999,395.4179705879999,395.4179705879999,395.4179705879999,395.4179705879999,395.4179705879999,395.4179705879999,395.4179705879999,395.4179705879999,395.4179705879999,395.4179705879999,395.4179705879999,395.4179705879999,395.4179705879999,395.4179705879999,395.4179705879999,395.4179705879999,395.4179705879999,395.4179705879999,395.4179705879999,395.4179705879999,395.4179705879999,395.4179705879999,395.4179705879999,395.4179705879999,395.4179705879999
32,275.83876073999994,297.673030704,306.529204338,312.82819045800005,317.881535994,320.30983503,324.21158604,327.931054716,331.68014453399996,332.913867234,333.22542992999996,335.795221464,337.481182368,338.25471595799996,339.60912604799995,339.994177842,342.33780213599994,342.37206893399997,342.82986673799996,343.0092770639999,343.4730466919999,344.790602736,345.55217979599996,345.823712694,347.741919108,349.14841722599994,349.95001594799993,350.0539363979999,350.21406915,350.35088548199997,351.50804435399994,351.78211839599993,351.97953233399994,351.97953233399994,351.97953233399994,352.088297094,352.365578076,352.39275774000004,352.48886898599994,352.48886898599994,352.692443232,353.048524086,353.048524086,353.048524086,353.5294491479999,354.4889744099999,354.77154379199993,354.77154379199993,355.58090629199995,357.050591976,357.2516827079999,357.343559166,358.493910918,358.493910918,358.64390418000005,358.773728298,358.773728298,358.773728298,359.37084493199995,359.37084493199995,359.37084493199995,359.37084493199995,359.37084493199995,359.37084493199995,359.54053206,359.7972350639999,360.0359222519999,360.0359222519999,360.03728096399993,360.03728096399993,360.71044004399994,361.5646373279999,361.5646373279999,361.5646373279999,361.79241549599993,361.9569782999999,361.9569782999999,361.956979656,361.956979656,361.956979656,361.9993268579999,361.9993268579999,361.9993268579999,361.9993268579999,362.151644304,362.151644304,362.151644304,362.151644304,362.151644304,362.151644304,362.151644304,362.151644304,362.151644304,362.151644304,362.238706962,362.43844643999995,362.43844643999995,362.733079476,362.733079476,362.733079476,363.158402436,363.158402436,363.158402436,363.158402436,363.158402436,363.158402436,363.165497706,363.165497706,363.959658768,364.0358476619999,364.137898188,364.19186156399996,364.19186156399996,364.236520068,364.236520068,364.236520068,364.420879794,364.420879794,364.420879794,364.42088047199996,364.48577592000004,365.25097146599995,365.25097146599995,365.51485787999997,365.621976456,365.621976456,365.774977326,366.23503558199997,366.26145588599996,366.433655004,366.433655004,366.433655004,366.93029814,366.93029814,366.93029814,366.93029814,366.952123638,367.15385575799996,367.15385575799996,367.15385575799996,367.15385575799996,367.15385575799996,367.15385575799996,367.186681128,367.207741842,367.207741842,367.51420733400005,367.51420733400005,367.51420733400005,367.51420733400005,367.51420733400005,367.51420733400005,367.51420733400005,367.51420733400005,367.973317746,367.973317746,367.973317746,367.973317746,367.973317746,367.973317746,367.973317746,367.973317746,367.973317746,367.973317746,367.973317746,368.472645084,368.472645084,368.63495964000003,368.71246249800004,369.00511102800004,369.48182842200004,369.48182842200004,369.48182842200004,369.48182842200004,369.48182842200004,370.07710089600005,370.07710089600005,370.111349388,370.111349388,370.111349388,370.12318455599996,370.12318455599996,370.320330684,370.324211556,370.324211556,370.324211556,370.324211556,370.979912136,370.979912136,370.979912136,371.133793728,371.52447427800007,372.32880940800004,372.32880940800004,372.32880940800004,372.471020586,372.471020586,372.471020586,372.487073592,372.487073592,373.06006698600004,373.266953262,373.266953262,373.266953262,374.211851352,374.211851352,374.436065952,374.436065952,374.812585794,374.812585794,375.609922608,375.713152854,375.713152854,376.145379888,376.145380566,376.14538327799994,376.3153104179999,376.3153104179999,376.36930972799996,376.40213238599995,376.40213238599995,376.550234028,376.550234028,376.68250572599993,376.68250572599993,376.68250572599993,376.68250572599993,376.68250572599993,376.87868638199996,376.87868638199996,376.87868638199996,377.18547866999995,377.18547866999995,377.18547866999995,377.18547866999995,377.18547866999995,377.43830215799994,377.43830215799994,377.43830215799994,377.43830215799994,377.92275417599996,377.92275417599996,377.92275620999993,377.92275620999993,378.8862213299999,378.8862213299999,378.914830896,379.19407807799996,379.24804484399993,379.24804484399993,379.39430774999994,379.39430774999994,379.39430774999994,379.39430774999994,379.39430774999994,380.009358162,380.80850726999995,380.80850726999995,380.80850726999995,380.95477153199994,381.29316336599993,381.29316336599993,381.29316336599993,381.48934334399996,381.48934334399996,381.48934334399996,381.48934334399996,381.48934334399996,381.6356076059999,381.635608962,381.635608962,381.635608962,381.924084402,382.21255712999994,382.7792186819999,382.7792186819999,382.7792186819999,382.7792186819999,382.7792186819999,382.7792186819999,383.39579323799995,383.39579323799995,384.02419889399994,384.02419889399994,384.02419889399994,384.02419889399994,384.02419889399994,384.40518878999995,384.6833755799999,384.6833755799999,384.6833755799999,384.82558946999995,384.82558946999995,384.82558946999995,384.82559014799995,384.82559014799995,384.82559014799995,385.50041914199994,385.721076276,385.721076276,385.721076276,385.721076276,385.721076276,385.86734460599996,386.15987313,386.15987313,386.15987313,386.26677406799996,386.26677406799996,386.26677406799996,386.26677406799996,386.26677406799996,386.26677406799996,386.4130383299999,386.4130383299999,386.4130383299999,386.4130383299999,386.48895602399995,386.48895602399995,386.48895602399995,386.63522299799996,386.63522299799996,386.63522299799996,386.63522570999993,386.63522570999993,386.63522570999993,386.78149200599995,386.78149200599995,386.78149268399994,386.78149268399994,386.78149268399994,386.78149268399994,386.78149607399996,386.78149607399996,386.927763048,386.927763048,386.92776372599997,387.15197968199993,387.15197968199993,387.15197968199993,387.15197968199993,387.15197968199993,387.4587726479999,387.4587726479999,387.4587726479999,387.4587726479999,387.4587726479999,387.747248766,387.747248766,387.747248766,387.747248766,387.747248766,387.747248766,387.747248766,388.035727596,388.035727596,388.1779394519999,388.1779394519999,388.1779394519999,388.1779394519999,388.1779394519999,388.1779394519999,388.1779394519999,388.1779394519999,388.1779394519999,388.1779394519999,388.1779394519999,388.1779394519999,388.1779394519999,388.1779394519999,388.1779394519999,388.1779394519999,388.17794012999997,388.17794012999997,388.17794012999997,388.177942842,388.177942842,388.32015469799995,388.32015469799995,388.32015469799995,388.32015469799995,388.4664203159999,388.4664203159999,388.4664203159999,388.4664203159999,388.4664203159999,388.4664203159999,388.4664203159999,388.754897112,388.754897112,388.754897112,388.754897112,388.754897112,388.75489779,388.75489779,388.75489779,388.75489779,388.75489779,388.75489779,388.75489779,388.75489846799996,388.75489846799996,388.75489846799996,388.75489846799996,388.75489846799996,388.7549018579999,388.901164764,388.901164764,388.901164764,388.901164764,388.91299925399994,388.91299925399994,388.91299925399994,388.91299925399994,388.91299925399994,388.91299925399994,389.05926216,389.05926216,389.05926216,389.05926216,389.05926216,389.05926216,389.34774031200004,389.34774031200004,389.34774031200004,389.494006608,389.71822391999996,389.864488182,389.864488182,389.864488182,389.864488182,389.864488182,389.864488182,389.864488182,389.864488182,389.864488182,389.92201377,389.92201377,389.92201377,390.064225626,390.064225626,390.064225626,390.064225626,390.064225626,390.064225626,390.064225626,390.064225626,390.064225626,390.26040424799993,390.26040424799993,390.26040424799993,390.26040424799993,390.48461817,390.48461817,390.6808001819999,390.6808001819999,390.6808001819999,390.6808001819999,390.6808001819999,390.6808001819999,390.6808001819999,390.6808001819999,390.6808001819999,390.6808001819999,390.6808001819999,390.82301068199996,390.82301068199996,390.82301068199996,390.82301068199996,390.82301068199996,390.82301068199996,391.111488834,391.111488834,391.111488834,391.111488834,391.111488834,391.111488834,391.111488834,391.111488834,391.111488834,391.11149222399996,391.11149222399996,391.11149222399996,391.11149222399996,391.11149222399996,391.11149222399996,391.11149222399996,391.11149222399996,391.11149222399996,391.11149222399996,391.11149222399996,391.11149357999994,391.3112323799999,391.3112323799999,391.3112323799999,391.3112323799999,391.3112330579999,391.3112330579999,391.3112330579999,391.3112330579999,391.3112330579999,391.4575000319999,391.4575000319999,391.4575000319999,391.4575000319999,391.4575000319999,391.4575000319999,391.45750274399995,391.45750342199995,391.45750342199995,391.45750342199995,391.45750342199995,391.45750342199995,391.45750342199995,391.45750342199995,391.45750342199995,391.45750342199995,391.45750342199995,391.45750342199995,391.45750342199995,391.45750342199995,391.45750342199995,391.45750342199995,391.5997152779999,391.5997152779999,391.5997152779999,391.59971798999993,391.59971798999993,391.59971798999993,391.59971798999993,391.59971798999993,391.59971798999993,391.59971798999993,391.59971798999993,391.59971798999993,391.59971798999993,391.59971798999993,391.59971798999993,391.59971798999993,391.59971798999993,391.59971798999993,391.59971798999993,391.59971798999993,391.59971798999993,391.59971798999993,391.59971798999993,391.59971798999993,391.59971798999993,391.59972137999995,391.59972137999995,391.59972137999995,391.59972137999995,391.59972137999995,391.59972137999995,391.59972137999995,391.59972137999995,391.59972137999995,391.59972137999995,391.599723414,391.599724092,391.599724092,391.599724092,391.59972612599995,391.59972612599995,391.59972612599995,391.74599377799996,391.74599377799996,391.74599377799996,391.74599377799996,391.74599377799996,391.74599377799996,391.8882036,391.8882036,391.8882036,391.8882036,391.8882036,391.8882036,391.8882036,391.8882036,391.8882036,391.8882036,391.8882036,392.30859749999996,392.30860021199993,392.30860021199993,392.30860021199993,392.30860224599996,392.30860224599996,392.30860224599996,392.30860224599996,392.30860224599996,392.30860224599996,392.308602924,392.308602924,392.308602924,392.454863796,392.454863796,392.5088292059999,392.5088292059999,392.5088292059999,392.5088292059999,392.5088292059999,392.508832596,392.508832596,392.65104513,392.65104513,392.65104513,392.65104513,392.65104513,392.65104513,392.65104513,392.65104513,392.65104513,392.65104513,392.65104784199997,392.797312104,392.797312104,392.797312104,392.797312104,392.797312104,392.797312104,392.797312104,392.797312104,392.797314816,392.797314816,392.797314816,392.797314816,392.797314816,392.797314816,392.797315494,392.797315494,392.797315494,392.797315494,392.797315494,392.797315494,392.797315494,392.797315494,392.797315494,392.797315494,392.797319562,392.797319562,392.797319562,392.797319562,392.94358246799993,392.94358246799993,392.94358246799993,392.94358246799993,392.94358246799993,393.08984537399994,393.08984537399994,393.08984537399994,393.08984537399994,393.0898474079999,393.0898474079999,393.0898474079999,393.5245918559999,393.52459524599993,393.670859508,393.670859508,393.670859508,393.670859508,393.670859508,393.670859508,393.670859508,393.670859508,393.670859508,393.670859508,393.67086086399996,393.670861542,393.670861542,393.670861542,393.670861542,393.670861542,393.670861542,393.67086222,393.67086222,393.67086222,393.67086222,393.67086222,393.67086222,393.67086222,393.67086222,393.67086222,393.67086222,393.67086222,393.67086222,393.670864254,393.670864254,393.670864254,393.670864254,393.670864254,393.670864254,393.670864254,393.670864254,393.81713122799994,393.81713122799994,393.817131906,393.817131906,393.81713461799995,393.81713461799995,393.81713461799995,393.81713461799995,393.81713461799995,393.81713461799995,393.81713461799995,393.81713461799995,393.81713461799995,393.81713461799995,393.81713461799995,393.81713461799995,393.81713461799995,393.81713461799995,393.81713461799995,393.81713461799995,393.81713461799995,393.81713461799995,393.81713461799995,393.81713461799995,393.817135296,393.817135296,393.817135296,393.817135296,393.817135296,393.817135296,393.817135296,393.817135296,393.817135296,393.817135296,393.817135296,393.817135296,393.817135296,393.817138008,393.96340498199993,393.96340498199993,393.96340498199993,393.96340498199993,393.96340498199993,393.96340498199993,394.10967195599994,394.10967195599994,394.10967195599994,394.10967195599994,394.10967195599994,394.10967195599994,394.10967195599994,394.10967195599994,394.10967195599994,394.10967195599994,394.10967195599994,394.10967195599994,394.10967195599994,394.10967195599994,394.10967195599994,394.10967195599994,394.10967195599994,394.25593621799993,394.25593621799993,394.25593621799993,394.25593621799993,394.25593621799993,394.40220047999986,394.40220047999986,394.4022031919999,394.4022031919999,394.40220386999994,394.40220386999994,394.40220386999994,394.40220386999994,394.40220386999994,394.40220386999994,394.40220386999994,394.40220386999994,394.40220386999994,394.40220386999994,394.40220386999994,394.40220386999994,394.40220386999994,394.40220386999994,394.40220386999994,394.40220386999994,394.40220386999994,394.40220386999994,394.40220386999994,394.40220386999994,394.4022065819999,394.4022065819999,394.4022065819999,394.4022065819999,394.4022065819999,394.4022065819999,394.4022065819999,394.4022065819999,394.4022065819999,394.40220726,394.40220726,394.40220726,394.40220726,394.40220726,394.40220726,394.40220726,394.40220726,394.40220726,394.40220726,394.40220726,394.40220726,394.40220726,394.40220726,394.40220793799995,394.5444191159999,394.5444191159999,394.5444191159999,394.5444191159999,394.5444191159999,394.5444191159999,394.690682022,394.690682022,394.6906827,394.6906827,394.6906827,394.6906827,394.6906827,394.6906827,394.6906827,394.6906827,394.6906827,394.6906827,394.6906827,394.6906827,394.6906827,394.6906827,394.6906827,394.6906827,394.6906827,394.6906827,394.6906827,394.6906827,394.6906827,394.6906827,394.6906827,394.6906827,394.6906827,394.6906827,394.6906827,394.6906827,394.6906827,394.6906827,394.6906827,394.6906827,394.6906827,394.6906827,394.6906827,394.6906827,394.6906827,394.6906827,394.6906827,394.6906827,394.6906827,394.6906827,394.6906827,394.6906827,394.6906827,394.6906827,394.6906827,394.6906827,394.6906827,394.69068608999993,394.69068608999993,394.69068608999993,394.69068608999993,394.69068608999993,394.69068608999993,394.69068608999993,394.69068676800003,394.69068676800003,394.69068676800003,394.69068676800003,394.69068676800003,394.69068676800003,394.69068676800003,394.69068676800003,394.69068676800003,394.69068676800003,394.69068676800003,394.69068676800003,394.69068676800003,394.69068676800003,394.69068676800003,394.69068676800003,394.69068676800003,394.69068676800003,394.69068676800003,394.69068676800003,394.69068676800003,394.69068676800003,394.69068676800003,394.69068676800003,394.69068676800003,394.69068676800003,394.69068676800003,394.69068676800003,394.69068676800003,394.69068676800003,394.69068676800003,394.69068676800003,394.69068676800003,394.69068676800003,394.69068676800003,394.69068676800003,394.69068676800003,394.69068676800003,394.69068676800003,394.69068676800003,394.69068676800003,394.69068676800003,394.69068676800003,394.69068676800003,394.69068676800003,394.69068676800003,394.6906874459999,394.6906874459999,394.6906874459999,394.6906874459999,394.6906874459999,394.6906874459999,394.6906874459999,394.6906874459999,394.6906874459999,394.6906874459999,394.6906874459999,394.6906874459999,394.6906874459999,394.6906874459999,394.6906874459999,394.6906874459999,394.6906874459999,394.6906874459999,394.6906874459999,394.6906874459999,394.6906874459999,394.6906874459999,394.6906874459999,394.6906874459999,394.6906874459999,394.6906874459999,394.6906874459999,394.6906874459999,394.6906874459999,394.6906874459999,394.6906874459999,394.6906874459999,394.6906874459999,394.6906874459999,394.6906874459999,394.6906874459999,394.6906874459999,394.6906874459999,394.6906874459999,394.6906874459999,394.6906874459999,394.6906874459999,394.6906874459999,394.6906874459999,394.6906874459999,394.6906874459999,394.6906874459999,394.6906874459999,394.6906874459999,394.6906874459999,394.6906874459999,394.6906874459999,394.6906874459999,394.6906874459999,394.6906874459999,394.6906874459999,394.6906874459999,394.6906874459999,394.6906874459999,394.6906874459999,394.6906874459999,394.6906874459999,394.6906874459999,394.6906874459999,394.6906874459999,394.6906874459999,394.6906874459999,394.6906874459999,394.6906874459999,394.6906874459999,394.6906874459999,394.6906874459999,394.6906874459999,394.6906874459999,394.6906874459999,394.6906874459999,394.6906874459999,394.6906874459999,394.6906874459999,394.6906874459999,394.6906874459999,394.6906874459999
33,281.933394948,299.404485408,306.830278374,311.362890078,317.56166034,318.997936218,321.32357656199997,325.68124935,328.18883031599995,330.43673660400003,332.543591094,333.98603677200003,334.89686400600004,336.045823824,338.09134168800006,338.7339867,339.361565196,339.36287916000003,339.40341,341.05899447,343.23730744799997,346.39738273200004,346.39738273200004,346.71675056400005,346.71675056400005,346.817006424,347.465427318,348.58572536400004,349.019784354,349.841639004,349.940230374,350.01738473999995,350.01738473999995,350.495399826,350.51365768799997,350.78934333599994,352.120508874,352.120508874,352.120508874,352.488798474,353.02487069999995,353.02487069999995,353.02487069999995,353.64290092199997,353.94416750999994,353.94416750999994,353.94416750999994,354.150085602,354.150085602,354.31267813799997,354.99842089799995,355.0011722219999,355.0011722219999,355.0011722219999,355.041185748,355.608170706,356.245505622,356.80097474999997,358.22076302399995,358.22076302399995,358.56525617999995,358.71840553199996,358.84993007399993,358.84993007399993,358.84993007399993,358.84993007399993,358.97413899599997,358.993977276,358.993977276,359.313661056,359.313661056,359.313661056,359.4345138779999,359.4345138779999,359.4345138779999,359.4345138779999,359.4345138779999,359.4345138779999,359.909409486,359.909409486,359.909409486,359.983310808,359.983310808,359.983310808,359.983310808,359.983310808,359.983310808,360.372419754,360.372419754,360.372419754,360.372419754,360.372419754,360.520478004,360.56990827199996,360.56990827199996,360.56990827199996,361.38982926599994,361.429980426,361.429980426,361.429980426,361.429980426,362.65597663799997,363.21949227,363.21949227,363.26569254599997,363.26569254599997,363.26569254599997,363.26569254599997,363.26569254599997,363.43173678,363.572724168,363.572724168,363.62140863599996,363.62140863599996,363.62140863599996,363.62140863599996,363.76528226999994,364.01180239199994,364.055443218,364.055443218,364.055443218,364.055443218,364.38761304600007,364.49473162199996,364.516737468,364.836836862,364.96053050399996,364.96053050399996,365.491213986,365.491213986,365.89562200200004,365.913561882,365.913561882,366.09638254799995,366.40932090599995,366.8177013239999,366.8177013239999,366.8177013239999,366.97001877,366.97001877,366.97001877,367.49412429599994,367.507149354,367.90451769599997,368.2630027379999,368.2630027379999,368.28942643199997,368.434996422,368.434996422,368.434996422,368.465294208,368.465294208,368.72427190199994,368.72427190199994,368.72427190199994,369.1983925559999,369.1983925559999,369.1983925559999,369.56021674799996,369.69248573399994,369.69248573399994,369.9939299579999,370.44293342399993,371.06258203199997,371.06258203199997,371.49480906599996,371.49480906599996,371.49480906599996,371.7130464179999,371.7130464179999,371.7130464179999,371.7130464179999,371.7130464179999,371.7130464179999,372.47570014199994,372.552777216,372.8259922319999,372.8588155679999,373.05499418999995,373.05499418999995,373.2792108239999,373.2792108239999,373.2792108239999,373.99252852199993,373.99252852199993,373.99252852199993,374.936962182,374.93696489399997,375.15680097000006,375.15680097000006,375.5428812900001,375.5428812900001,375.919107558,375.919107558,376.065370464,376.065370464,376.37441099999995,377.20775978399996,377.20775978399996,377.20775978399996,377.20775978399996,377.20775978399996,377.43197845200007,377.72199566399996,377.72199566399996,377.749918416,377.749918416,377.749918416,378.039937662,378.039937662,378.18620395799996,378.18620395799996,378.33920686199997,378.33920686199997,378.33920686199997,378.33920686199997,379.0435376699999,379.0435376699999,379.0435376699999,379.0435376699999,379.0435376699999,379.04354106,379.04354106,379.04354106,379.043541738,379.043541738,379.132496694,379.274707872,379.274707872,379.274707872,379.274707872,379.91072882400005,380.064861276,380.064861276,380.064861276,380.064861276,380.129446878,380.12944959,380.12944959,380.12944959,380.12944959,380.12944959,380.32562753400003,380.32562753400003,380.32562753400003,381.07916215800003,381.42516522000005,381.42516522000005,381.42516522000005,381.42516522000005,381.42516522000005,381.4412107680001,381.46982440200003,381.46982440200003,381.46982440200003,381.46982440200003,381.46982440200003,381.46982440200003,381.46982440200003,381.46982440200003,381.890217624,381.890217624,381.890217624,381.890217624,381.890217624,381.890217624,381.890217624,381.890217624,381.890217624,381.890217624,381.92853615000007,382.0707486840001,382.27048884000004,382.27048884000004,382.27048884000004,382.27048884000004,382.270490874,382.270490874,382.270490874,382.270490874,382.270490874,382.270490874,382.270490874,382.270490874,382.270490874,383.00738941199995,383.61236949000005,383.61236949000005,383.75863375200004,383.758637142,383.758637142,384.05116498800004,384.05116498800004,384.05116498800004,384.0511677,384.0511677,384.0511677,384.39361194,384.53582311800005,384.73152375000006,384.73152375000006,385.058672988,385.058672988,385.058672988,385.2049392840001,385.2049392840001,385.3512042240001,385.61017785,385.61017785,385.61017785,385.61017785,385.61017785,385.620942456,385.7672053620001,385.7672053620001,385.7672053620001,385.7672053620001,385.7672053620001,385.7672053620001,385.7672053620001,385.7672053620001,385.7672060400001,385.7672060400001,385.7672060400001,385.7779699680001,385.7779699680001,385.7779699680001,385.7779699680001,385.7779699680001,385.7779699680001,385.7779699680001,385.7779699680001,385.7779699680001,385.7779699680001,385.7779699680001,385.8354982680001,385.97770944600006,385.97770944600006,385.97770944600006,386.03523367800005,386.0352357120001,386.0352357120001,386.0352357120001,386.0352357120001,386.0352357120001,386.455633002,386.455633002,386.455633002,386.6018959080001,386.6018959080001,386.89037134800014,387.17885085600005,387.17885153400005,387.4030681680001,387.4030681680001,387.710261832,387.710261832,387.710261832,387.7102625100001,387.7102625100001,388.46150413799995,388.46150413799995,388.46150413799995,388.46150413799995,388.461505494,388.461505494,388.461505494,388.461505494,388.461508206,388.461508206,388.461508206,388.461508206,388.461508206,388.461508206,388.461508206,388.803952446,388.803952446,388.803952446,388.803952446,389.09243059799996,389.09243059799996,389.09243059799996,389.09243059799996,389.09243059799996,389.09243059799996,389.292170076,389.438434338,389.438434338,389.438434338,389.438435016,390.296081964,390.296081964,390.296081964,390.296081964,390.296082642,390.296082642,390.296082642,390.4423482599999,390.58861116599996,390.58861116599996,390.58861116599996,391.18387685999994,391.18388025,391.18388025,391.330146546,391.330146546,391.33014722400003,391.33014722400003,391.33014722400003,391.33014722400003,391.33014722400003,391.33014722400003,391.33014722400003,391.33014722400003,391.47641419799993,391.47641419799993,391.47641419799993,391.47641419799993,391.47641419799993,391.47641419799993,391.47641419799993,391.476414876,391.476414876,391.47641826599994,391.47641826599994,391.47641826599994,391.47641826599994,391.47641826599994,391.4764203,391.4764203,391.47642165599996,391.47642165599996,391.47642165599996,391.47642165599996,391.47642165599996,391.47642165599996,391.70063829,391.70063829,391.70063829,391.70063829,391.70063829,391.70063829,391.896820302,391.896820302,391.896820302,391.896820302,391.89682301399995,391.89682301399995,391.89682301399995,391.89682301399995,391.89682301399995,391.89682301399995,391.89682301399995,391.89682301399995,391.89682301399995,392.03903486999997,392.03903486999997,392.03903486999997,392.03903554799996,392.185300488,392.185301166,392.185301166,392.185301166,392.185301166,392.185301166,392.185301166,392.185301166,392.185301166,392.185301166,392.18530319999996,392.18530387799996,392.18530387799996,392.18530387799996,392.18530455599995,392.18530455599995,392.18530455599995,392.18530455599995,392.18530455599995,392.18530455599995,392.18530455599995,392.18530455599995,392.18530455599995,392.185305234,392.185305234,392.185305234,392.185305234,392.185305234,392.185305234,392.47783443599997,392.75601783599996,392.75601783599996,392.75601851399995,392.75601851399995,392.75601851399995,392.75601851399995,392.75601851399995,392.75601851399995,392.75601851399995,392.75601851399995,392.75601851399995,392.75601851399995,392.75601851399995,392.75601851399995,392.75601851399995,392.898229014,392.898229014,392.898229014,392.898229014,392.898229014,392.898229014,392.898229692,392.898229692,392.89823240399994,392.89823240399994,392.89823240399994,392.89823240399994,392.89823240399994,392.89823240399994,392.89823240399994,392.89823240399994,392.89823240399994,392.89823240399994,392.89823240399994,393.04044425999996,393.04044425999996,393.1826554379999,393.1826554379999,393.1826554379999,393.1826554379999,393.1826554379999,393.1826554379999,393.1826554379999,393.1826554379999,393.1826554379999,393.1826554379999,393.1826554379999,393.32486661599995,393.32486661599995,393.4711295219999,393.4711295219999,393.4711295219999,393.4711295219999,393.4711295219999,393.4711295219999,393.4711315559999,393.4711315559999,393.4711315559999,393.4711315559999,393.4711315559999,393.4711315559999,393.4711315559999,393.4711315559999,393.4711315559999,393.4711315559999,393.6173978519999,393.6173978519999,393.6173978519999,393.6173978519999,393.6173978519999,393.6173978519999,393.6173978519999,393.76366279199993,393.76366279199993,393.76366279199993,393.76366279199993,393.76366279199993,393.76366279199993,393.76366279199993,393.76366279199993,393.76366279199993,393.76366279199993,393.76366279199993,393.76366279199993,393.76366279199993,393.76366279199993,393.76366279199993,393.76366279199993,393.76366346999987,393.76366346999987,393.76366346999987,393.76366346999987,393.76366346999987,393.76366346999987,393.76366346999987,393.76366346999987,393.76366346999987,393.76366346999987,393.76366482599997,393.76366482599997,393.7636682159999,393.7636682159999,393.7636682159999,393.909930444,393.909930444,393.909930444,393.909930444,393.909930444,393.90993518999994,393.90993518999994,393.90993518999994,393.90993518999994,393.90993518999994,393.90993518999994,393.90993518999994,393.90993518999994,393.90993518999994,393.90993586799993,393.90993586799993,393.90993586799993,393.9099365459999,393.9099365459999,393.9099365459999,393.9099365459999,394.05214704599996,394.05214704599996,394.05214704599996,394.05214704599996,394.05214704599996,394.05214704599996,394.05214704599996,394.05214704599996,394.05214704599996,394.05214704599996,394.05214704599996,394.05214704599996,394.05214704599996,394.05214704599996,394.05214704599996,394.05214704599996,394.1984092739999,394.1984092739999,394.1984092739999,394.1984092739999,394.1984092739999,394.1984092739999,394.1984092739999,394.1984092739999,394.1984092739999,394.1984092739999,394.1984092739999,394.1984092739999,394.2559396079999,394.2559396079999,394.2559396079999,394.2559396079999,394.25594028599994,394.25594028599994,394.25594028599994,394.25594028599994,394.25594028599994,394.25594028599994,394.25594028599994,394.25594028599994,394.25594028599994,394.25594028599994,394.25594028599994,394.25594028599994,394.25594028599994,394.25594028599994,394.25594028599994,394.25594028599994,394.25594028599994,394.25594028599994,394.25594028599994,394.25594028599994,394.25594028599994,394.25594028599994,394.25594028599994,394.25594028599994,394.25594028599994,394.25594028599994,394.25594028599994,394.25594028599994,394.25594028599994,394.25594028599994,394.25594028599994,394.25594028599994,394.40220726,394.40220726,394.40220726,394.40220726,394.40220726,394.40220726,394.40220726,394.40220726,394.40220726,394.40220726,394.40220726,394.40220726,394.40220726,394.40220726,394.40220726,394.40220726,394.402207938,394.402207938,394.40221065000003,394.40221065000003,394.40221065000003,394.40221065000003,394.40221065000003,394.40221065000003,394.40221065000003,394.40221065000003,394.40221065000003,394.40221065000003,394.40221065000003,394.40221065000003,394.40221065000003,394.40221065000003,394.40221065000003,394.40221065000003,394.40221065000003,394.40221065000003,394.40221065000003,394.40221065000003,394.40221065000003,394.40221065000003,394.40221065000003,394.40221065000003,394.40221065000003,394.40221065000003,394.40221065000003,394.40221065000003,394.40221065000003,394.40221065000003,394.40221065000003,394.40221132799996,394.54441979399996,394.54441979399996,394.54441979399996,394.54441979399996,394.54441979399996,394.54441979399996,394.54441979399996,394.5444218279999,394.5444218279999,394.5444218279999,394.5444218279999,394.5444218279999,394.5444218279999,394.5444218279999,394.5444218279999,394.5444218279999,394.5444218279999,394.5444218279999,394.5444218279999,394.5444218279999,394.5444218279999,394.5444218279999,394.5444218279999,394.5444218279999,394.5444218279999,394.5444218279999,394.5444218279999,394.5444218279999,394.5444218279999,394.5444218279999,394.5444218279999,394.5444218279999,394.5444218279999,394.5444218279999,394.6906867679999,394.6906867679999,394.6906867679999,394.6906867679999,394.6906867679999,394.69068947999995,394.69068947999995,394.69068947999995,394.69068947999995,394.69068947999995,394.69068947999995,394.69068947999995,394.69068947999995,394.69068947999995,394.69068947999995,394.69068947999995,394.69068947999995,394.69068947999995,394.69068947999995,394.69068947999995,394.69068947999995,394.69068947999995,394.69068947999995,394.83289930199993,394.83289930199993,394.83289930199993,394.83289930199993,394.83289930199993,394.83289930199993,394.83289930199993,394.83289930199993,394.83289930199993,394.83289930199993,394.83289930199993,394.83289930199993,394.83289930199993,394.83289930199993,394.83289930199993,394.83289930199993,394.83289930199993,394.83289930199993,394.83289930199993,394.83289930199993,394.83289930199993,394.83289930199993,394.83289930199993,394.83289930199993,394.83289930199993,394.83289930199993,394.83289930199993,394.83289930199993,394.97916424199997,394.97916424199997,394.97916424199997,394.97916424199997,394.97916424199997,394.97916424199997,394.97916424199997,394.97916424199997,394.97916424199997,394.97916424199997,394.97916424199997,394.97916424199997,394.97916424199997,394.97916424199997,394.97916695399994,394.97916695399994,394.97916695399994,394.97916695399994,394.97916695399994,394.97916695399994,394.97916695399994,394.97916695399994,394.97916695399994,394.97916695399994,394.97916695399994,394.97916695399994,394.97916695399994,394.97916695399994,395.12542985999994,395.12542985999994,395.12542985999994,395.12542985999994,395.12542985999994,395.12542985999994,395.12542985999994,395.12542985999994,395.12542985999994,395.12542985999994,395.12542985999994,395.12542985999994,395.12542985999994,395.12542985999994,395.12542985999994,395.12542985999994,395.12543053799993,395.12543053799993,395.12543053799993,395.12543053799993,395.12543053799993,395.12543053799993,395.12543053799993,395.12543053799993,395.12543053799993,395.12543053799993,395.12543053799993,395.12543053799993,395.12543053799993,395.12543053799993,395.12543053799993,395.12543053799993,395.12543053799993,395.12543053799993,395.12543053799993,395.12543053799993,395.12543053799993,395.12543053799993,395.12543053799993,395.12543053799993,395.12543053799993,395.12543053799993,395.12543053799993,395.12543053799993,395.12543053799993,395.12543053799993,395.12543053799993,395.12543053799993,395.12543053799993,395.12543053799993,395.12543053799993,395.12543053799993,395.12543053799993,395.12543053799993,395.2716968339999,395.2716968339999,395.2716968339999,395.2716968339999,395.2716968339999,395.2716968339999,395.2716968339999,395.2716968339999,395.2716968339999,395.2716968339999,395.2716968339999,395.2716968339999,395.2716968339999,395.2716968339999,395.2716968339999,395.2716968339999,395.2716968339999,395.2716968339999,395.2716968339999,395.2716968339999,395.2716968339999,395.2716968339999,395.2716968339999,395.2716968339999,395.2716968339999,395.2716968339999,395.2716968339999,395.2716968339999,395.2716968339999,395.2716968339999,395.2716968339999,395.2716968339999,395.2716968339999,395.2716968339999,395.2716968339999,395.2716968339999,395.2716968339999,395.2716968339999,395.2716968339999,395.2716968339999,395.2716968339999,395.2716968339999,395.2716968339999,395.2716968339999,395.2716968339999,395.2716968339999,395.2716968339999,395.2716968339999,395.2716968339999,395.2716968339999,395.2716968339999,395.2716968339999,395.2716968339999,395.2716968339999,395.2716968339999,395.2716968339999,395.2716968339999,395.2716968339999,395.27169751199995,395.27169751199995,395.27169751199995,395.27169751199995,395.27169751199995,395.27169751199995,395.27169751199995,395.27169751199995,395.27169751199995,395.27169751199995,395.27169751199995,395.27169751199995,395.27169751199995,395.27169751199995,395.27169751199995,395.27169751199995,395.27169751199995,395.27169751199995,395.27169751199995,395.27169751199995,395.27169751199995,395.27169751199995,395.27169751199995,395.27169751199995,395.27169751199995,395.27169751199995,395.27169751199995,395.27169751199995,395.27169751199995,395.27169751199995,395.27169751199995,395.27169751199995,395.27169751199995,395.27169751199995,395.27169751199995,395.27169751199995,395.2716981899999,395.2716981899999,395.2716981899999,395.2716981899999,395.2716981899999,395.2716981899999,395.2716981899999,395.2716981899999,395.2716981899999,395.2716981899999,395.2716981899999,395.2716981899999
34,274.235062254,290.94949657800004,306.21325227,312.933339444,318.13267804199995,321.015784902,322.3439808,326.091229848,328.64673524399996,330.40638186599995,331.34842286399993,334.15486962,336.66268246199996,337.292098338,339.281035068,339.40309947599997,339.83083001399996,341.278799358,342.06037809599997,343.311596586,343.630274892,343.822830282,343.90869355800004,344.86490407799994,344.86490407799994,345.60089884200005,346.87395774600003,347.02809833400005,347.11777197000004,347.742649992,348.534512634,349.667633694,349.78734137400005,350.947740408,351.312164052,351.312164052,351.312164052,351.48668125200004,351.48668125200004,352.31674648200004,352.31674648200004,352.591120878,352.75974897,352.75974897,354.399637062,355.1492419980001,355.33910505000006,355.387997664,355.502110488,355.59099628800004,356.22904920600007,356.80540887,356.80540887,356.939329464,356.939329464,356.939329464,356.939329464,357.202149384,357.62511222600006,357.790626942,357.790626942,357.790626942,358.25094215999997,358.25094215999997,358.67369821200003,358.67369821200003,359.39138223000003,359.39138223000003,359.46434384400004,359.46434384400004,359.46434384400004,359.576929134,359.576929134,359.576929134,359.576929134,359.584298994,360.01989907800004,360.03494932200005,360.03494932200005,360.11973864600003,360.11973864600003,360.11973864600003,360.11973864600003,360.11973864600003,360.11973864600003,360.44797336199997,360.901521462,360.94461853200005,360.94461853200005,360.973579302,361.150329834,361.150329834,361.150329834,361.17495615000007,361.17495615000007,361.20778151999997,361.20778151999997,361.94995760999996,362.106071178,362.106071178,362.106071178,362.106071178,362.620715892,362.86509556799996,362.86509556799996,362.86509556799996,362.86509556799996,363.011134734,363.24718518000003,363.24718518000003,363.35900094,363.35900094,363.35900094,363.35900094,363.402699396,363.402699396,363.402699396,363.7413251400001,363.7413251400001,363.7413251400001,364.20637957800005,364.892788134,364.892788134,364.99009265999996,365.12111548200005,365.137163742,365.346401322,365.346401322,365.346401322,365.49266558400006,365.73317320200005,365.78713996799996,366.00494543400004,366.00494543400004,366.00494543400004,366.28892031000004,366.7081141500001,366.7081141500001,366.82987549200004,367.03624648800013,367.03624648800013,367.348019364,367.6548123300001,367.6548123300001,367.6548123300001,368.39425336799997,368.39425336799997,368.7212758200001,368.76447255600004,368.76447255600004,368.76447255600004,368.76447255600004,368.76447255600004,369.3259792740001,369.3259792740001,369.3259792740001,369.84721550399996,369.84721550399996,370.03262341800007,370.03262341800007,370.1849571360001,370.1849571360001,370.9404999960001,371.37272703,371.4221593320001,371.4221593320001,371.49592369800007,371.6921016420001,371.96185818000004,372.85259085000007,372.85259085000007,372.9148441320001,373.089879324,373.089879324,373.2790657320001,373.2790657320001,373.65202336199997,373.65202336199997,373.65202336199997,373.81690143599997,373.81690143599997,373.81690143599997,373.81690143599997,374.19766827000007,374.65638069600004,374.85255660600006,374.85255660600006,375.4259527320001,376.0309334880001,376.0309334880001,376.15462645200006,376.41528016200004,376.83972985800006,376.83972985800006,376.83972985800006,376.83972985800006,376.83972985800006,377.075778948,377.47131262200014,377.47131262200014,377.47131262200014,377.47131262200014,377.47131262200014,377.6955285780001,377.7494946660001,377.7494946660001,377.91213195000006,378.25052514000004,378.410619246,378.410619246,378.410619246,378.410619246,378.410619246,378.410619246,378.410619246,378.410619246,378.410619246,378.98331771,378.98331771,378.98331771,378.983320422,378.983320422,378.983320422,379.39863271200005,379.57027654800004,379.57027654800004,379.57027654800004,379.57027654800004,379.635671682,379.635671682,379.635671682,379.635671682,379.635671682,380.21416297800005,380.21416297800005,380.94647077800005,381.23648799,381.54845613,381.54845613,381.54845613,381.54845613,381.54845613,381.54845613,381.54845816400007,381.54845816400007,381.689623188,381.689623188,381.747150132,381.747150132,381.893413038,381.893413038,381.893413038,382.0895882700001,382.0895882700001,382.28576553600004,382.28576553600004,382.43981459400004,382.43981459400004,382.43981730600007,382.86021391800006,382.86021391800006,382.86021391800006,382.91774560799996,383.064012582,383.064012582,383.064012582,383.064012582,383.12153884800006,383.12153884800006,383.12153884800006,383.4151135260001,383.4151135260001,383.761120656,383.76468015600005,383.91094780800006,383.91094780800006,383.91094780800006,384.057210714,384.0572134260001,384.2113458780001,384.2113458780001,384.4355631900001,384.4355631900001,384.4355631900001,384.4355631900001,384.55724181600004,384.55724181600004,384.55724181600004,384.55724181600004,384.55724181600004,384.84725835000006,384.84725835000006,384.84725835000006,385.18817234400007,385.33443525,385.33443525,385.6188603180001,385.6188603180001,385.76107149600006,385.76107149600006,385.76107149600006,385.76107149600006,385.76107149600006,385.90733440200006,385.90733440200006,385.90733440200006,386.1585408600001,386.1585408600001,386.1585408600001,386.1585408600001,386.1585408600001,386.1585408600001,386.1585408600001,386.95192832400005,386.95192832400005,386.95192832400005,386.95192832400005,386.95192832400005,386.951931036,386.951931036,386.951931036,386.951931036,386.951931036,386.951931036,386.951931036,386.951931036,386.951931036,387.09819801000003,387.51859123200006,387.51859258800005,387.5185953,387.5185953,387.5185953,387.714775278,387.714775278,387.714775278,387.714775278,387.856986456,387.856986456,387.856986456,387.856986456,387.856986456,388.003254786,388.003254786,388.1495224380001,388.1495224380001,388.14952515000004,388.14952515000004,388.14952515000004,388.14952515000004,388.14952515000004,388.14952515000004,388.14952515000004,388.14952515000004,388.14952515000004,388.14952515000004,388.14952515000004,388.29579212400006,388.29579212400006,388.29579212400006,388.748851386,388.748851386,388.748855454,388.748855454,388.748855454,388.748855454,388.748855454,388.80282561,388.80282561,388.80282561,388.80282561,389.14526917200004,389.4337452900001,389.4337452900001,389.4337452900001,389.4337452900001,389.4337452900001,389.4337452900001,389.4337452900001,389.4337452900001,389.4337452900001,389.4337452900001,389.4337452900001,389.4337473240001,389.4337473240001,389.5800136200001,389.5800136200001,389.58001429800004,389.58001429800004,389.58001429800004,389.722225476,389.722225476,389.722229544,389.722229544,389.722229544,389.864439366,389.864439366,389.8644427560001,389.8644427560001,389.8644427560001,389.8644427560001,389.8644427560001,389.8644427560001,390.15291819600003,390.15291819600003,390.15291819600003,390.15291819600003,390.15292023,390.295132086,390.295132086,390.295132086,390.29513412000006,390.29513412000006,390.29513412000006,390.29513412000006,390.29513412000006,390.29513412000006,390.295134798,390.43734462,390.43734462,390.43734462,390.58360752600004,390.58360752600004,390.58360752600004,390.583608204,390.583608204,390.583608204,390.583608204,390.58360956,390.58360956,390.78334971600003,390.929612622,390.929612622,390.929612622,390.92961329999997,390.92961329999997,390.92961329999997,390.92961329999997,390.92961329999997,390.92961465599996,390.92961465599996,390.987142278,391.044667866,391.044667866,391.044667866,391.186879722,391.186879722,391.186879722,391.186879722,391.186879722,391.186879722,391.186879722,391.47940689,391.47940689,391.47940689,391.47940756799994,391.47940756799994,391.47940756799994,391.47940756799994,391.47940756799994,391.47940756799994,391.47940756799994,391.47940756799994,391.47940756799994,391.47940756799994,391.47940756799994,391.47940756799994,391.47940756799994,391.47940756799994,391.62567386399996,391.62567386399996,391.62567386399996,392.230649874,392.230649874,392.230649874,392.37691413600004,392.37691413600004,392.52317839799997,392.52318111,392.52318111,392.52318111,392.52318111,392.52318111,392.52318111,392.52318111,392.52318111,392.52318111,392.52318382199996,392.52318382199996,392.52318382199996,392.52318382199996,392.52318382199996,392.52318382199996,392.66944808399995,392.66944808399995,392.66944808399995,392.66944808399995,392.66944808399995,392.66944808399995,392.66944808399995,392.66944808399995,392.66944808399995,392.66944808399995,392.66944808399995,392.66944808399995,392.811659262,392.81165993999997,392.81165993999997,392.81165993999997,392.81165993999997,392.81165993999997,392.81166061799996,392.81166061799996,392.81166061799996,392.81166061799996,392.81166061799996,392.81166061799996,392.95793301599997,393.1041972779999,393.1041972779999,393.1041972779999,393.1041972779999,393.1041972779999,393.1041972779999,393.1041972779999,393.1041972779999,393.1041972779999,393.25046153999995,393.25046153999995,393.25046153999995,393.25046153999995,393.25046153999995,393.25046153999995,393.25046153999995,393.25046153999995,393.25046153999995,393.25046153999995,393.25046221799994,393.5389403699999,393.5389403699999,393.53894308199995,393.53894308199995,393.53894308199995,393.53894308199995,393.68521209,393.68521209,393.68521209,393.68521209,393.68521209,393.68521209,393.68521276799993,393.68521276799993,393.68521276799993,393.68521276799993,393.68521276799993,393.68521276799993,393.68521276799993,393.68521276799993,393.68521276799993,393.68521276799993,393.6852154799999,393.6852154799999,393.6852154799999,393.6852154799999,393.8314817759999,393.8314838099999,393.8314838099999,393.8314838099999,393.8314838099999,393.8314838099999,393.8314838099999,393.8314838099999,393.8314838099999,393.97774874999993,393.97774874999993,393.97774874999993,393.97774874999993,393.97774874999993,393.97774874999993,393.97774874999993,393.97774874999993,393.97774874999993,393.97774874999993,393.97774874999993,394.12401165599994,394.12401165599994,394.12401165599994,394.12401165599994,394.12401165599994,394.1240143679999,394.1240143679999,394.1240143679999,394.1240143679999,394.1240143679999,394.1240143679999,394.1240143679999,394.1240143679999,394.1240143679999,394.1240143679999,394.1240143679999,394.1240143679999,394.1240143679999,394.1240143679999,394.1240143679999,394.1240143679999,394.1240143679999,394.1240143679999,394.1240143679999,394.1240143679999,394.1240143679999,394.1240143679999,394.1240143679999,394.1240143679999,394.1240143679999,394.1240143679999,394.1240143679999,394.1240143679999,394.1240143679999,394.1240143679999,394.1240143679999,394.1240143679999,394.1240143679999,394.1240143679999,394.1240143679999,394.1240143679999,394.1240143679999,394.1240143679999,394.1240143679999,394.1240143679999,394.1240143679999,394.1240143679999,394.1240143679999,394.124015724,394.124015724,394.124016402,394.124016402,394.124016402,394.124016402,394.124016402,394.124016402,394.124016402,394.124016402,394.124016402,394.124016402,394.124016402,394.124016402,394.124016402,394.12401911399996,394.12401911399996,394.12401911399996,394.12401911399996,394.12401911399996,394.12401911399996,394.12401911399996,394.12401911399996,394.12401911399996,394.12401911399996,394.12401911399996,394.12401911399996,394.12401911399996,394.12401911399996,394.12401911399996,394.12401911399996,394.40220319199994,394.40220319199994,394.40220319199994,394.40220319199994,394.40220319199994,394.40220319199994,394.40220319199994,394.40220319199994,394.40220319199994,394.40220319199994,394.40220319199994,394.40220319199994,394.40220319199994,394.40220319199994,394.40220319199994,394.40220319199994,394.40220319199994,394.40220319199994,394.40220319199994,394.40220319199994,394.40220319199994,394.40220319199994,394.40220319199994,394.40220319199994,394.40220319199994,394.40220319199994,394.4022059039999,394.4022059039999,394.4022059039999,394.4022059039999,394.4022059039999,394.4022059039999,394.4022059039999,394.4022059039999,394.4022059039999,394.4022059039999,394.4022059039999,394.4022059039999,394.4022059039999,394.4022059039999,394.4022059039999,394.4022059039999,394.4022059039999,394.4022059039999,394.54846881,394.54846881,394.54846881,394.54846881,394.54846881,394.54846948799997,394.54846948799997,394.54846948799997,394.54846948799997,394.54846948799997,394.54846948799997,394.54846948799997,394.54846948799997,394.54846948799997,394.690680666,394.690680666,394.690680666,394.690680666,394.690680666,394.690680666,394.690680666,394.690680666,394.690680666,394.690680666,394.690680666,394.690680666,394.690680666,394.690680666,394.690680666,394.690680666,394.690680666,394.690680666,394.690680666,394.690680666,394.690680666,394.690680666,394.690680666,394.690680666,394.690680666,394.690680666,394.690680666,394.690680666,394.690680666,394.690680666,394.690680666,394.690680666,394.690680666,394.690682022,394.690682022,394.690682022,394.690682022,394.690682022,394.690682022,394.690682022,394.690682022,394.690682022,394.690682022,394.690682022,394.690682022,394.690682022,394.690682022,394.690682022,394.690682022,394.690682022,394.690682022,394.690682022,394.690682022,394.690682022,394.690682022,394.690682022,394.690682022,394.690682022,394.690682022,394.690682022,394.690682022,394.690682022,394.690682022,394.690682022,394.690682022,394.690682022,394.690682022,394.690682022,394.690682022,394.690682022,394.690682022,394.690682022,394.69068269999997,394.69068269999997,394.69068269999997,394.69068269999997,394.69068269999997,394.69068269999997,394.69068269999997,394.69068269999997,394.69068269999997,394.69068269999997,394.69068269999997,394.69068541199994,394.69068541199994,394.69068541199994,394.69068541199994,394.69068541199994,394.69068541199994,394.69068541199994,394.69068541199994,394.69068541199994,394.69068541199994,394.69068541199994,394.69068541199994,394.69068541199994,394.69068541199994,394.69068541199994,394.69068541199994,394.69068541199994,394.69068541199994,394.69068541199994,394.69068541199994,394.69068541199994,394.69068541199994,394.69068541199994,394.69068541199994,394.69068541199994,394.69068541199994,394.69068541199994,394.69068541199994,394.69068541199994,394.69068541199994,394.69068541199994,394.69068541199994,394.69068541199994,394.69068541199994,394.69068541199994,394.69068541199994,394.69068541199994,394.69068541199994,394.69068541199994,394.69068541199994,394.69068541199994,394.69068541199994,394.69068541199994,394.69068541199994,394.69068541199994,394.69068541199994,394.69068541199994,394.69068541199994,394.69068541199994,394.69068541199994,394.69068541199994,394.69068541199994,394.69068541199994,394.69068541199994,394.69068541199994,394.69068541199994,394.69068541199994,394.69068541199994,394.69068541199994,394.69068541199994,394.69068541199994,394.69068541199994,394.69068541199994,394.69068541199994,394.69068541199994,394.69068541199994,394.69068541199994,394.69068541199994,394.69068541199994,394.69068541199994,394.69068541199994,394.69068541199994,394.69068541199994,394.69068541199994,394.69068541199994,394.69068541199994,394.69068541199994,394.69068541199994,394.69068541199994,394.69068541199994,394.69068541199994,394.69068541199994,394.69068541199994,394.69068541199994,394.69068541199994,394.69068541199994,394.69068541199994,394.69068541199994,394.69068541199994,394.69068541199994,394.69068541199994,394.69068541199994,394.69068541199994,394.69068541199994,394.69068541199994,394.69068541199994,394.69068541199994,394.69068541199994,394.69068541199994,394.69068541199994,394.69068541199994,394.69068541199994,394.69068541199994,394.836950352,394.836950352,394.836953064,394.836953064,394.836953064,394.836953064,394.836953064,394.836953064,394.836953064,394.836953064,394.836953064,394.836953064,394.836953064,394.83695577599997,394.83695577599997,394.83695577599997,394.83695577599997,394.83695577599997,394.83695577599997,394.83695577599997,394.83695577599997,394.83695577599997,394.83695577599997,394.83695577599997,394.83695577599997,394.83695577599997,394.83695577599997,394.83695577599997,394.83695577599997,394.83695577599997,394.83695577599997,394.83695577599997,394.83695577599997,394.83695577599997,394.83695577599997,394.83695577599997,394.98322207199993,394.98322207199993,394.98322207199993,394.98322207199993,394.98322207199993,394.98322207199993,394.98322207199993,394.98322207199993,394.98322207199993,394.98322207199993,394.98322207199993,394.98322207199993,394.98322207199993,394.98322207199993,394.98322207199993,394.98322207199993,394.98322207199993,394.98322207199993,394.98322207199993,394.98322207199993,394.98322207199993,394.98322207199993,394.98322207199993,394.98322207199993,394.98322207199993,394.98322207199993,394.98322207199993,394.98322207199993,394.98322207199993,394.98322207199993,394.98322207199993,394.98322207199993,394.98322207199993,394.98322207199993,394.98322207199993,394.98322207199993,394.98322207199993,394.98322207199993,394.98322207199993,394.98322207199993,394.98322207199993,394.98322207199993,394.98322207199993,394.98322207199993,394.98322207199993,394.98322207199993,394.98322207199993,394.98322207199993,395.1294842999999,395.1294842999999,395.1294842999999,395.1294842999999,395.1294842999999,395.1294842999999,395.1294842999999,395.1294842999999,395.1294842999999
35,271.981975368,293.304619752,306.398726628,316.963227708,320.34664025999996,322.01716242599997,325.02845806799996,328.999148796,331.11997212,332.04181143,333.52078164600005,334.986338988,336.155693046,336.825234318,338.315239662,339.33063551400005,339.565832358,341.895796308,341.960722944,342.86906734200005,343.132263552,343.80284352,343.96982203799996,343.96982203799996,344.25879513,344.35761295199995,344.73686784599994,344.73686784599994,344.73686784599994,345.30341685,346.87898782799994,347.60521193399995,347.73698530200005,348.108566592,348.50920763999994,348.804915984,348.804915984,348.847507944,349.2087131219999,349.2087131219999,349.2087131219999,349.47630616199996,349.47630616199996,349.7190450779999,349.844168622,350.52997646999995,350.5406393759999,351.214146948,351.4343844,351.4343844,351.65658330599996,351.9445380419999,353.68948087799987,353.68948087799987,353.713188504,354.7031261339999,354.7031261339999,356.189744868,356.189744868,356.189744868,356.24505068400003,356.247139602,357.131952654,358.04267140800005,358.04267140800005,358.04267140800005,358.616068212,358.616068212,358.640475534,358.640475534,359.086357488,359.086357488,359.086357488,359.135099586,359.135099586,359.306548158,359.306548158,359.306548158,360.26013278399995,360.26013278399995,360.73271030999996,360.73271030999996,360.73271030999996,361.1574339179999,361.4561234279999,361.53700950599995,361.53700950599995,361.53700950599995,361.53700950599995,361.53700950599995,361.53700950599995,361.53700950599995,361.53700950599995,361.53700950599995,361.6272580859999,361.6272580859999,361.69649747999995,361.69649747999995,361.69649747999995,362.00269177199993,362.00269177199993,362.773058424,362.9940274379999,363.7891370219999,363.89467382399994,364.22403401999986,364.22403401999986,364.22403401999986,364.22403401999986,364.279853082,364.279853082,364.95022286999995,364.95022286999995,365.14338778199993,365.44306310399986,365.8742466959999,365.8742466959999,365.8742466959999,366.63944427599995,366.63944427599995,366.898424682,367.54632554999995,367.54632554999995,367.5526648499999,367.5526648499999,368.00166831599995,368.12928893399993,368.12928893399993,368.57829782399995,369.0822782759999,369.37836562199993,370.13967487199994,370.95226261799996,371.28547588799995,371.5215263339999,371.67099278999996,371.93353066199995,372.2759742239999,372.35216040599994,372.35216040599994,372.8753628359999,372.8753628359999,372.8753628359999,372.8753628359999,373.1959341179999,373.2450179279999,373.5722871719999,373.5722871719999,374.15173851599997,374.35449373800003,374.4063417539999,374.46031191,374.890799196,375.033012408,375.033012408,375.387057906,375.69352611,375.894818208,375.894818208,375.894818208,375.894818208,376.18329568200005,376.18329568200005,376.32955858799994,376.58522628599997,376.58522628599997,376.58522628599997,376.58522628599997,376.58522628599997,376.58522628599997,376.58522628599997,377.03423246399996,377.18049943799997,377.67924776399997,377.67924776399997,378.2842298759999,378.997154334,379.104800394,379.104800394,379.104800394,379.24578642600005,379.24578642600005,379.24578642600005,379.24578642600005,379.24578642600005,379.24578642600005,379.29132158400006,379.29132158400006,379.5158860319999,379.5158860319999,379.6580944979999,379.804359438,380.00053873799993,380.00053873799993,380.00053873799993,380.2787234939999,380.503639824,380.72785849199994,380.72786052600003,381.10508006399994,381.10508006399994,381.10508006399994,381.301258008,381.301258008,381.301258008,381.301258008,381.45346900799996,381.45346900799996,381.45346900799996,381.45346900799996,381.45346900799996,381.599733948,381.599733948,381.599733948,381.65726089199995,381.65726089199995,381.65726089199995,381.65726089199995,381.65726089199995,381.65726089199995,381.65726089199995,381.65726089199995,381.65726089199995,381.70191804,381.898093272,382.0603224,382.21445620800006,382.21445620800006,382.21445756400004,382.410633474,382.410633474,382.410633474,382.410633474,382.414195008,382.917163884,382.917163884,382.917163884,383.063428824,383.063428824,383.063428824,383.063430858,383.063430858,383.25961151399997,383.57611344000003,383.57611344000003,383.57611344000003,383.85429684,383.85429684,383.85429684,383.99650869600003,383.99650869600003,383.99650869600003,384.142774992,384.142774992,384.142774992,384.142774992,384.405311508,384.405311508,384.405311508,384.405311508,384.405311508,384.693792372,385.272283668,385.272283668,385.272283668,385.556708058,385.752919224,385.752919224,385.752919224,385.752919224,385.752919224,385.752919902,385.752919902,385.75292261400006,385.79845844999994,385.944725424,385.944725424,385.944725424,385.944725424,385.944728814,385.94473084799995,386.31769186800005,386.31769186800005,386.42603559,386.426066778,386.426066778,386.426066778,386.774549964,386.77455267600004,386.77455471,386.77455471,386.77455471,386.77455471,386.920821006,387.532140384,387.532140384,387.721696302,387.721696302,387.721696302,387.721696302,387.72169969199996,387.72169969199996,387.72169969199996,387.72169969199996,387.72169969199996,387.863911548,387.863911548,387.863911548,388.010176488,388.010176488,388.010176488,388.010176488,388.66662015599996,388.81288645200004,388.81288645200004,388.87041271799995,389.01667698,389.01667698,389.01667698,389.01667698,389.01667698,389.01667698,389.01667698,389.01667698,389.01667698,389.01667698,389.16294259800003,389.16294259800003,389.16294259800003,389.16294259800003,389.309208894,389.309209572,389.455472478,389.455472478,389.455472478,389.455472478,389.513000778,389.513000778,389.513000778,389.513000778,389.513000778,389.513000778,389.513002134,389.801476218,389.801476218,389.801476218,389.80147689599994,389.80147893000003,389.80147893000003,389.80147893000003,389.80147893000003,389.8014796079999,389.947745226,389.947745226,389.947746582,389.947746582,389.947746582,389.947746582,389.947746582,389.947746582,389.947746582,389.947746582,389.947746582,389.947746582,389.947746582,389.947746582,389.947746582,389.947746582,389.94774793799996,389.94774793799996,389.94774793799996,389.94774793799996,389.94774793799996,389.947749972,389.947749972,389.947749972,389.947749972,390.094014234,390.094014912,390.094014912,390.094014912,390.24027985199996,390.24027985199996,390.24027985199996,390.52875936,390.52875936,390.52875936,390.52875936,390.52875936,390.528760038,390.528760038,390.52876613999996,390.52876613999996,390.52876613999996,390.52876613999996,390.58273629599995,390.58273629599995,390.58273629599995,390.58273629599995,390.58273629599995,390.58273629599995,390.58273629599995,390.724946796,390.724946796,390.724948152,390.724948152,390.724948152,390.724948152,390.724948152,390.724948152,390.724948152,390.724948152,390.724948152,390.724948152,390.86715865199994,390.86715865199994,390.86715933,390.86715933,390.86715933,390.86715933,390.86715933,391.2645242819999,391.2645242819999,391.2645242819999,391.2645242819999,391.410787188,391.55299836599994,391.55299836599994,391.55299836599994,391.55299836599994,391.55299836599994,391.55299836599994,391.55299836599994,391.55299836599994,391.55299836599994,391.55299836599994,391.55299904400005,391.55299904400005,391.69926398399997,391.69926398399997,391.699266696,391.699266696,391.699266696,391.699266696,391.699267374,391.699267374,391.699267374,391.699267374,391.699267374,391.699267374,391.699267374,391.699267374,391.699267374,391.699267374,391.75679567400005,391.75679567400005,391.75679567400005,391.75679567400005,392.17719093,392.17719093,392.17719093,392.17719093,392.32345587,392.32345587,392.32345587,392.32345722599996,392.32345722599996,392.32345925999994,392.32345925999994,392.32345925999994,392.32345925999994,392.32345925999994,392.32345925999994,392.32345925999994,392.32345925999994,392.32345925999994,392.32345925999994,392.32345925999994,392.32345925999994,392.32345925999994,392.32345925999994,392.3234599379999,392.3234599379999,392.3234599379999,392.46567111599995,392.46567111599995,392.46567111599995,392.46567111599995,392.46567111599995,392.46567111599995,392.46567111599995,392.46567111599995,392.46567179399995,392.46567179399995,392.46567179399995,392.46567179399995,392.46567179399995,392.46567179399995,392.46567179399995,392.46567179399995,392.46567179399995,392.46567179399995,392.46567179399995,392.46567179399995,392.46567179399995,392.6078829719999,392.6078829719999,392.6078829719999,392.6078829719999,392.6078829719999,392.6078829719999,392.6078829719999,392.6078829719999,392.6078829719999,392.754149946,392.754149946,392.75415265799995,392.75415265799995,392.75415265799995,392.75415265799995,392.75415265799995,392.75415265799995,392.75415265799995,392.75415265799995,392.90041692,392.90041692,392.90041692,392.90041692,392.900418954,392.900418954,392.900418954,392.900418954,392.900418954,392.900418954,392.900418954,392.900418954,392.900418954,392.900418954,392.900418954,392.900418954,392.900418954,392.900418954,392.900418954,393.1786064219999,393.1786064219999,393.320814888,393.320814888,393.320814888,393.320814888,393.320814888,393.320814888,393.320814888,393.320814888,393.320814888,393.320814888,393.320814888,393.320814888,393.320814888,393.320814888,393.320814888,393.320814888,393.320814888,393.320814888,393.320814888,393.4670777939999,393.4670777939999,393.4670777939999,393.4670791499999,393.4670791499999,393.4670791499999,393.4670791499999,393.4670791499999,393.4670791499999,393.4670798279999,393.4670798279999,393.4670798279999,393.4670798279999,393.4670798279999,393.4670798279999,393.4670798279999,393.4670798279999,393.4670798279999,393.4670798279999,393.4670798279999,393.4670798279999,393.4670798279999,393.4670798279999,393.61334476799993,393.61334476799993,393.61334476799993,393.61334476799993,393.61334476799993,393.61334476799993,393.61334476799993,393.61334476799993,393.61334476799993,393.61334476799993,393.61334476799993,393.61334476799993,393.61334476799993,393.61334476799993,393.61334476799993,393.61334476799993,393.61334476799993,393.61334476799993,393.61334476799993,393.61334476799993,393.7596097079999,393.7596097079999,393.7596097079999,393.7596097079999,393.7596097079999,393.7596097079999,393.7596097079999,393.7596097079999,393.7596097079999,393.7596097079999,393.7596097079999,393.7596097079999,393.7596097079999,393.7596097079999,393.7596097079999,393.7596097079999,393.7596097079999,393.7596097079999,393.7596097079999,393.759611742,393.759611742,393.759611742,393.759611742,393.759611742,393.759611742,393.759614454,393.759614454,393.759614454,393.759614454,393.759614454,393.759614454,393.759614454,393.759614454,393.759614454,393.759614454,393.759614454,393.759614454,393.759614454,393.759614454,393.759614454,393.759614454,393.759614454,393.759614454,393.759614454,393.759614454,393.759614454,393.759614454,393.759614454,393.759614454,393.759614454,393.81713936399996,393.81713936399996,393.81713936399996,393.81713936399996,393.81713936399996,393.81713936399996,393.81713936399996,393.81713936399996,393.81713936399996,393.81713936399996,393.81713936399996,393.81713936399996,393.81713936399996,393.81713936399996,393.81713936399996,393.81713936399996,393.81713936399996,393.81713936399996,393.81713936399996,393.81713936399996,393.81713936399996,393.963404304,393.963404304,393.963404304,393.963404304,393.963404304,393.963404304,393.9634063379999,393.9634063379999,393.9634063379999,393.963408372,393.963408372,393.963408372,393.963408372,393.963408372,393.963408372,393.963408372,393.963408372,393.963408372,393.963408372,393.963408372,393.963408372,393.963408372,393.963408372,393.963410406,393.963410406,393.963410406,393.963410406,393.963410406,393.963410406,393.963410406,393.963410406,393.963410406,393.963410406,393.963410406,393.963410406,393.963410406,394.109672634,394.109672634,394.109672634,394.109672634,394.109672634,394.109672634,394.109672634,394.109672634,394.109672634,394.109672634,394.109672634,394.109672634,394.109672634,394.109672634,394.109672634,394.109672634,394.109675346,394.109675346,394.109675346,394.109675346,394.109675346,394.109675346,394.109675346,394.109675346,394.109675346,394.109675346,394.109675346,394.109675346,394.109675346,394.109675346,394.109675346,394.109675346,394.109675346,394.109675346,394.109675346,394.109675346,394.109675346,394.109675346,394.109675346,394.109675346,394.109675346,394.109675346,394.109675346,394.109675346,394.109675346,394.109675346,394.109675346,394.251885168,394.251885168,394.251885168,394.251885168,394.251885168,394.251885168,394.39814943,394.39814943,394.39814943,394.39814943,394.39814943,394.39814943,394.39814943,394.39814943,394.39814943,394.39814943,394.39814943,394.39814943,394.39814943,394.39814943,394.39814943,394.39814943,394.39814943,394.39814943,394.39814943,394.39814943,394.39814943,394.39814943,394.39814943,394.39814943,394.39814943,394.39814943,394.39814943,394.39814943,394.39814943,394.39814943,394.39814943,394.39814943,394.39814943,394.39814943,394.39814943,394.39814943,394.39814943,394.39814943,394.54036060799996,394.54036060799996,394.54036060799996,394.54036060799996,394.54036060799996,394.54036060799996,394.54036060799996,394.54036060799996,394.54036060799996,394.54036060799996,394.54036060799996,394.54036060799996,394.54036060799996,394.54036060799996,394.54036060799996,394.54036060799996,394.54036060799996,394.54036060799996,394.54036060799996,394.54036060799996,394.54036060799996,394.54036060799996,394.54036060799996,394.54036060799996,394.54036060799996,394.54036060799996,394.54036060799996,394.54036060799996,394.54036060799996,394.54036060799996,394.54036060799996,394.54036060799996,394.54036060799996,394.54036060799996,394.54036060799996,394.54036060799996,394.54036060799996,394.54036060799996,394.54036060799996,394.54036060799996,394.54036060799996,394.54036060799996,394.54036060799996,394.54036060799996,394.54036060799996,394.54036060799996,394.54036060799996,394.54036060799996,394.54036060799996,394.54036060799996,394.54036060799996,394.54036060799996,394.54036060799996,394.54036060799996,394.54036060799996,394.54036060799996,394.54036060799996,394.54036060799996,394.54036060799996,394.54036060799996,394.54036060799996,394.54036060799996,394.54036060799996,394.54036060799996,394.54036060799996,394.54036060799996,394.54036060799996,394.54036060799996,394.54036060799996,394.54036060799996,394.54036060799996,394.54036060799996,394.54036128599995,394.54036128599995,394.54036128599995,394.54036128599995,394.54036128599995,394.54036128599995,394.54036128599995,394.54036128599995,394.54036128599995,394.54036128599995,394.54036128599995,394.54036128599995,394.54036128599995,394.54036128599995,394.6866282599999,394.6866282599999,394.6866282599999,394.6866282599999,394.6866282599999,394.6866282599999,394.6866282599999,394.6866282599999,394.6866282599999,394.6866282599999,394.6866282599999,394.6866282599999,394.6866282599999,394.6866282599999,394.6866282599999,394.6866282599999,394.6866282599999,394.8328945559999,394.8328945559999,394.8328945559999,394.8328945559999,394.8328945559999,394.8328945559999,394.8328945559999,394.8328945559999,394.8328945559999,394.8328945559999,394.8328945559999,394.8328945559999,394.8328945559999,394.9791594959999,394.9791594959999,394.9791594959999,394.9791594959999,394.9791594959999,394.9791594959999,394.9791594959999,394.9791594959999,394.9791594959999,394.97916220799993,394.97916220799993,394.97916220799993,394.97916220799993,394.97916220799993,394.97916220799993,394.97916220799993,394.97916220799993,394.97916220799993,394.97916220799993,394.97916220799993,394.97916220799993,394.97916220799993,394.97916220799993,394.97916220799993,394.97916220799993,394.9791649199999,394.9791649199999,394.9791649199999,394.9791649199999,394.9791649199999,394.9791649199999,394.9791649199999,394.9791649199999,394.9791649199999,394.9791649199999,394.9791649199999,394.9791649199999,394.9791649199999,394.9791649199999,394.9791649199999,394.9791649199999,394.9791649199999,394.9791649199999,394.9791649199999,394.9791649199999,394.9791649199999,394.9791649199999,394.9791649199999,394.9791649199999,394.9791649199999,394.9791649199999,394.9791649199999,394.9791649199999,394.9791649199999,394.9791649199999,394.9791649199999,394.9791649199999,394.9791649199999,394.9791649199999,394.9791649199999,394.9791649199999,394.97916559799995,394.97916559799995,394.97916559799995,394.97916559799995,394.97916559799995,394.97916559799995,394.97916559799995,394.97916559799995,394.97916559799995,394.97916559799995,394.97916559799995,394.97916559799995,394.97916559799995,394.97916559799995,394.97916559799995,394.97916559799995,394.97916559799995,394.97916559799995
36,283.70997868800004,300.883767504,309.82146995999994,314.82003851999997,316.787549094,321.55906698,323.059915578,328.166205456,330.611423304,332.07951501,333.365902716,336.21293184,337.388353998,337.8384097200001,338.38280304000006,339.66025606200003,341.25385980600004,341.28800456400006,342.166025412,344.48606140799996,346.26029587799997,347.462396658,347.641044912,348.243758436,349.922150826,349.922150826,349.922150826,350.267232486,350.271514056,351.077169252,351.077169252,351.33808331399996,352.408349706,353.66834965199996,353.972415024,353.98238501400004,354.24614532,354.34547503199997,354.34547503199997,354.34547503199997,354.54082920599996,354.84359620799995,354.84359620799995,356.2370496059999,356.336347452,356.7548205779999,356.7548205779999,356.88457960799997,357.60087440399997,357.60087440399997,357.840390108,358.169313672,358.169313672,359.39587058999996,359.567867664,359.567867664,359.598584454,359.598584454,359.655394752,359.781959046,360.13960540200003,360.13960540200003,360.33130176599997,360.336502704,360.336502704,360.4087653,360.62227902600006,361.234047918,361.234047918,361.234047918,361.581672078,361.94760223799994,361.94760223799994,361.94760223799994,361.94760223799994,362.61797744999996,362.61797744999996,362.61797744999996,362.64235019399996,362.92517653799996,362.963345904,362.963345904,364.19553971400006,364.19553971400006,364.19553971400006,364.522806246,364.522806246,364.63682211599996,364.63682211599996,364.82102725799996,364.82102725799996,364.82102725799996,364.82102725799996,365.23242274200004,365.23242274200004,365.23242274200004,365.23242274200004,365.23242274200004,365.23242274200004,365.50811110200004,365.50811110200004,365.50811110200004,366.14114343,366.14114343,366.14114343,366.283354608,366.79738234200005,366.79738234200005,367.05640952999994,367.30525315799997,367.30525519200006,367.30525519200006,367.30525519200006,367.30525519200006,367.30525519200006,367.30525519200006,367.30525790400003,367.30525790400003,367.30525790400003,367.30525790400003,367.30525790400003,367.46682055799994,367.8161471760001,368.06115129000005,368.104245648,368.104245648,368.104245648,368.104245648,368.104245648,368.716968486,368.716968486,368.716968486,368.958285636,368.958285636,368.958285636,368.958285636,368.958285636,369.03420333,369.03420333,369.03420333,369.03420333,369.05860794,369.05860794,369.06216608400007,369.062168118,369.062168118,369.062168118,369.062168118,369.062168118,369.35546549399993,369.35546549399993,369.682487946,370.336901682,370.336901682,370.336901682,370.479114216,370.479114216,370.479114216,370.738447182,370.738447182,370.738447182,370.738447182,371.16963213,371.16963213,371.16963213,371.16963213,371.181463908,371.64651631199996,371.64651631199996,371.64651631199996,371.64651631199996,371.64651631199996,372.04952561399995,372.19579190999997,372.19579190999997,372.19579190999997,372.19579190999997,372.541796328,372.541796328,372.541796328,372.541796328,372.766362132,372.777126738,372.777126738,372.777126738,372.777126738,372.777126738,372.777126738,372.99778590600005,372.99778590600005,372.99778590600005,372.99778590600005,373.3606643880001,373.3606643880001,373.3606643880001,373.3606643880001,373.3606643880001,373.3606643880001,373.8616514700001,373.8616514700001,374.16844647000005,374.16844647000005,374.16844647000005,374.293146942,374.50115802,374.643369198,374.643369198,374.643369198,374.643369198,374.65307748,374.65307748,375.389978052,375.492570978,376.09755173400004,376.111277166,376.25754413999994,376.70895043800004,376.70895043800004,376.79989328999994,376.79989328999994,376.79989328999994,376.79989328999994,376.79989328999994,376.79989328999994,376.94210650199994,376.94210650199994,376.94210650199994,377.084318358,377.084318358,377.084318358,377.22653021400004,377.22653021400004,377.51500701,377.51500701,377.51500701,377.51500701,377.72174209200006,377.72174209200006,377.76727996200003,377.76727996200003,377.76727996200003,377.821252152,377.821252152,378.04546878599996,378.31876923000004,378.31876923000004,378.31876923000004,378.75099897600006,378.93451594800007,378.98319567,378.98319567,379.09800819,379.54701233400004,379.54701233400004,379.54701233400004,379.59478692600004,379.59478692600004,379.59478692600004,379.79096554800003,379.79096554800003,380.16818712,380.16818712,380.36436438600003,380.36436438600003,380.36436438600003,380.50063018199995,380.50063018199995,380.50063018199995,380.779878042,380.97605802,380.97605869800003,380.97605869800003,380.97605869800003,381.083704758,381.083704758,381.083704758,381.662200122,381.9420039420001,382.08827023800006,382.08827023800006,382.08827023800006,382.08827023800006,382.23048073800004,382.23048073800004,382.23048073800004,382.230482772,382.230482772,382.37675245800006,382.37675245800006,382.37675245800006,382.37675449200003,382.37675449200003,382.37675449200003,382.37675449200003,382.37675449200003,382.37675449200003,382.37675449200003,382.37675449200003,382.37675449200003,382.518964314,382.755013404,382.755013404,382.755013404,382.755013404,382.755013404,382.901277666,382.901277666,382.901277666,382.901277666,383.57164813200006,383.60447553600005,383.60447553600005,383.84052462600005,383.84052462600005,383.84052462600005,383.98273648200006,383.98273648200006,383.98273648200006,384.414966228,384.8158933920001,385.04489467200005,385.04489467200005,385.0448967060001,385.0448967060001,385.0448967060001,385.3516896720001,385.3516896720001,385.3516896720001,385.3516896720001,385.3516896720001,385.3516896720001,385.3516896720001,385.497958002,385.497958002,385.497958002,385.497958002,385.497958002,385.644224976,386.01721854000004,386.44944896400006,386.449449642,386.449449642,386.449449642,386.449449642,386.449449642,386.591661498,386.591661498,386.591661498,386.591661498,386.59166217599994,386.59166217599994,386.59166217599994,386.78783673,386.78783673,386.78783673,386.78783673,386.78783673,386.78783673,386.93410166999996,387.224116848,387.224116848,387.224116848,387.224116848,387.3703817879999,387.370383822,387.570122622,387.766301244,388.14861730800004,388.14861730800004,388.14861730800004,388.14861730800004,388.14861730800004,388.14861730800004,388.14861730800004,388.34479796399995,388.34479796399995,388.361509308,388.37334312,388.37334312,388.515554298,388.51911312,388.51911515399996,388.66538145,388.66538145,388.66538145,388.66538145,388.66538145,389.270359494,389.416623756,389.416623756,389.416623756,389.416623756,389.416623756,389.416623756,389.416623756,389.41662646799995,389.41662646799995,389.41662646799995,389.41662646799995,389.41662646799995,389.41662646799995,389.41662646799995,389.41662646799995,389.41662646799995,389.47059323400003,389.47059323400003,389.47059323400003,389.47059323400003,389.47059323400003,389.47059323400003,389.47059323400003,389.47059323400003,389.759075454,389.759075454,389.759075454,389.759075454,389.759075454,389.759075454,389.759075454,389.905339716,389.905339716,389.905339716,389.905339716,389.905339716,389.905339716,389.905339716,389.905339716,389.905339716,389.905339716,390.183524472,390.472002624,390.472002624,390.472002624,390.472004658,390.472004658,390.472004658,390.472004658,390.75018738000006,390.75018738000006,390.75018738000006,390.75018738000006,390.89645232000004,390.89645232000004,390.89645232000004,390.89645232000004,390.89645232000004,390.896452998,390.896452998,390.896452998,390.896452998,390.896452998,390.896452998,390.896452998,390.896452998,390.896452998,390.896452998,390.896452998,390.896452998,390.896452998,391.04271793800007,391.04271793800007,391.04271793800007,391.04271793800007,391.188980166,391.188980166,391.188980166,391.33119202200004,391.33119202200004,391.673637618,391.819901202,391.819901202,391.81990188,391.81990188,391.96211373600005,391.96211373600005,391.96211373600005,391.96211373600005,392.108375964,392.108375964,392.108375964,392.108376642,392.108376642,392.108376642,392.108376642,392.1083793540001,392.30455662,392.30455662,392.30455662,392.30455662,392.30455662,392.59303545,392.59303545,392.59303545,392.59303545,392.59303545,392.59303680600004,392.59303680600004,392.59303680600004,392.59303680600004,392.59303680600004,392.593040874,392.593040874,392.593040874,392.593040874,392.593040874,392.593040874,392.593040874,392.59304155199993,392.59304155199993,392.59304155199993,392.59304155199993,392.59304155199993,392.59304155199993,392.59304155199993,392.59304223,392.59304223,392.59304223,392.59304223,392.59304223,392.59304223,392.739305136,392.739305136,392.739305136,392.739305136,392.8855693979999,392.8855693979999,392.8855693979999,393.0817466639999,393.0817466639999,393.0817466639999,393.0817466639999,393.0817466639999,393.0817466639999,393.0817466639999,393.0817466639999,393.0817466639999,393.228013638,393.228013638,393.520545552,393.520545552,393.520545552,393.520545552,393.520545552,393.520545552,393.520545552,393.80902166999994,393.80902166999994,393.80902166999994,393.80902166999994,393.80902166999994,393.80902166999994,393.80902166999994,393.80902166999994,393.80902166999994,393.80902166999994,393.80902166999994,393.80902166999994,393.80902166999994,393.80902166999994,393.80902166999994,393.80902166999994,393.80902166999994,393.80902166999994,393.80902166999994,393.95528796599996,393.95528796599996,393.95528796599996,393.95528796599996,393.95528999999993,393.95528999999993,393.95528999999993,393.95528999999993,393.95528999999993,393.9552906779999,393.9552906779999,393.9552906779999,393.9552906779999,393.9552906779999,393.9552906779999,393.9552906779999,393.9552906779999,393.9552906779999,393.9552906779999,393.9552906779999,393.9552906779999,393.9552906779999,393.9552906779999,393.9552906779999,393.9552906779999,393.9552906779999,393.9552906779999,393.9552906779999,393.9552906779999,393.9552906779999,393.95529271199996,394.101559686,394.101559686,394.101559686,394.24782598199994,394.24782598199994,394.24782598199994,394.24782598199994,394.24782598199994,394.24782598199994,394.24782598199994,394.39409363399994,394.39409363399994,394.39409770199995,394.39409770199995,394.39409837999995,394.39409837999995,394.39409837999995,394.39409837999995,394.39409837999995,394.39409837999995,394.39409837999995,394.39409837999995,394.39409837999995,394.39409905799994,394.39409905799994,394.39409905799994,394.39409905799994,394.39409905799994,394.39409905799994,394.39409905799994,394.39409905799994,394.39409905799994,394.39409905799994,394.39409905799994,394.39409905799994,394.39409905799994,394.39409905799994,394.39409905799994,394.39409905799994,394.39409905799994,394.39409905799994,394.39409905799994,394.39409905799994,394.39409905799994,394.39409905799994,394.39409905799994,394.39409905799994,394.39409905799994,394.39409905799994,394.39409905799994,394.39409905799994,394.39409905799994,394.39409905799994,394.39409905799994,394.39409905799994,394.39409905799994,394.39409905799994,394.39409905799994,394.39409905799994,394.39409905799994,394.39409905799994,394.39409905799994,394.39409905799994,394.39409905799994,394.39409905799994,394.39409905799994,394.39409905799994,394.39409905799994,394.39409905799994,394.39409905799994,394.39409905799994,394.39409905799994,394.39409905799994,394.39409905799994,394.39409905799994,394.39409905799994,394.39409905799994,394.39409905799994,394.39409905799994,394.39409905799994,394.39409905799994,394.39409905799994,394.54036331999987,394.54036331999987,394.54036331999987,394.54036331999987,394.54036331999987,394.54036331999987,394.54036331999987,394.54036331999987,394.54036331999987,394.54036331999987,394.540363998,394.540363998,394.540363998,394.540363998,394.540363998,394.540363998,394.54036467599985,394.54036467599985,394.54036467599985,394.54036467599985,394.54036467599985,394.54036467599985,394.54036467599985,394.54036467599985,394.54036670999994,394.54036670999994,394.54036670999994,394.54036670999994,394.54036670999994,394.6866330059999,394.6866330059999,394.6866330059999,394.6866330059999,394.6866330059999,394.6866330059999,394.6866330059999,394.6866330059999,394.6866330059999,394.6866330059999,394.6866330059999,394.6866330059999,394.6866330059999,394.6866330059999,394.6866330059999,394.6866330059999,394.6866330059999,394.6866330059999,394.6866330059999,394.6866330059999,394.6866330059999,394.6866330059999,394.6866330059999,394.6866330059999,394.6866330059999,394.6866330059999,394.6866330059999,394.6866330059999,394.6866330059999,394.6866330059999,394.6866330059999,394.6866330059999,394.6866330059999,394.6866330059999,394.68663368399996,394.68663368399996,394.68663368399996,394.68663368399996,394.83289862399994,394.83289862399994,394.83289862399994,394.83289862399994,394.83289862399994,394.83289862399994,394.83289862399994,394.83289862399994,394.83289862399994,394.83289862399994,394.83289862399994,394.83289862399994,394.83289862399994,394.83289862399994,394.83289862399994,394.83289862399994,394.83289862399994,394.83289862399994,394.83289862399994,394.83289862399994,394.83289862399994,394.83289862399994,394.83289862399994,394.83289862399994,394.83289862399994,394.8329013359999,394.8329013359999,394.8329013359999,394.8329013359999,394.8329013359999,394.8329013359999,394.8329013359999,394.8329013359999,394.8329013359999,394.8329013359999,394.8329013359999,394.8329013359999,394.8329013359999,394.8329013359999,394.8329013359999,394.8329013359999,394.8329013359999,394.8329013359999,394.8329013359999,394.8329013359999,394.8329013359999,394.8329013359999,394.8329013359999,394.8329013359999,394.8329013359999,394.8329013359999,394.8329013359999,394.8329013359999,394.8329013359999,394.8329013359999,394.8329013359999,394.8329013359999,394.8329013359999,394.8329013359999,394.8329013359999,394.8329013359999,394.8329013359999,394.8329013359999,394.8329013359999,394.8329013359999,394.8329013359999,394.8329013359999,394.8329013359999,394.8329013359999,394.8329013359999,394.832902014,394.832902014,394.832902014,394.832902014,394.832902014,394.832902014,394.832902014,394.832902014,394.832902014,394.97916831,394.97916831,394.97916831,394.97916831,394.97916831,394.97916831,394.97916831,394.97916831,394.97916831,394.97916831,394.97916831,394.97916831,394.97916831,394.97916831,394.97916831,394.97916831,394.97916831,394.97916831,394.97916831,394.97916831,394.97916831,394.97916831,394.97916831,394.97916831,394.97916831,394.97916831,394.97916831,394.97916831,394.97916831,394.97916831,394.97916831,394.97916831,394.97917169999994,394.97917169999994,394.97917169999994,394.97917169999994,394.97917169999994,394.97917169999994,394.97917169999994,394.97917169999994,394.97917169999994,394.97917169999994,394.97917169999994,395.1254359619999,395.1254359619999,395.1254359619999,395.1254359619999,395.1254359619999,395.1254359619999,395.1254359619999,395.1254359619999,395.1254359619999,395.1254359619999,395.1254359619999,395.1254359619999,395.12543799599996,395.12543799599996,395.12543799599996,395.12543799599996,395.12543799599996,395.12543799599996,395.12543799599996,395.12543799599996,395.12543799599996,395.12543799599996,395.12543799599996,395.12543799599996,395.12543799599996,395.12543799599996,395.12543799599996,395.12543799599996,395.12543799599996,395.12543799599996,395.12543799599996,395.1254386739999,395.1254386739999,395.1254386739999,395.1254386739999,395.12543935199994,395.12543935199994,395.12543935199994,395.12543935199994,395.12543935199994,395.12543935199994,395.12543935199994,395.12543935199994,395.12543935199994,395.12543935199994,395.12543935199994,395.12543935199994,395.12543935199994,395.12543935199994,395.12543935199994,395.12543935199994,395.12543935199994,395.1254400299999,395.1254400299999,395.1254400299999,395.1254400299999,395.1254400299999,395.1254400299999,395.1254400299999,395.1254400299999,395.1254400299999,395.1254400299999,395.1254400299999,395.1254400299999,395.1254400299999,395.1254400299999,395.1254400299999,395.1254400299999,395.1254400299999,395.1254400299999,395.1254400299999,395.1254400299999,395.1254400299999,395.1254400299999,395.1254400299999,395.1254400299999,395.1254400299999,395.1254400299999,395.1254400299999,395.1254400299999,395.1254400299999,395.1254400299999,395.1254400299999,395.1254400299999,395.1254400299999,395.1254400299999,395.1254400299999,395.1254400299999,395.1254400299999,395.1254400299999,395.1254400299999,395.1254400299999,395.1254400299999,395.1254400299999,395.1254400299999,395.1254400299999,395.1254400299999,395.1254400299999,395.1254400299999,395.1254400299999,395.1254400299999,395.1254400299999,395.1254400299999,395.1254400299999,395.1254400299999,395.1254400299999,395.1254400299999,395.1254400299999,395.1254400299999,395.1254400299999,395.1254400299999,395.1254400299999,395.1254400299999,395.1254400299999,395.1254400299999,395.1254400299999,395.1254400299999,395.1254400299999,395.1254400299999,395.1254400299999,395.1254400299999,395.1254400299999,395.1254400299999,395.1254400299999,395.1254400299999,395.1254400299999,395.1254400299999,395.1254400299999,395.1254400299999,395.1254400299999,395.1254400299999,395.1254400299999,395.1254400299999,395.1254400299999
37,271.986767472,287.67783741,299.78186834400003,303.74358235200003,311.69108208,317.03176198200003,321.45825516,326.265515172,327.972422886,331.271309856,333.8290784160001,334.819372674,338.22375847800004,338.368449102,340.068556476,341.53052516400004,343.10830235400005,345.5828511600001,347.0059975680001,347.0059975680001,347.0059975680001,347.54984916600006,347.8836177180001,348.35598506400004,348.3631461000001,348.77722782000006,350.2192341540001,351.857229948,351.91331342999996,352.461495414,352.82393726400005,353.445716148,353.77480650000007,353.77480650000007,353.77480650000007,353.77480650000007,353.77480650000007,353.77480650000007,354.05585919600003,354.05585919600003,354.05585919600003,354.559292502,354.8459698859999,355.19971842,355.220907276,355.540055436,355.540055436,355.68650207999997,355.68650207999997,356.40117442200005,356.44473456599997,356.996092302,356.996092302,356.996092302,357.08944341,357.740241372,357.740241372,357.759781332,357.759781332,358.053050232,358.194819354,358.194819354,358.64088369000007,358.89515064,359.122878636,359.13965439,359.13965439,359.4844024739999,359.4844024739999,359.579851992,359.579851992,359.61327061199995,360.064986756,360.44638684200004,360.44638684200004,360.44638684200004,361.135045002,363.004390668,363.40705893599994,363.40705893599994,363.40705893599994,363.40705893599994,363.856065792,363.856065792,363.880441248,363.880441248,363.880441248,363.880441248,363.98369454600004,363.98369454600004,363.98369454600004,363.98369522400003,363.98369522400003,363.98369522400003,364.63742418000004,364.63742418000004,364.63742418000004,364.63742418000004,364.63742418000004,364.663257336,364.663257336,364.70634966,364.80012180599994,364.80012180599994,364.80012180599994,364.80012180599994,364.80012180599994,364.85515371,365.34527719799996,365.34527719799996,365.34527719799996,365.451893376,365.50051479,365.50051479,365.50051479,365.50051479,365.504072934,366.23221374600007,366.63510507600006,366.94122682200003,366.94122682200003,366.94122682200003,366.94122682200003,366.99201580199997,366.99201580199997,366.99201580199997,367.17097186800004,367.268357754,367.268357754,367.337398494,368.006865864,368.03335261199993,368.03335261199993,368.03335261199993,368.078889126,368.078889126,368.078889126,368.078889126,368.078889126,368.385802776,368.42976904200003,368.690143416,368.80272938400003,368.96542701,368.96542701,369.60571868399995,369.60571868399995,369.60571868399995,369.60571868399995,369.60571868399995,369.60572003999994,369.60572003999994,369.692399628,369.692399628,369.811613724,369.811613724,369.823446858,369.823446858,370.11743782800005,370.11743782800005,370.11743782800005,371.022200352,371.06451636599996,371.07422396999993,371.270402592,371.270402592,371.270402592,371.270402592,371.270402592,371.75334809400005,371.75334809400005,372.42371856,372.42371856,372.48911166,372.798351528,372.798351528,373.17556971,373.17556971,373.17556971,373.24205642399994,373.242057102,373.242057102,373.70077156199994,373.70077156199994,373.70077156199994,373.70077156199994,374.077291404,374.077291404,374.077291404,374.077291404,374.077291404,374.077291404,374.077291404,374.077291404,374.077291404,374.077291404,374.077291404,374.37267702,374.37267702,374.43020192999995,374.70838736400003,374.83572186600003,374.83572186600003,375.228077754,375.736225194,376.331496312,377.03346903599993,377.4157851,377.59860305399997,377.59860305399997,377.59860305399997,377.59860305399997,377.59860305399997,377.794782354,378.12204888599996,378.2625528599999,378.404764716,378.404764716,378.404764716,378.928873632,378.928873632,379.41507014399997,379.4641546319999,379.4641546319999,379.4641546319999,379.4641546319999,379.4641546319999,379.4641546319999,379.4641546319999,379.9698388979999,379.9698388979999,379.9698388979999,379.9698388979999,379.9698388979999,380.202328488,380.202328488,380.202328488,380.63455280999995,380.63455280999995,380.63455280999995,380.68384273199996,381.00668327999995,381.00668327999995,381.152949576,381.21047652,381.21047652,381.841401624,382.08646540199993,382.08646540199993,382.228677258,382.228677258,382.374940164,382.52120510400005,382.52120510400005,383.06265929399996,383.06265929399996,383.06265929399996,383.06265929399996,383.06265929399996,383.824662816,383.824662816,384.1706713020001,384.1706713020001,384.31693420799996,384.31693420799996,384.31693420799996,384.31693420799996,384.31693420799996,384.316936242,385.273274904,385.41954119999997,385.41954119999997,385.5658081739999,385.569370386,385.769602092,385.76960277,385.769604126,385.769604126,385.769604126,385.76960615999997,385.7696095499999,385.915873812,385.915873812,385.915873812,386.112049722,386.112049722,386.112049722,386.112049722,386.112049722,386.112049722,386.112049722,386.2583139839999,386.2583166959999,386.2583166959999,386.2583166959999,386.2583166959999,386.40458163599993,386.4045823139999,386.4045823139999,386.4045823139999,386.4045823139999,386.4045823139999,386.404585026,386.83507231199997,386.83507231199997,387.03125093399996,387.03125093399996,387.03125093399996,387.03125093399996,387.03125093399996,387.03125093399996,387.03125093399996,387.03125093399996,387.03125093399996,387.031252968,387.031252968,387.031252968,387.319732476,387.319732476,387.319732476,387.319732476,387.31973857799994,387.31974196799996,387.31974196799996,387.319742646,387.319742646,387.319742646,387.31974332399994,387.319744002,387.319744002,387.740139936,388.028615376,388.04044579799995,388.04044579799995,388.04044579799995,388.04044579799995,388.04044579799995,388.04044579799995,388.04044579799995,388.04044579799995,388.04044579799995,388.04044579799995,388.04044579799995,388.04044579799995,388.0404485099999,388.0404512219999,388.0404512219999,388.0404512219999,388.0404512219999,388.0404512219999,388.18671412799995,388.38801232799995,388.38801300599994,388.38801300599994,388.388014362,388.388014362,388.71528428399995,388.71528428399995,388.861548546,388.861548546,388.9190788799999,388.9190788799999,389.06128870199996,389.06128870199996,389.06128870199996,389.25746732399995,389.25746867999993,389.25746867999993,389.25746867999993,389.25746867999993,389.4037342979999,389.4037342979999,389.4037342979999,389.5500012719999,389.5500012719999,389.5500012719999,389.5500012719999,389.5500012719999,389.5500012719999,389.5500012719999,389.5500012719999,389.6962662119999,389.6962682459999,389.6962682459999,389.6962682459999,389.97551407199995,389.97551407199995,390.1177259279999,390.1177259279999,390.1177259279999,390.1177266059999,390.1177266059999,390.1177266059999,390.1177266059999,390.1177266059999,390.1177266059999,390.1177279619999,390.2639929019999,390.2639929019999,390.2639929019999,390.2639929019999,390.2639929019999,390.2639929019999,390.2639929019999,390.2639929019999,390.2639929019999,390.26399561399995,390.26399561399995,390.26399561399995,390.26399561399995,390.26399561399995,390.26399561399995,390.26399561399995,390.26399561399995,390.26399561399995,390.26399561399995,390.26399561399995,390.4102591979999,390.4102591979999,390.4102591979999,390.4102591979999,390.4102591979999,390.4102591979999,390.4102591979999,390.6064398539999,390.6064398539999,390.6064398539999,390.6064398539999,390.6064398539999,390.6064405319999,390.8846273219999,390.8846273219999,390.8846273219999,390.8846273219999,390.8846273219999,390.8846273219999,390.8846273219999,390.8846273219999,390.8846273219999,390.8846273219999,390.8846273219999,390.8846273219999,390.8846273219999,390.8846273219999,390.8846273219999,390.8846273219999,390.8846273219999,390.8846273219999,390.8846273219999,390.8846273219999,390.8846273219999,390.8846273219999,390.8846273219999,390.88462935599995,390.88462935599995,391.0308942959999,391.0308942959999,391.0308942959999,391.0308942959999,391.0308942959999,391.0308942959999,391.0308942959999,391.0308942959999,391.0308942959999,391.1731054739999,391.1731054739999,391.1731054739999,391.31937041399993,391.31937041399993,391.31937041399993,391.3193710919999,391.3193710919999,391.4615809139999,391.75005770999996,391.75005770999996,391.75005770999996,391.75005770999996,391.75005770999996,391.75005770999996,391.75005770999996,391.75005770999996,391.8963206159999,391.8963206159999,391.8963206159999,391.8963206159999,391.8963206159999,391.8963206159999,391.89632603999996,391.89632603999996,392.04259097999994,392.04259097999994,392.04259097999994,392.04259097999994,392.04259097999994,392.04259301400003,392.04259301400003,392.04259301400003,392.04259301400003,392.04259301400003,392.04259301400003,392.04259301400003,392.04259301400003,392.04259301400003,392.04259301400003,392.04259301400003,392.04259301400003,392.04259301400003,392.04259301400003,392.04259301400003,392.04259301400003,392.04259301400003,392.04259301400003,392.04259301400003,392.04259301400003,392.04259301400003,392.04259301400003,392.04259301400003,392.04259301400003,392.266807614,392.26680964799993,392.26680964799993,392.41307594399996,392.41307594399996,392.41307594399996,392.41307594399996,392.41307594399996,392.41307594399996,392.41307594399996,392.41307594399996,392.41307594399996,392.55528576599994,392.55528576599994,392.6974962659999,392.6974962659999,392.843762562,392.843762562,392.843762562,392.843762562,392.843762562,392.843762562,392.843762562,392.843762562,392.843762562,392.843762562,392.84376324,392.84376324,392.84376324,392.84376324,392.84376324,392.843763918,392.843763918,392.843763918,392.843763918,392.843763918,392.843763918,392.89773475199996,392.95170626399994,392.95170626399994,392.95170626399994,392.95170626399994,392.95170626399994,392.95170626399994,392.95170626399994,392.95170626399994,393.09391744199996,393.09391744199996,393.09391744199996,393.09391744199996,393.09391744199996,393.09391744199996,393.09391744199996,393.09391744199996,393.09391744199996,393.09391947599994,393.09391947599994,393.09391947599994,393.09391947599994,393.09391947599994,393.09391947599994,393.09391947599994,393.2361292979999,393.2361292979999,393.2361292979999,393.2361292979999,393.2361292979999,393.2361292979999,393.2361292979999,393.2361292979999,393.38239559399995,393.38239559399995,393.38239559399995,393.38239559399995,393.38239559399995,393.38239559399995,393.52865849999995,393.52865849999995,393.52865849999995,393.52865849999995,393.52865917799994,393.52865917799994,393.52865917799994,393.52865917799994,393.52865917799994,393.67492344,393.67492344,393.67492344,393.67492344,393.67492344,393.67492344,393.67492344,393.67492344,393.67492344,393.67492344,393.8171352959999,393.8171352959999,393.8171352959999,393.8171352959999,393.8171352959999,394.10560666799995,394.10560666799995,394.10560666799995,394.10560666799995,394.10560734600006,394.10561073599996,394.10561073599996,394.10561073599996,394.10561073599996,394.10561073599996,394.10561073599996,394.10561073599996,394.10561073599996,394.10561073599996,394.10561073599996,394.10561073599996,394.10561073599996,394.10561073599996,394.105611414,394.105611414,394.105611414,394.24782123599994,394.24782123599994,394.39408753199996,394.39408753199996,394.39408753199996,394.39408753199996,394.39408753199996,394.39408753199996,394.54035043799996,394.54035043799996,394.54035043799996,394.54035179399995,394.54035179399995,394.54035179399995,394.54035179399995,394.54035179399995,394.54035179399995,394.54035179399995,394.5403538279999,394.5403538279999,394.5403538279999,394.5403538279999,394.5403538279999,394.5403538279999,394.5403538279999,394.5403538279999,394.5403538279999,394.5403538279999,394.5403538279999,394.5403538279999,394.5403538279999,394.5403558619999,394.54035653999995,394.54035653999995,394.54035653999995,394.68662351399996,394.68662486999995,394.68662486999995,394.68662554799994,394.68662554799994,394.68662554799994,394.68662622599993,394.68662622599993,394.68662622599993,394.68662622599993,394.68662622599993,394.68662622599993,394.68662622599993,394.68662622599993,394.68662622599993,394.68662622599993,394.68662622599993,394.68662622599993,394.68662622599993,394.68662622599993,394.68662622599993,394.68662622599993,394.68662622599993,394.68662622599993,394.68662622599993,394.68662622599993,394.686629616,394.686629616,394.686629616,394.686629616,394.686629616,394.686629616,394.686629616,394.686629616,394.686629616,394.686629616,394.83289387799994,394.83289387799994,394.83289387799994,394.83289387799994,394.83289387799994,394.83289387799994,394.83289658999996,394.83289658999996,394.83289658999996,394.83289726799995,394.83289726799995,394.83289726799995,394.83289726799995,394.83289726799995,394.83289726799995,394.83289726799995,394.83289726799995,394.83289726799995,394.83289726799995,394.83289726799995,394.83289726799995,394.83289726799995,394.83289726799995,394.83289726799995,394.83289726799995,394.83289726799995,394.83289726799995,394.83289726799995,394.83289726799995,394.83289726799995,394.83289726799995,394.83289726799995,394.83289726799995,394.83289726799995,394.83289726799995,394.83289726799995,394.83289726799995,394.83289726799995,394.979160174,394.979160174,394.979160174,394.979160174,394.979160174,394.979160174,394.979160174,394.979160174,394.979160174,394.979160174,394.979160174,394.979160174,394.979160174,394.979160174,394.979160174,394.979160174,394.979160174,394.979160174,394.9791608519999,394.9791608519999,394.9791608519999,394.9791608519999,394.9791608519999,394.9791608519999,394.9791608519999,394.9791608519999,394.9791608519999,394.9791608519999,394.9791608519999,394.9791608519999,394.9791608519999,394.9791608519999,394.9791608519999,394.9791608519999,394.9791608519999,394.9791608519999,394.97916153,394.97916153,394.97916153,394.97916153,394.97916153,394.97916153,395.12542240199997,395.12542240199997,395.12542240199997,395.12542240199997,395.12542240199997,395.12542240199997,395.12542240199997,395.12542307999996,395.12542307999996,395.12542307999996,395.12542307999996,395.12542307999996,395.12542307999996,395.12542307999996,395.12542307999996,395.12542307999996,395.12542307999996,395.12542307999996,395.12542375799995,395.12542511399994,395.12542511399994,395.12542511399994,395.12542511399994,395.12542511399994,395.12542511399994,395.12542511399994,395.12542511399994,395.12542511399994,395.12542511399994,395.12542511399994,395.12542511399994,395.12542511399994,395.12542511399994,395.12542511399994,395.12542511399994,395.12542511399994,395.12542511399994,395.12542511399994,395.12542511399994,395.12542511399994,395.12542511399994,395.12542511399994,395.12542511399994,395.12542511399994,395.12542511399994,395.12542511399994,395.12542511399994,395.12542511399994,395.12542511399994,395.12542511399994,395.12542511399994,395.12542511399994,395.12542511399994,395.12542511399994,395.12542511399994,395.12542511399994,395.12542511399994,395.12542511399994,395.12542511399994,395.12542511399994,395.12542511399994,395.12542511399994,395.12542511399994,395.12542511399994,395.12542511399994,395.12542511399994,395.12542511399994,395.12542511399994,395.12542511399994,395.12542782599996,395.12542782599996,395.12542782599996,395.12542782599996,395.12542782599996,395.12542782599996,395.12542782599996,395.12542782599996,395.12542782599996,395.12542782599996,395.12542918199995,395.12542918199995,395.12542918199995,395.12542918199995,395.12542918199995,395.12542918199995,395.12542918199995,395.12542918199995,395.12542918199995,395.12542918199995,395.12542918199995,395.12542918199995,395.12542918199995,395.12542918199995,395.12542918199995,395.12542918199995,395.12542918199995,395.12542918199995,395.12542918199995,395.12542918199995,395.12542918199995,395.12542918199995,395.12542918199995,395.12542918199995,395.12542918199995,395.12542918199995,395.12542918199995,395.12542918199995,395.12542918199995,395.12542918199995,395.12542918199995,395.12542918199995,395.12542918199995,395.12542918199995,395.12542918199995,395.12542918199995,395.12542918199995,395.12542918199995,395.12542918199995,395.12542918199995,395.12542918199995,395.12542918199995,395.12542918199995,395.12542918199995,395.12542918199995,395.12542918199995,395.12542918199995,395.12542918199995,395.12542918199995,395.12542918199995,395.12542918199995,395.12542918199995,395.12542918199995,395.12542918199995,395.12542918199995,395.12542918199995,395.12542918199995,395.12542918199995,395.12542918199995,395.12542918199995,395.12542918199995,395.12542918199995,395.12542918199995,395.12542918199995,395.12542918199995,395.12542918199995,395.12542918199995,395.12542918199995,395.12542918199995,395.12542918199995,395.12542918199995,395.12542918199995,395.12542918199995,395.12542918199995,395.12542918199995,395.12542918199995,395.12542918199995,395.12542918199995,395.12542918199995,395.12542918199995,395.12542918199995,395.12542918199995,395.12542918199995,395.12542918199995,395.12542918199995,395.12542918199995,395.12542918199995,395.12542918199995,395.12542918199995,395.12542918199995,395.12542918199995,395.12542918199995,395.12542918199995,395.12542918199995,395.12542918199995,395.12542918199995,395.12542918199995,395.12542918199995,395.12542918199995,395.12543257199997,395.12543257199997,395.12543257199997,395.12543257199997,395.12543257199997,395.12543257199997,395.12543257199997,395.12543257199997,395.12543257199997,395.12543257199997,395.12543257199997,395.12543257199997,395.12543257199997,395.12543257199997,395.12543257199997,395.12543257199997,395.12543257199997,395.12543257199997,395.12543257199997,395.12543257199997,395.12543257199997,395.12543257199997,395.12543257199997,395.12543257199997,395.12543257199997,395.12543257199997,395.12543257199997,395.12543257199997,395.12543257199997,395.12543257199997,395.12543257199997,395.12543257199997
38,273.98427140999996,293.69973848999996,305.43735856199993,319.13832222,323.766089868,327.467420688,330.038475336,333.29580294,336.446896758,337.01287692,337.25600094000004,338.598124992,340.22484632400005,341.08025587199995,341.363431386,343.732139646,344.028521244,345.27352654199996,346.01565924000005,346.09926681,347.21986588799996,347.637300996,347.7280438380001,347.93143570200004,349.37829380400007,350.208390222,350.4065689440001,350.454343536,351.32933847,351.8493488760001,352.439762124,352.458272202,353.021160684,353.021160684,354.07895458800004,354.5776507080001,355.23286584,355.30829334000003,355.30829334000003,355.30829334000003,355.30829334000003,356.24225257800003,356.55875247000006,357.126330678,358.128094662,359.049425472,359.70524470199996,359.70524470199996,359.810849982,359.810849982,359.810849982,360.038291862,360.038291862,360.038291862,361.515455208,361.515455208,361.588455468,361.588455468,361.8778896,361.8778896,361.8778896,361.8778896,362.54826210000004,362.54826210000004,363.0512770800001,363.192363456,363.192363456,363.216744336,363.71556181799997,363.819272088,363.819272088,364.0299321119999,364.0299321119999,364.127915316,364.127915316,364.391803764,365.011447626,365.011447626,365.0343321599999,365.0343321599999,365.0343321599999,365.07899066399995,365.07899066399995,365.07899066399995,365.07899066399995,365.07899066399995,365.07899066399995,365.07899066399995,365.07899066399995,365.07899066399995,365.07899066399995,365.12802972599997,365.30793634799994,365.30793634799994,365.30793634799994,365.30793634799994,365.30793634799994,365.30793634799994,365.39880122999995,365.9385861839999,365.9385861839999,365.9385861839999,365.9385861839999,365.9385861839999,366.136768974,366.136768974,366.244700472,366.829352754,366.829352754,366.829352754,367.252679004,367.252679004,367.457325168,367.457325168,367.47337546200004,367.47337546200004,367.47337546200004,367.47337546200004,367.518033966,367.79372232599997,367.79372232599997,367.79372232599997,368.26476486,368.26476486,368.26476486,368.26476486,368.527588848,368.527588848,368.581555614,368.581555614,368.581555614,368.581555614,368.581555614,368.581555614,368.85974037,368.8883519700001,368.8883519700001,368.8883519700001,369.0845305920001,369.9650647860001,370.169721798,370.169721798,370.54337844599996,370.54337844599996,370.59734724599997,370.59734724599997,370.59734724599997,370.8858220080001,370.8858220080001,370.8858220080001,371.25034396200004,371.4287610180001,371.7172351020001,371.7172351020001,371.7172351020001,371.7172351020001,371.774765436,372.14070102000005,372.14070102000005,372.14070102000005,372.3368769300001,372.71409511200005,372.783859278,372.783859278,372.783859278,373.3070596740001,373.3070596740001,373.918744494,373.977802362,374.7342225539999,374.76318806999996,375.25294408199994,375.25294408199994,375.25294408199994,375.25294408199994,375.32103291,375.32103494399996,375.32103494399996,375.408785094,375.6972625679999,375.697267314,375.89344458,375.89344458,375.93579110400003,376.2242638319999,376.2242638319999,376.2242638319999,376.2242638319999,376.2242638319999,376.373032626,376.42699939199997,376.847391936,376.847391936,376.904918202,376.904918202,376.904918202,377.36362994999996,377.36362994999996,377.368829532,377.368829532,377.368829532,377.368829532,377.51509718399996,377.82188676,377.82188676,377.98793235,378.603676356,379.052681856,379.052681856,379.194890322,379.7743437,379.83186996599994,379.92983893199994,379.92983893199994,379.92983893199994,379.92983893199994,379.92983893199994,379.92983893199994,380.2444031339999,380.2444031339999,380.35208106,380.35208106,380.35208106,380.45529977999996,380.45529977999996,380.46567385799995,380.60918204999996,380.60918204999996,380.6667083159999,380.6667083159999,380.6667083159999,380.6667083159999,380.6667083159999,380.81297461199995,380.81297461199995,380.81297461199995,380.839399662,380.839399662,380.839399662,380.839399662,380.839399662,380.839399662,381.737405238,381.737405238,381.8836681439999,381.8836681439999,381.8836681439999,381.928326648,382.360555038,382.68782360399996,382.68782360399996,382.687826316,382.687826316,382.834092612,382.834092612,382.834092612,382.976301078,383.12256737399997,383.379605988,383.379605988,383.379605988,383.379605988,383.379605988,383.379605988,383.379605988,383.379605988,383.379605988,383.379605988,383.379605988,383.37960937799994,383.37960937799994,383.61566117999996,383.61566117999996,383.61566117999996,383.75787168000005,383.802528828,383.802528828,384.12599178,384.12599178,384.272256042,384.272256042,384.272256042,384.69265400999996,384.69265400999996,385.059575406,385.059575406,385.11354285,385.11354285,385.11354285,385.11354285,385.11354285,385.11354285,385.11354285,385.11354285,385.3136043779999,385.3136043779999,385.3136043779999,385.6058081399999,385.6058081399999,385.752074436,385.752074436,385.752077148,385.76244715799993,385.9046576579999,385.9046576579999,385.9046576579999,386.32505426999995,386.32505426999995,386.73614261999995,386.73614261999995,386.73614261999995,386.73614261999995,386.73614533200004,386.73614533200004,386.73614533200004,387.132062754,387.40093857,387.40093857,387.40093857,387.40093857,387.40093857,387.54720622199994,387.54720622199994,387.54720622199994,387.54720622199994,387.689418078,387.689418078,387.689418078,387.689418078,387.689418078,387.689418078,387.83568234,387.83568234,387.981949314,387.981949314,387.981949314,387.981949314,387.981949314,387.981949314,387.981949314,387.981949314,387.981949314,387.981949314,388.40234524799996,388.54861222200003,388.54861222200003,388.54861222200003,388.54861222200003,388.69487648399996,388.69487648399996,388.69487648399996,388.973063274,389.11932753599996,389.11932753599996,389.11932753599996,389.11932753599996,389.11932753599996,389.119330248,389.315508192,389.315508192,389.315508192,389.461774488,389.461774488,389.461774488,389.461774488,389.461774488,389.461774488,389.461774488,389.461774488,389.60398498800004,389.60398498800004,389.60398498800004,389.60398498800004,389.60398498800004,389.60398498800004,389.60398498800004,389.75024586,389.89245771599997,389.89245771599997,389.89245771599997,389.89245771599997,389.89245771599997,389.89245771599997,389.89245771599997,390.180933156,390.180933156,390.32719741799997,390.32719741799997,390.38472165,390.38472165,390.38472165,390.38472165,390.38472232800007,390.53098523399996,390.53098523399996,390.734777796,390.734777796,390.734777796,390.734777796,390.734777796,390.734777796,390.734777796,390.88104205800005,390.88104205800005,390.88104205800005,390.88104205800005,391.02730632,391.02730632,391.02730632,391.169516142,391.169516142,391.169516142,391.169517498,391.169517498,391.169517498,391.169517498,391.169521566,391.169521566,391.169521566,391.16952360000005,391.16952360000005,391.16952360000005,391.315790574,391.315790574,391.315790574,391.315790574,391.315790574,391.315790574,391.315790574,391.315790574,391.73618786399993,391.73618786399993,391.73618786399993,391.73618786399993,391.73618786399993,391.73618786399993,391.73618786399993,391.73618854200004,391.736191254,391.73619193199994,391.73619261,391.73619261,391.73619261,391.88245890599995,391.88245890599995,391.88245890599995,391.88245890599995,391.88245890599995,391.88245890599995,391.88245890599995,391.88246297399996,392.02872927,392.02872927,392.02872927,392.02872927,392.02872927,392.02872927,392.02872927,392.17094112599995,392.17094112599995,392.31720742199997,392.31720742199997,392.317209456,392.317209456,392.317209456,392.459417922,392.459417922,392.4594186,392.4594186,392.4594186,392.4594186,392.4594186,392.605682862,392.60568354000003,392.60568354000003,392.60568354000003,392.60568354000003,392.60568354000003,392.60568354000003,392.60568354000003,392.60568354000003,392.60568354000003,392.60568421799996,392.60568421799996,392.60568421799996,392.60568421799996,392.60568421799996,392.60568421799996,392.60568421799996,392.60568421799996,392.60568421799996,392.60568421799996,392.60568421799996,392.60568421799996,392.60568421799996,392.60568421799996,392.60568421799996,392.60568692999993,392.60568692999993,392.60568692999993,392.66321726399997,392.66321726399997,392.66321726399997,392.66321929799994,392.66321929799994,392.66321929799994,392.66321929799994,392.66321929799994,392.66321929799994,392.66321929799994,392.66321929799994,392.66321929799994,392.66321929799994,392.66321929799994,392.66321929799994,392.66321997599994,392.66321997599994,392.66321997599994,392.66321997599994,392.66321997599994,392.66322268799996,392.66322268799996,392.66322268799996,392.663223366,392.8054352219999,392.8054352219999,392.8054352219999,392.8054352219999,392.8054352219999,392.8054359,392.8054359,392.8054359,392.8054359,392.8054359,392.8054359,392.8054359,392.8054359,392.8054359,392.947644366,392.947644366,392.947644366,393.093908628,393.093908628,393.093908628,393.09391134,393.09391134,393.09391134,393.09391134,393.09391134,393.09391134,393.09391134,393.09391134,393.09391134,393.09391134,393.09391405200006,393.09391405200006,393.09391473000005,393.09391473000005,393.240181026,393.240181026,393.240181026,393.240181026,393.240181026,393.38644393199996,393.38644393199996,393.38644393199996,393.38644393199996,393.38644393199996,393.38644393199996,393.38644393199996,393.38644393199996,393.38644393199996,393.38644461,393.38644461,393.38644461,393.38644732200004,393.38644732200004,393.38644732200004,393.38644732200004,393.53271226199996,393.53271226199996,393.53271226199996,393.53271226199996,393.53271226199996,393.53271226199996,393.53271226199996,393.53271226199996,393.53271226199996,393.53271226199996,393.53271226199996,393.53271226199996,393.53271226199996,393.53271226199996,393.53271226199996,393.53271226199996,393.53271226199996,393.53271226199996,393.53271226199996,393.53271226199996,393.67492479599997,393.67492479599997,393.67492479599997,393.67492479599997,393.67492479599997,393.67492479599997,393.67492479599997,393.67492479599997,393.67492479599997,393.67492479599997,393.67492479599997,393.67492683000006,393.67492683000006,393.67492683000006,393.67492683000006,393.67492683000006,393.67492750799994,393.67492750799994,393.67492750799994,393.67492750799994,393.67492750799994,393.67492750799994,393.67492750799994,393.67493022,393.67493022,393.67493022,393.67493022,393.67493022,393.67493022,393.674930898,393.674930898,393.674930898,393.674930898,393.821193804,393.821193804,393.821193804,393.821193804,393.821193804,393.821193804,393.821193804,393.821193804,393.821193804,393.821197194,393.821197194,393.821197194,393.821197194,393.821197194,393.821197194,393.821197194,393.821197194,393.821197194,393.967461456,393.967461456,393.967461456,393.967461456,393.967461456,393.96746349,393.96746349,393.96746349,393.96746349,394.109674668,394.109674668,394.109674668,394.109674668,394.109674668,394.109674668,394.109674668,394.109674668,394.109674668,394.109674668,394.109674668,394.109674668,394.109674668,394.25593892999996,394.25593892999996,394.25593892999996,394.25593892999996,394.25593892999996,394.25593892999996,394.25593892999996,394.25593892999996,394.25593892999996,394.25593892999996,394.25593892999996,394.25593892999996,394.25593892999996,394.25593892999996,394.25593892999996,394.25593892999996,394.25593892999996,394.25593892999996,394.25593892999996,394.255941642,394.255941642,394.255941642,394.25594232000003,394.25594232000003,394.25594232000003,394.402206582,394.402206582,394.402206582,394.402206582,394.402207938,394.402207938,394.402207938,394.402207938,394.402208616,394.402208616,394.402208616,394.402208616,394.402208616,394.402208616,394.402208616,394.402208616,394.402208616,394.402208616,394.402208616,394.402208616,394.402208616,394.402208616,394.402208616,394.402208616,394.402208616,394.402208616,394.402208616,394.402208616,394.402208616,394.402208616,394.402208616,394.402208616,394.402208616,394.402208616,394.402208616,394.402208616,394.402208616,394.402208616,394.402208616,394.402208616,394.402208616,394.40220929399993,394.40220929399993,394.40220929399993,394.40220929399993,394.40220929399993,394.40220929399993,394.40220929399993,394.40220929399993,394.40220929399993,394.40220929399993,394.40220929399993,394.40220929399993,394.40220929399993,394.40220929399993,394.40220929399993,394.40220929399993,394.40220929399993,394.40220929399993,394.40220929399993,394.40220929399993,394.40220929399993,394.40220929399993,394.40220929399993,394.402209972,394.402209972,394.402209972,394.402209972,394.402209972,394.402209972,394.402209972,394.402209972,394.402209972,394.402209972,394.402209972,394.402209972,394.402209972,394.402209972,394.402209972,394.402209972,394.402209972,394.402209972,394.402209972,394.402209972,394.402209972,394.402209972,394.402209972,394.402209972,394.402209972,394.402209972,394.402209972,394.402209972,394.402209972,394.402209972,394.402209972,394.402209972,394.402209972,394.54847423399997,394.54847423399997,394.54847423399997,394.54847423399997,394.54847423399997,394.54847423399997,394.54847423399997,394.54847423399997,394.54847423399997,394.54847423399997,394.54847423399997,394.54847423399997,394.54847423399997,394.54847423399997,394.54847423399997,394.54847423399997,394.54847423399997,394.54847423399997,394.54847423399997,394.54847423399997,394.54847423399997,394.54847423399997,394.54847423399997,394.54847423399997,394.54847423399997,394.54847423399997,394.54847423399997,394.54847423399997,394.54847423399997,394.54847423399997,394.54847423399997,394.54847423399997,394.54847423399997,394.54847423399997,394.54847423399997,394.54847423399997,394.54847423399997,394.54847423399997,394.54847423399997,394.54847423399997,394.54847423399997,394.54847423399997,394.54847423399997,394.54847423399997,394.54847423399997,394.54847423399997,394.54847423399997,394.54847423399997,394.54847423399997,394.54847423399997,394.54847423399997,394.54847423399997,394.54847423399997,394.54847423399997,394.54847423399997,394.54847423399997,394.54847423399997,394.54847423399997,394.54847423399997,394.54847423399997,394.54847423399997,394.54847423399997,394.54847423399997,394.54847423399997,394.54847423399997,394.54847423399997,394.54847423399997,394.54847423399997,394.54847423399997,394.54847423399997,394.54847423399997,394.54847423399997,394.54847423399997,394.54847423399997,394.54847423399997,394.54847423399997,394.54847423399997,394.54847423399997,394.54847423399997,394.54847423399997,394.54847423399997,394.54847423399997,394.54847423399997,394.54847423399997,394.54847423399997,394.54847423399997,394.54847423399997,394.54847423399997,394.54847423399997,394.54847423399997,394.54847423399997,394.54847423399997,394.54847423399997,394.54847423399997,394.54847423399997,394.54847423399997,394.54847423399997,394.54847423399997,394.54847491199996,394.54847491199996,394.54847491199996,394.54847491199996,394.54847491199996,394.54847491199996,394.54847491199996,394.54847491199996,394.54847491199996,394.54847491199996,394.54847491199996,394.54847491199996,394.54847491199996,394.54847491199996,394.54847491199996,394.6947391739999,394.6947391739999,394.6947391739999,394.6947391739999,394.6947391739999,394.6947391739999,394.6947391739999,394.6947391739999,394.6947391739999,394.6947391739999,394.6947391739999,394.694741886,394.694741886,394.694741886,394.694741886,394.694741886,394.694741886,394.694741886,394.694741886,394.694741886,394.69474256399997,394.69474256399997,394.69474256399997,394.69474256399997,394.69474256399997,394.69474256399997,394.69474256399997,394.69474256399997,394.69474256399997,394.69474256399997,394.69474256399997,394.69474256399997,394.69474256399997,394.69474256399997,394.69474256399997,394.69474256399997,394.69474256399997,394.69474256399997,394.8410095379999,394.8410095379999,394.8410095379999,394.8410095379999,394.8410095379999,394.8410095379999,394.8410102159999,394.8410102159999,394.8410102159999,394.8410102159999,394.8410102159999,394.8410102159999,394.8410102159999,394.8410102159999,394.8410102159999,394.8410102159999,394.8410102159999,394.8410102159999,394.8410102159999,394.8410102159999,394.8410102159999,394.8410102159999,394.8410102159999,394.8410102159999,394.8410102159999,394.8410102159999,394.8410102159999,394.8410102159999,394.8410102159999,394.8410102159999,394.8410102159999,394.8410102159999,394.8410102159999,394.8410102159999,394.8410102159999,394.8410102159999,394.8410102159999,394.8410102159999,394.8410102159999,394.8410102159999,394.8410102159999,394.8410102159999,394.8410102159999,394.8410102159999,394.8410102159999,394.8410102159999,394.8410102159999,394.8410102159999,394.8410102159999,394.8410102159999,394.8410102159999,394.8410102159999,394.8410102159999,394.8410102159999,394.8410102159999
39,276.51708685799997,296.0467670219999,306.181000488,315.530288268,318.59298987,321.0052474259999,324.946000386,327.01077345,329.783948034,332.024805834,335.5546012980001,338.11453064400007,338.11453064400007,339.23397101999996,341.03194769400005,342.44661639,342.87565072199993,343.72334395199994,345.282658524,346.60490904,346.64190275399994,346.841644266,347.838199854,347.838199854,348.11488284,348.11488284,348.11488284,348.11488284,348.2093194259999,348.886897032,349.27685619000005,350.823893538,350.91217320600003,351.452811762,351.682289676,352.974959052,353.23519307999993,353.23519307999993,353.23519307999993,353.31239965199995,353.7696645479999,353.91639730799994,354.02944024799996,354.06359314199995,354.06359314199995,354.16993201800005,354.3673452780001,355.07345176800004,355.32127907399996,355.891085868,355.891085868,355.891085868,357.063360072,357.56772494999996,357.584436972,357.590881362,357.590881362,357.72407853,357.72407853,358.22758505999997,358.6827217139999,358.6827217139999,359.450867238,359.56146530999996,359.639657694,359.79083881199995,359.79083881199995,359.79083881199995,360.50209674599995,360.50209674599995,360.50209674599995,360.50209674599995,360.50209674599995,360.633360936,360.939877278,360.939877278,360.939877278,361.320432576,361.320432576,361.320432576,361.320433254,361.320433254,361.39635027,361.42154000400006,361.42154000400006,361.42154000400006,361.42154000400006,361.540014402,361.540014402,361.547795808,361.547795808,361.886763942,361.886763942,361.91730852,361.91730852,362.0166416220001,362.0166416220001,362.4904368360001,362.4904368360001,362.90338900800003,363.335616042,363.335616042,363.34532364600005,363.34532364600005,364.110829038,364.81403843400005,365.29781787599995,365.29781787599995,365.29781787599995,365.29781787599995,365.29781787599995,365.29781787599995,365.29781787599995,365.29781787599995,365.32574266200004,365.32574266200004,365.32574266200004,365.432642922,365.94079307400006,366.077826366,366.077826366,366.57590754000006,366.939364356,366.939364356,367.227843864,367.227843864,367.3690116,367.63154811600003,367.63154811600003,367.742585532,367.742585532,367.95109765199993,367.95109765199993,368.097360558,368.097361236,368.097361236,368.097361236,368.097361236,368.644124844,368.91728562,369.22408129800004,369.22408129800004,369.22408197600004,369.22408197600004,369.62500778400005,370.602592932,370.93586383200005,371.40091555800007,371.62262766,371.875453182,371.875454538,371.875454538,371.875454538,372.15363997199995,372.16968891,372.169690266,372.8608766879999,373.24734007800004,373.77054047400003,373.77054047400003,373.77054047400003,374.006590242,374.117374086,374.117374086,374.129208576,374.471650782,375.06209792999994,375.18721604999996,375.18721604999996,375.475693524,375.728518368,375.728518368,375.92469563399993,376.40012279399997,376.40012279399997,376.722966732,376.722966732,376.919142642,376.919142642,376.919142642,376.919142642,376.94706675000003,377.138049858,377.138049858,377.20344567,377.576408046,378.18138676800004,378.18138676800004,378.18138676800004,378.181390836,378.37756878,378.79796267999996,378.940172502,379.13635247999997,379.406096136,379.88152194,379.88152194,379.88152194,379.88152194,379.88152194,380.023733118,380.023733118,380.02373583,380.02373583,380.02373583,380.94467407800005,380.94467407800005,380.94467407800005,380.94467407800005,381.140853378,381.140853378,381.45384122999997,381.45384122999997,381.650019174,381.650019174,382.099021962,382.15654754999997,382.302811812,382.498989756,382.51503801600006,382.793221416,382.793221416,382.7932241280001,383.540412672,383.540412672,383.540412672,383.557192494,383.9894168160001,383.9894168160001,384.1356797220001,384.7141696620001,384.7141696620001,384.7141696620001,384.71417169600005,384.86043595800004,384.87648421800003,384.87648421800003,384.876485574,384.980397888,384.980397888,384.980397888,384.980397888,385.17657583199997,385.17657583199997,385.17657583199997,385.17657583199997,385.17657583199997,385.17657583199997,385.322842806,385.322842806,385.322846196,385.3228495860001,385.3228495860001,385.3228495860001,385.3228495860001,385.3228495860001,385.6128667980001,385.6128667980001,385.6128667980001,385.6128681540001,385.75507662,385.75507662,385.9013435940001,386.19387957600003,386.19387957600003,386.19387957600003,386.19387957600003,386.19387957600003,386.4823550160001,386.4823550160001,386.93135916000006,386.93135916000006,387.48957486599994,387.4895762220001,387.4895762220001,387.631784688,387.82796534400006,388.17397111800005,388.202580684,388.807556694,388.807556694,388.807556694,388.807556694,388.807556694,389.096034168,389.096034168,389.096034168,389.09603484599995,389.096037558,389.24230181999997,389.24230181999997,389.242304532,389.242307244,389.242307244,389.242307244,389.38856947200003,389.38856947200003,389.38856947200003,389.38856947200003,389.38856947200003,389.38856947200003,389.38856947200003,389.38856947200003,389.38856947200003,389.38856947200003,389.38856947200003,389.53483509,389.681101386,389.681101386,389.681101386,389.681101386,389.681101386,389.681101386,389.681101386,389.681101386,389.681101386,389.681101386,389.68110613199997,389.68110613199997,389.68110613199997,389.68110613199997,389.68110613199997,389.90532344400003,390.0475353,390.0475353,390.0475353,390.0475353,390.34006246800004,390.34006246800004,390.486328764,390.486328764,390.486328764,390.486328764,390.486328764,390.486328764,390.486331476,390.486331476,390.486331476,390.486331476,390.486331476,390.486331476,390.48633215399997,390.48633486599994,390.632602518,390.632603196,390.632603196,390.632603196,390.632603196,390.632603196,390.632603196,390.77886610199994,390.77886610199994,390.77886610199994,390.925133076,390.925133076,390.925133076,390.925133076,390.925133076,390.925133076,390.925133754,390.92513646599997,390.92513646599997,390.92513646599997,391.21766499,391.21766499,391.21766499,391.359880236,391.359880236,391.359880236,391.359880236,391.359880236,391.359880236,391.359880236,391.359880236,391.359880236,391.359880236,391.359883626,391.359883626,391.359883626,391.359883626,391.359883626,391.359883626,391.359883626,391.359883626,391.359883626,391.50615059999996,391.50615059999996,391.50615059999996,391.56367483199995,391.56367483199995,391.56367618799993,391.56367618799993,391.56367618799993,391.56367618799993,391.56367618799993,391.5636768659999,391.5636768659999,391.5636768659999,391.5636768659999,391.5636768659999,391.5636768659999,391.5636768659999,391.5636768659999,391.5636768659999,391.5636768659999,391.5636768659999,391.5636768659999,391.56367822199996,391.56367822199996,391.56367822199996,391.5636789,391.5636789,391.5636789,391.5636789,391.5636789,391.5636789,391.5636789,391.5636789,391.5636789,391.5636789,391.5636789,391.70994180599996,391.709943162,391.709943162,391.709943162,391.709943162,391.70994384,391.709944518,391.709944518,391.709944518,391.709944518,391.70994722999995,391.70994858599994,391.70994858599994,391.70994858599994,391.70994858599994,391.70994858599994,391.70994858599994,391.70995129799996,391.70995129799996,391.70995197599996,391.959469536,391.959469536,391.959469536,391.959469536,391.959469536,391.959469536,391.959469536,392.142290202,392.142292914,392.142292914,392.142292914,392.142292914,392.142292914,392.142292914,392.142292914,392.142292914,392.142292914,392.142292914,392.17954223399994,392.17954223399994,392.46956148,392.46956148,392.46956148,392.46956148,392.46956148,392.46956148,392.46956148,392.46956148,392.46956148,392.46956148,392.46956148,392.6657394239999,392.6657394239999,392.8982263019999,392.8982263019999,392.8982263019999,392.8982263019999,392.8982263019999,392.8982263019999,392.8982263019999,392.8982263019999,392.8982263019999,393.0404347679999,393.18669902999994,393.1867010639999,393.1867010639999,393.1867010639999,393.1867010639999,393.1867010639999,393.1867010639999,393.18670309799995,393.18670309799995,393.18670309799995,393.18670309799995,393.18670309799995,393.18670309799995,393.3289163099999,393.3289163099999,393.3289163099999,393.3289163099999,393.3289163099999,393.3289163099999,393.3289163099999,393.3289163099999,393.3289163099999,393.3289163099999,393.3289163099999,393.3289163099999,393.3289163099999,393.3289163099999,393.3289163099999,393.3289163099999,393.3289163099999,393.47518057199994,393.47518057199994,393.47518057199994,393.47518057199994,393.47518057199994,393.47518057199994,393.47518057199994,393.47518057199994,393.47518057199994,393.47518057199994,393.47518057199994,393.6214414439999,393.6214414439999,393.6214414439999,393.6214414439999,393.6214414439999,393.6214414439999,393.6214414439999,393.6214414439999,393.6214414439999,393.6214414439999,393.6214414439999,393.6214414439999,393.6214414439999,393.6214414439999,393.6214414439999,393.6214414439999,393.6214414439999,393.678971778,393.678971778,393.678971778,393.678975168,393.6789785579999,393.6789785579999,393.67898126999995,393.67898126999995,393.67898126999995,393.67898126999995,393.67898126999995,393.967452642,393.967452642,393.967452642,393.967452642,393.967452642,393.967452642,393.967452642,393.967452642,393.967452642,393.967452642,393.967452642,393.967452642,393.967452642,393.967452642,393.967452642,393.967452642,393.967452642,394.25592536999994,394.25592536999994,394.255926048,394.255926048,394.255926048,394.255926048,394.255926048,394.25592808199997,394.25592808199997,394.25592808199997,394.25592808199997,394.402193022,394.402193022,394.402193022,394.402193022,394.402193022,394.402193022,394.402193022,394.402193022,394.402193022,394.402193022,394.402193022,394.402193022,394.402193022,394.402193022,394.402193022,394.402193022,394.402193022,394.402193022,394.402193022,394.402193022,394.402193022,394.402193022,394.402193022,394.402193022,394.402193022,394.402193022,394.402193022,394.402193022,394.402193022,394.402193022,394.402195734,394.544406912,394.544406912,394.544406912,394.544406912,394.69067117399993,394.69067117399993,394.69067117399993,394.6906718519999,394.6906718519999,394.6906718519999,394.6906718519999,394.6906718519999,394.6906718519999,394.6906718519999,394.6906718519999,394.6906718519999,394.6906718519999,394.6906718519999,394.6906718519999,394.6906718519999,394.6906718519999,394.6906718519999,394.6906718519999,394.6906718519999,394.6906718519999,394.6906718519999,394.6906718519999,394.6906718519999,394.6906718519999,394.6906718519999,394.6906718519999,394.6906718519999,394.6906718519999,394.6906718519999,394.6906718519999,394.6906718519999,394.6906718519999,394.6906718519999,394.6906718519999,394.6906718519999,394.6906718519999,394.6906718519999,394.8369381479999,394.8369381479999,394.8369381479999,394.8369381479999,394.8369381479999,394.8369381479999,394.8369381479999,394.8369381479999,394.8369381479999,394.8369381479999,394.8369381479999,394.8369381479999,394.8369381479999,394.836940182,394.836940182,394.836940182,394.836940182,394.836940182,394.836940182,394.836940182,394.836940182,394.836940182,394.836940182,394.836940182,394.836940182,394.9832037659999,394.9832037659999,394.9832037659999,394.9832037659999,394.9832037659999,394.9832037659999,394.9832037659999,394.9832037659999,394.9832037659999,394.9832037659999,394.9832037659999,394.9832051219999,394.9832051219999,395.129472096,395.129472096,395.129472096,395.129472096,395.129472096,395.129472096,395.129472096,395.129472096,395.129472096,395.129472096,395.129472096,395.129472096,395.129472096,395.129472096,395.129472096,395.129472096,395.12947277399996,395.12947277399996,395.12947277399996,395.12947277399996,395.12947277399996,395.12947277399996,395.12947277399996,395.12947277399996,395.12947277399996,395.12947277399996,395.12947277399996,395.12947277399996,395.12947277399996,395.12947277399996,395.12947277399996,395.12947277399996,395.12947277399996,395.12947277399996,395.12947277399996,395.12947480799994,395.12947480799994,395.12947480799994,395.12947480799994,395.12947480799994,395.1294775199999,395.1294775199999,395.1294788759999,395.1294788759999,395.1294788759999,395.1294788759999,395.1294788759999,395.1294788759999,395.1294788759999,395.1294788759999,395.1294788759999,395.1294788759999,395.1294788759999,395.1294788759999,395.1294788759999,395.1294788759999,395.1294788759999,395.1294788759999,395.1294788759999,395.1294788759999,395.1294788759999,395.1294788759999,395.1294788759999,395.1294788759999,395.1294788759999,395.129479554,395.129479554,395.129479554,395.129479554,395.129479554,395.129479554,395.129479554,395.129479554,395.129479554,395.129479554,395.129479554,395.129479554,395.129479554,395.129479554,395.129479554,395.129479554,395.129479554,395.129479554,395.129479554,395.129479554,395.129479554,395.129479554,395.129479554,395.129479554,395.129479554,395.129479554,395.129479554,395.129479554,395.129479554,395.129479554,395.129479554,395.129479554,395.129479554,395.129479554,395.129479554,395.12948023199993,395.12948023199993,395.12948023199993,395.12948023199993,395.12948023199993,395.12948023199993,395.12948023199993,395.12948023199993,395.12948023199993,395.12948023199993,395.12948023199993,395.12948023199993,395.1294829439999,395.1294829439999,395.1294829439999,395.1294829439999,395.1294829439999,395.1294829439999,395.1294829439999,395.1294829439999,395.1294829439999,395.1294829439999,395.1294829439999,395.1294829439999,395.1294829439999,395.1294829439999,395.1294829439999,395.1294829439999,395.1294829439999,395.1294829439999,395.1294829439999,395.1294829439999,395.1294829439999,395.1294829439999,395.1294829439999,395.1294829439999,395.1294829439999,395.1294829439999,395.1294829439999,395.1294829439999,395.1294829439999,395.1294829439999,395.1294829439999,395.1294829439999,395.1294829439999,395.1294829439999,395.1294829439999,395.1294829439999,395.1294829439999,395.1294829439999,395.1294829439999,395.1294829439999,395.1294829439999,395.1294829439999,395.1294829439999,395.1294829439999,395.1294829439999,395.1294829439999,395.1294829439999,395.1294829439999,395.1294829439999,395.1294829439999,395.1294829439999,395.1294829439999,395.1294829439999,395.1294829439999,395.1294829439999,395.1294829439999,395.1294829439999,395.1294829439999,395.1294829439999,395.1294829439999,395.1294829439999,395.1294829439999,395.1294829439999,395.1294829439999,395.1294829439999,395.1294829439999,395.1294829439999,395.1294829439999,395.1294829439999,395.1294829439999,395.1294829439999,395.1294829439999,395.1294829439999,395.1294829439999,395.1294829439999,395.1294829439999,395.1294829439999,395.1294829439999,395.1294829439999,395.1294829439999,395.1294829439999,395.1294829439999,395.1294829439999,395.1294829439999,395.1294829439999,395.1294829439999,395.1294829439999,395.1294829439999,395.1294829439999,395.1294829439999,395.1294829439999,395.1294829439999,395.1294829439999,395.1294829439999,395.1294829439999,395.1294829439999,395.1294829439999,395.1294829439999,395.1294829439999,395.1294829439999,395.1294829439999,395.1294829439999,395.1294829439999,395.1294829439999,395.1294829439999,395.1294829439999,395.1294829439999,395.1294829439999,395.1294829439999,395.129485656,395.129485656,395.129485656,395.129485656,395.129485656,395.129485656,395.129485656,395.129485656,395.129485656,395.129485656,395.129485656,395.129485656,395.129485656,395.129485656,395.129485656,395.129485656,395.129485656,395.129485656,395.129485656,395.129485656,395.129485656,395.129485656,395.129485656,395.129485656,395.129485656,395.129485656,395.129485656,395.129485656,395.129485656,395.129485656,395.129485656,395.129485656,395.129485656,395.129485656,395.129485656,395.129485656,395.129485656,395.129485656,395.129485656,395.129485656,395.129485656,395.129485656,395.129485656,395.129485656,395.129485656,395.129485656,395.129485656,395.129485656,395.129485656,395.129485656,395.129485656,395.129485656,395.129485656,395.129485656,395.129485656,395.129485656,395.129485656,395.129485656,395.129485656,395.129485656,395.129485656,395.129485656,395.129485656,395.129485656,395.129485656,395.129485656,395.129485656,395.129485656,395.129485656,395.129485656,395.129485656,395.129485656,395.129485656,395.129485656,395.129485656,395.129485656,395.129485656,395.129485656,395.129485656,395.129485656,395.129485656,395.129485656,395.129485656,395.129485656,395.129485656,395.129485656,395.129485656
40,280.634447292,298.97163054600003,310.970833188,315.969363102,317.45927691599996,321.55562613,324.20474908799997,325.24829685599997,329.2524340019999,333.06818817,333.985246224,335.19743157599993,337.206449988,338.36668359,340.67452507799993,341.38597149599997,344.15688427199996,344.15688427199996,344.36825280599993,344.36825280599993,344.8336252259999,345.387720726,345.7657260659999,346.66062843599997,346.70436486,346.70436486,347.60357795399995,347.60357795399995,348.13426347,348.534017016,349.15368867599994,349.787550876,349.93901132999997,349.93901132999997,350.443665036,350.71762720799995,350.941523826,351.282435786,351.35588420399995,351.35588420399995,351.80488563599994,352.09186337399996,353.36202993,354.21465357600005,354.524324652,355.24741572,355.933858854,356.210134362,356.57352134399997,357.6658057859999,357.6658057859999,357.6658057859999,357.6658057859999,358.215238002,358.215238002,358.49667783599995,358.49667783599995,359.607679824,359.96634385799996,359.96634385799996,359.96634385799996,359.96634385799996,360.884745708,361.010133672,361.182616872,361.659339012,361.75104258,361.92451905,361.974716136,361.974716136,362.57969757,363.290958216,363.29185114200004,363.81072589800004,363.81736894200003,363.81736894200003,364.792075302,364.792075302,365.338522962,365.338522962,365.338522962,365.861723358,365.96833818,366.0380711579999,366.46018649999996,366.56709218399993,366.56709218399993,366.56709218399993,367.26856522199995,367.26856522199995,367.26856522199995,367.26856522199995,367.26856522199995,367.26856522199995,367.26856522199995,367.382585838,367.382585838,367.387360314,367.91056274400006,367.91056274400006,367.91056274400006,367.91056274400006,367.9418022720001,368.043111744,368.097079866,368.097079866,368.19684282,368.19684282,368.339054676,368.45435739,368.45435739,368.45435739,368.45435739,368.53157209799997,368.53157209799997,368.980354536,369.08697071399996,369.08697071399996,369.08697071399996,369.13006100399997,369.711381594,369.711381594,370.0307128139999,370.0307128139999,370.0307128139999,370.0307128139999,370.0307128139999,370.031618622,370.031618622,370.031618622,370.23271206600003,370.23271206600003,370.453371912,370.453371912,370.517923614,370.517923614,370.517923614,370.517923614,370.6641885539999,370.6641885539999,370.6641885539999,370.67052717599995,371.891245836,372.21145777799995,372.21145777799995,372.280112058,372.3877574400001,372.534024414,372.534024414,372.534024414,372.534024414,372.695346378,372.695346378,372.89152432199995,373.51158583200004,373.51158583200004,373.51158583200004,373.51158583200004,373.51158583200004,373.51158583200004,373.51158583200004,373.614390972,373.87970728799996,373.87970728799996,373.87970728799996,374.06732141399993,374.683062708,375.073063902,375.132205842,375.132205842,375.132205842,375.271825704,375.468005682,375.468005682,375.468005682,375.468005682,375.468005682,375.61426858799996,375.61426858799996,375.867095466,375.867095466,376.0151950739999,376.0151950739999,376.0424696579999,376.144805622,376.144805622,376.144805622,376.144805622,376.144805622,376.144805622,376.144805622,376.711462428,376.711462428,376.711462428,376.711462428,376.711462428,376.72823750400005,376.72823750400005,377.349821802,377.349821802,377.349821802,377.349821802,377.349821802,377.349821802,377.63829588600004,377.78050842000005,377.78050842000005,377.88831584400003,378.084494466,378.280673088,378.280673088,378.280673088,378.53964807000006,378.53964807000006,378.53964807000006,378.53964807000006,378.53964807000006,378.6713536380001,378.6713536380001,378.6713536380001,378.6713536380001,378.728879904,378.728879904,378.90156853800005,378.90156853800005,378.90156853800005,379.16410234200004,379.45411752,379.454118876,379.454118876,379.454118876,379.454118876,379.454120232,379.454120232,379.454120232,379.454120232,379.454120232,379.454120232,379.454120232,379.454120232,379.454120232,379.454120232,379.719434514,379.719434514,379.719434514,379.719434514,379.719434514,379.719434514,379.719437226,379.719437226,380.168440692,380.600670438,380.600670438,380.600670438,380.600670438,380.600670438,380.600670438,380.600670438,380.60423061600005,380.60423061600005,381.0591198,381.20538474000006,381.20538474000006,381.20538474000006,381.20538474000006,381.20538474000006,381.2053854180001,381.2053854180001,381.2053854180001,381.2053854180001,381.2053854180001,381.2053854180001,381.2053854180001,381.493864248,381.493864248,381.493864248,381.493864248,381.493864248,381.762740064,381.762740064,381.762740064,381.762740064,382.10112986400003,382.10112986400003,382.337178954,382.39114572000005,382.590885198,382.7906226420001,383.23962678600003,383.23962678600003,383.38589376000004,383.38589376000004,383.440924986,383.440924986,383.484022734,383.484022734,383.484022734,383.484022734,383.484022734,383.484022734,383.484022734,383.9044173120001,383.9044173120001,383.9044173120001,384.04663391400004,384.046636626,384.046636626,384.0584704380001,384.0584704380001,384.20473673400005,384.6662323500001,385.0086779460001,385.1508891240001,385.43013698400006,385.43013698400006,385.57640260200003,385.57640260200003,385.772581224,385.772581224,385.7725866480001,385.772588682,385.772588682,386.05077343799996,386.05077343799996,386.274992784,386.274992784,386.945533428,386.945533428,386.945533428,386.945533428,386.945533428,386.94553478399996,386.94553478399996,386.94553478399996,386.94553478399996,386.94553478399996,386.94553478399996,386.9741429939999,387.1163568839999,387.40482961199996,388.0257013319999,388.0257013319999,388.0257013319999,388.0257013319999,388.0257013319999,388.0257013319999,388.0257013319999,388.0257013319999,388.0257013319999,388.0257013319999,388.0257013319999,388.0257013319999,388.0257013319999,388.0832296319999,388.0832296319999,388.0832296319999,388.0832296319999,388.0832296319999,388.307446944,388.307446944,388.307446944,388.4537132399999,388.4537132399999,388.4537132399999,388.4537132399999,388.945983276,388.945983276,388.945983276,388.945983276,388.945983276,388.945983276,388.945983276,389.142160542,389.142161898,389.142161898,389.142161898,389.142161898,389.142161898,389.338339842,389.338339842,389.338339842,389.338339842,389.33834052,389.33834052,389.33834052,389.33834052,389.33834052,389.33834052,389.787343308,389.787343308,390.07735848600004,390.07735848600004,390.07736052,390.07736052,390.07736052,390.07736052,390.273538464,390.273538464,390.273538464,390.273538464,390.273538464,390.273538464,390.273538464,390.41980136999996,390.41980136999996,390.41980136999996,390.41980136999996,390.41980136999996,390.41980136999996,390.41980136999996,390.41980136999996,390.56606563199995,390.56606563199995,390.56606563199995,390.56606563199995,390.56606563199995,390.56606563199995,390.56606563199995,390.7123319279999,391.00080940199996,391.00080940199996,391.00080940199996,391.00080940199996,391.00080940199996,391.00080940199996,391.00080940199996,391.00080940199996,391.00080940199996,391.00080940199996,391.14302125800003,391.14302125800003,391.14302125800003,391.14302125800003,391.28928755399994,391.28928755399994,391.28928755399994,391.28928755399994,391.28928755399994,391.28928755399994,391.43149602,391.43149602,391.43149602,391.43149602,391.5777609599999,391.5777609599999,391.57776231599996,391.57776231599996,391.57776231599996,391.57776231599996,391.57776434999994,391.57776434999994,391.5777677399999,391.5777677399999,391.5777677399999,391.5777677399999,391.5777677399999,391.577768418,391.577768418,391.577768418,391.7240347139999,391.7240347139999,391.72403742599994,391.72403742599994,391.72403742599994,391.72403742599994,391.72403742599994,391.72403742599994,391.72403742599994,391.72403742599994,391.72403742599994,391.72403742599994,391.7240401379999,391.7240401379999,391.8703071119999,391.8703071119999,391.8703071119999,391.8703071119999,391.8703071119999,391.8703071119999,392.01657340799994,392.15878661999994,392.15878661999994,392.15878661999994,392.15878661999994,392.15878661999994,392.15878729800005,392.15878933199997,392.15878933199997,392.15878933199997,392.15878933199997,392.15878933199997,392.15878933199997,392.15878933199997,392.305054272,392.44726545,392.44726545,392.44726545,392.44726545,392.44726545,392.44726545,392.44726545,392.44726545,392.44726545,392.593531746,392.73979804199996,392.73979804199996,392.73979804199996,392.73979804199996,392.73979804199996,392.73979804199996,392.73979804199996,392.73979804199996,392.886062982,392.886062982,392.886062982,392.886062982,392.886062982,393.03232995599996,393.03232995599996,393.03232995599996,393.03232995599996,393.178596252,393.178596252,393.178598964,393.178598964,393.178598964,393.178598964,393.178598964,393.32486119199996,393.32486119199996,393.32486186999995,393.471126132,393.471128166,393.471128166,393.471128166,393.471128166,393.471128166,393.471128166,393.471128166,393.47112952200007,393.617394462,393.617394462,393.61739514,393.61739514,393.617397852,393.617397852,393.617397852,393.76366075799996,393.76366075799996,393.76366075799996,393.76366075799996,393.76366075799996,394.056185892,394.056185892,394.056185892,394.056185892,394.056185892,394.056185892,394.20245218799994,394.20245218799994,394.20245218799994,394.20245218799994,394.20245218799994,394.20245218799994,394.20245218799994,394.20245218799994,394.2024535439999,394.2024535439999,394.2024535439999,394.2024535439999,394.2024535439999,394.2024535439999,394.259981844,394.259981844,394.259981844,394.259981844,394.259981844,394.259981844,394.259981844,394.259981844,394.259981844,394.259981844,394.259981844,394.259981844,394.259981844,394.259981844,394.259981844,394.25998319999997,394.25998387799996,394.25998387799996,394.25998387799996,394.25998387799996,394.25998387799996,394.25998387799996,394.25998387799996,394.259984556,394.406252208,394.406252208,394.406252208,394.406252208,394.406252208,394.406252208,394.406252208,394.406252208,394.40625492,394.4062555979999,394.4062555979999,394.4062555979999,394.548464742,394.548464742,394.5484654199999,394.5484654199999,394.5484654199999,394.5484654199999,394.5484654199999,394.5484654199999,394.5484654199999,394.5484654199999,394.5484654199999,394.5484654199999,394.5484654199999,394.5484654199999,394.69473035999994,394.69473035999994,394.69473035999994,394.69473035999994,394.69473035999994,394.69473035999994,394.69473035999994,394.69473103799993,394.69473103799993,394.69473103799993,394.69473103799993,394.69473103799993,394.69473103799993,394.69473103799993,394.69473103799993,394.69473239399997,394.69473239399997,394.69473239399997,394.69473239399997,394.69473239399997,394.69473239399997,394.69473239399997,394.69473239399997,394.69473239399997,394.69473239399997,394.69473239399997,394.69473239399997,394.69473239399997,394.69473239399997,394.69473239399997,394.84100207999995,394.84100207999995,394.84100207999995,394.84100207999995,394.84100207999995,394.84100207999995,394.84100207999995,394.84100207999995,394.84100207999995,394.84100207999995,394.84100207999995,394.84100275799995,394.84100275799995,394.84100275799995,394.84100275799995,394.84100275799995,394.84100275799995,394.84100275799995,394.84100275799995,394.84100275799995,394.84100275799995,394.84100275799995,394.84100275799995,394.84100275799995,394.84100275799995,394.84100275799995,394.84100275799995,394.84100275799995,394.84100275799995,394.84100275799995,394.84100275799995,394.84100275799995,394.84100275799995,394.84100275799995,394.84100275799995,394.84100547,394.84100547,394.98321596999995,394.98321596999995,394.98321596999995,394.98321596999995,394.98321596999995,394.98321596999995,394.98321868200003,394.98321868200003,394.98321868200003,394.98321868200003,394.98321936,394.983220038,395.125430538,395.125430538,395.125430538,395.125430538,395.125430538,395.125430538,395.125430538,395.125430538,395.125430538,395.125430538,395.125430538,395.125430538,395.125430538,395.125430538,395.125430538,395.125430538,395.125430538,395.125430538,395.125431216,395.125431216,395.125431216,395.125431216,395.125431216,395.125431216,395.125431216,395.125431216,395.125431216,395.125431216,395.125431216,395.125431216,395.125431216,395.125431216,395.125431216,395.125431216,395.125431216,395.125431216,395.125431216,395.125431216,395.125431216,395.125431216,395.125431216,395.125431216,395.125431216,395.125431216,395.125431216,395.125431216,395.125431216,395.125431216,395.125431216,395.125431216,395.125431216,395.125431216,395.125431216,395.125431216,395.125431216,395.125431216,395.125431216,395.125431216,395.125431216,395.125431216,395.125431216,395.125431216,395.125431216,395.125431216,395.125431216,395.125431216,395.125431216,395.125431216,395.125431216,395.125431216,395.125431216,395.125431216,395.125431216,395.27169615599996,395.27169615599996,395.27169615599996,395.27169615599996,395.27169615599996,395.27169615599996,395.27169615599996,395.27169615599996,395.27169615599996,395.27169615599996,395.27169615599996,395.27169615599996,395.27169615599996,395.27169615599996,395.27169615599996,395.27169886799993,395.27169886799993,395.27169886799993,395.27169886799993,395.27169886799993,395.27169886799993,395.27169886799993,395.27169886799993,395.27169886799993,395.27169886799993,395.2716995459999,395.2716995459999,395.2716995459999,395.2716995459999,395.2716995459999,395.2716995459999,395.2716995459999,395.2716995459999,395.2716995459999,395.2716995459999,395.2716995459999,395.2716995459999,395.2716995459999,395.2716995459999,395.2716995459999,395.2716995459999,395.2716995459999,395.2716995459999,395.2716995459999,395.2716995459999,395.2716995459999,395.2717002239999,395.2717002239999,395.2717002239999,395.2717002239999,395.2717002239999,395.2717002239999,395.2717002239999,395.2717002239999,395.2717002239999,395.2717002239999,395.2717002239999,395.2717002239999,395.2717002239999,395.2717002239999,395.2717002239999,395.2717002239999,395.2717002239999,395.2717002239999,395.2717002239999,395.2717002239999,395.2717002239999,395.2717002239999,395.2717002239999,395.2717002239999,395.2717002239999,395.2717002239999,395.2717002239999,395.2717002239999,395.2717002239999,395.2717002239999,395.2717002239999,395.2717002239999,395.2717002239999,395.2717002239999,395.2717002239999,395.2717002239999,395.2717002239999,395.2717002239999,395.2717002239999,395.2717002239999,395.2717002239999,395.2717002239999,395.2717002239999,395.2717002239999,395.2717002239999,395.2717002239999,395.2717002239999,395.2717002239999,395.2717002239999,395.2717002239999,395.2717002239999,395.2717002239999,395.2717002239999,395.2717002239999,395.2717002239999,395.2717002239999,395.2717002239999,395.2717002239999,395.2717002239999,395.2717002239999,395.2717002239999,395.2717002239999,395.2717002239999,395.2717002239999,395.2717002239999,395.2717002239999,395.2717002239999,395.2717002239999,395.2717002239999,395.2717002239999,395.2717002239999,395.27170090199996,395.27170090199996,395.27170090199996,395.27170090199996,395.27170090199996,395.27170090199996,395.27170090199996,395.27170090199996,395.27170090199996,395.27170090199996,395.27170090199996,395.27170090199996,395.27170090199996,395.27170090199996,395.27170090199996,395.27170090199996,395.27170090199996,395.27170090199996,395.27170090199996,395.27170090199996,395.27170090199996,395.27170090199996,395.27170090199996,395.27170090199996,395.27170090199996,395.27170090199996,395.27170090199996,395.27170090199996,395.27170090199996,395.27170090199996,395.27170090199996,395.27170090199996,395.27170090199996,395.27170090199996,395.27170090199996,395.27170090199996,395.27170090199996,395.27170090199996,395.27170090199996,395.27170090199996,395.27170090199996,395.27170090199996,395.27170090199996,395.27170090199996,395.27170090199996,395.27170090199996,395.27170090199996,395.27170090199996,395.27170090199996,395.27170090199996,395.27170090199996,395.27170090199996,395.27170090199996,395.27170090199996,395.27170090199996,395.27170090199996,395.27170090199996,395.27170157999996,395.27170157999996,395.27170157999996,395.27170157999996,395.27170157999996,395.27170157999996,395.27170157999996,395.27170157999996,395.27170157999996,395.27170157999996,395.27170157999996,395.27170157999996,395.27170225799995,395.27170225799995,395.27170225799995,395.27170225799995,395.27170225799995,395.27170225799995,395.27170225799995,395.27170225799995,395.27170225799995,395.27170225799995,395.27170225799995,395.27170225799995,395.417967198,395.417967198,395.417967198,395.417967198,395.417967198,395.417967198,395.417967198,395.417967198,395.417967198,395.417967198,395.417967198,395.417967198,395.417967198,395.417967198,395.417967198,395.417967198,395.417967198,395.417967198,395.417967198,395.417967198,395.417967198,395.417967198,395.417967198,395.4179678759999,395.4179678759999,395.4179678759999,395.4179678759999,395.4179678759999
41,272.428163778,294.66588374400004,301.39917632400005,312.63540522600005,316.155116118,321.042282498,324.631414488,326.33937581400005,327.354835398,330.324971016,331.19459619,333.378006372,335.20378579199996,336.223521522,336.865853976,337.40243877,338.479269558,339.301686948,340.720287366,341.34659867999994,342.88212630000004,343.309884636,344.324611302,346.65898496399996,347.07104692200005,347.07104692200005,347.78627454599996,349.233597078,349.460938614,350.41447035600004,351.37781547,351.514489422,352.85748402599995,353.78065221599996,354.13695748799995,354.13695748799995,354.1369602,354.1369602,354.153393564,354.772434006,355.59024913200005,355.59024913200005,355.66247986199994,355.935118578,356.378630922,357.008590554,357.55503821400004,358.46506472999994,358.46506472999994,358.891229088,359.05884085800005,359.05884085800005,359.05884085800005,359.05884085800005,360.70099347,360.70099347,361.43965752,362.04611699400004,362.66186100000004,363.212527176,363.35841582600005,363.41545054200003,363.85506303,363.85506303,364.38257008200003,364.38257008200003,364.68936033600005,364.786634352,364.786634352,364.97562075,365.07629629200005,365.07629629200005,365.07629629200005,365.2870302180001,365.427503004,365.427503004,365.66063805000005,365.66063805000005,366.257739768,366.257739768,366.62660363400005,366.62660363400005,366.62660363400005,366.62660363400005,366.62660363400005,366.62660363400005,366.85802876400004,366.98175562800003,366.98175562800003,366.98175562800003,366.98175562800003,366.98175562800003,366.98175562800003,367.14197313000005,367.14197313000005,367.743924582,367.948625664,367.948625664,367.948625664,367.948625664,368.100962094,368.100962094,368.100962094,368.100962094,368.100962094,368.100962094,368.100962094,368.34795003600004,368.34795003600004,368.34795003600004,368.34795003600004,368.34795003600004,368.34795003600004,368.92064646599994,368.92064646599994,369.396073626,369.396073626,369.396073626,369.396073626,369.396073626,369.8880528,369.915977586,369.969940962,369.969940962,370.0191725760001,370.0191725760001,370.62415401,370.77358453200003,370.77358453200003,370.77358453200003,370.77358453200003,370.77358453200003,371.19875155200003,371.341360716,371.341360716,371.341360716,371.936630478,371.94916330800004,372.00821846400004,372.00821846400004,372.00821846400004,372.00821846400004,372.14784036000003,372.14784036000003,372.41159524200003,372.46662443400004,372.482674728,372.482674728,372.48623694,372.48623694,372.48623694,372.4970062920001,372.4970062920001,372.78702350400005,373.21751011200007,373.6072265460001,373.6072265460001,373.8314425020001,373.8314425020001,373.8314425020001,374.251839114,374.251839114,375.46159790400003,375.46159790400003,375.69408885000007,375.9673879380001,375.9673879380001,375.9673879380001,375.9792197160001,375.9792197160001,376.229144076,376.229144076,376.337487798,376.337487798,377.2990145160001,377.2990145160001,377.2990145160001,377.2990145160001,377.7577262640001,378.4562493240001,378.5472226860001,378.5472226860001,378.5472226860001,378.5472226860001,378.80975920200007,378.80975920200007,378.95197105800014,379.38419877000007,379.38419877000007,379.84291051800005,379.84291051800005,379.8968779620001,379.89688135200004,379.96213003800005,379.96213003800005,380.5397921400001,380.5397921400001,380.5397921400001,380.5397921400001,380.5397921400001,380.5397921400001,380.5397921400001,380.5397921400001,380.5397921400001,380.5397921400001,380.5397921400001,381.0048445440001,381.0048445440001,381.273718326,381.273718326,381.273718326,381.64670917800004,381.64670917800004,381.64670917800004,381.64670917800004,381.64670917800004,381.64670917800004,381.92489461200006,381.92489461200006,382.38994837200005,382.5861269940001,382.5861269940001,382.5861269940001,382.5861269940001,382.72833885000006,382.72833885000006,382.8746051460001,383.3068321800001,383.3068321800001,383.3068321800001,383.5030080900001,383.92340199000006,383.92340199000006,383.92340199000006,383.92340199000006,383.92340199000006,384.119582646,384.119582646,384.119582646,384.119582646,384.315761946,384.5518090020001,384.5518090020001,384.6057778020001,384.6057778020001,384.6057778020001,384.6057778020001,384.6057778020001,384.74799237,385.51000335000003,385.51000335000003,385.51000335000003,385.51000335000003,385.51000335000003,385.51000335000003,385.510006062,385.510006062,385.6562716800001,385.6562716800001,385.6562716800001,385.7984815020001,385.7984815020001,385.7984815020001,385.7984815020001,385.7984815020001,385.7984815020001,385.7984815020001,385.7984815020001,385.7984815020001,385.7984815020001,385.944749154,385.944749154,385.944749154,385.944751866,385.944751866,385.944751866,385.944751866,385.944753222,385.944753222,385.944753222,385.944753222,385.944753222,385.944753222,385.944753222,385.944753222,385.944753222,385.944753222,386.09101951800005,386.2372851360001,386.2372851360001,386.44107634200003,386.44107634200003,386.44107634200003,386.58328480800003,386.58328480800003,386.58328480800003,386.58328480800003,386.7794627520001,387.228468252,387.3706801080001,387.3706801080001,387.3706801080001,387.51694301400005,387.51694301400005,387.51694301400005,387.8593879320001,388.00565083800007,388.00565083800007,388.00565083800007,388.00565219400005,388.00565219400005,388.00565219400005,388.00565219400005,388.00565219400005,388.00565219400005,388.00565219400005,388.1478620160001,388.294126278,388.294126278,388.294126278,388.294126278,388.294126278,388.44039121800006,388.58260510800005,388.7288714040001,388.7288714040001,388.7288714040001,388.7288714040001,388.7288714040001,388.7288714040001,388.87107987,389.017342776,389.017342776,389.16361178400007,389.16361178400007,389.16361178400007,389.16361178400007,389.16361178400007,389.16361178400007,389.16361178400007,389.16361178400007,389.16361178400007,389.45614030800004,389.45614030800004,389.45614030800004,389.45614030800004,389.45614030800004,389.7446130360001,389.89087865400006,389.89087865400006,389.89087865400006,390.03309322200005,390.03309322200005,390.03309322200005,390.03309661200007,390.32157408600006,390.32157408600006,390.32157408600006,390.32157408600006,390.32157408600006,390.32157408600006,390.32157544200004,390.32157544200004,390.32157544200004,390.32157544200004,390.6100468140001,390.6100468140001,390.6100468140001,390.75631311000006,390.75631311000006,390.75631582200003,390.75631582200003,390.75631582200003,390.7563165,390.7563165,390.7563165,390.7563165,390.7563165,390.7563165,390.7563165,390.7563219240001,390.7563219240001,390.7563219240001,390.8985303900001,391.04479465200006,391.04479465200006,391.04479465200006,391.04479465200006,391.04479465200006,391.09982655600004,391.099829946,391.099829946,391.099829946,391.099829946,391.099829946,391.09983062400005,391.09983062400005,391.09983062400005,391.09983062400005,391.09983062400005,391.09983062400005,391.09983062400005,391.09983062400005,391.09983062400005,391.09983062400005,391.099832658,391.099832658,391.099832658,391.099832658,391.099832658,391.099832658,391.099832658,391.099832658,391.099832658,391.099833336,391.099833336,391.099833336,391.099833336,391.099833336,391.099833336,391.099833336,391.099833336,391.099833336,391.24609827600005,391.24609827600005,391.24609827600005,391.24609827600005,391.388310132,391.388310132,391.388310132,391.534574394,391.534574394,391.680841368,391.680841368,391.82710563,391.82710630800005,391.82710630800005,391.82710630800005,391.82710630800005,391.82710630800005,391.82710630800005,391.82710630800005,391.8271096980001,391.8271096980001,391.8271096980001,391.8271096980001,391.8271096980001,391.8271096980001,391.82711173200005,391.82711173200005,391.82711308800003,391.82711308800003,391.82711376600014,391.82711376600014,391.82711376600014,391.82711376600014,391.82711376600014,391.97337802800007,391.97337802800007,391.97337802800007,391.97337802800007,391.97337802800007,391.97337802800007,391.97337802800007,391.97337802800007,391.97337802800007,391.97337802800007,391.97337802800007,391.97337802800007,391.97337802800007,392.1196409340001,392.1196429680001,392.2618514340001,392.2618514340001,392.2618514340001,392.2618514340001,392.2618514340001,392.2618514340001,392.2618514340001,392.2618514340001,392.2618514340001,392.2618514340001,392.2618514340001,392.2618514340001,392.2618514340001,392.4081211200001,392.4081211200001,392.4081211200001,392.4081211200001,392.4081211200001,392.4081217980001,392.4081224760001,392.4081224760001,392.4081224760001,392.4081224760001,392.4081224760001,392.40812518800004,392.40812518800004,392.40812518800004,392.40812518800004,392.40812518800004,392.40812518800004,392.40812518800004,392.40812518800004,392.40812518800004,392.40812518800004,392.40812518800004,392.40812518800004,392.40812518800004,392.40812518800004,392.55439148400006,392.69660334,392.69660334,392.69660334,392.69660334,392.69660334,392.69660334,392.69660334,392.69660334,392.69660334,392.69660334,392.69660334,392.69660334,392.69660334,392.69660334,392.6966040180001,392.6966040180001,392.6966040180001,392.6966040180001,392.696604696,392.696604696,392.696604696,392.696604696,392.696604696,392.696604696,392.696604696,392.696604696,392.696604696,392.696604696,392.696604696,392.696604696,392.696604696,392.696604696,392.696604696,392.696604696,392.696608086,392.696608086,392.696608086,392.696608086,392.696608086,392.696608086,392.696608086,392.842873026,392.842873026,392.842873026,392.842873026,392.842873026,392.842873026,392.842873026,392.842873026,392.842873026,392.842873026,392.842873026,392.842873026,392.842873026,392.842873026,392.989135932,392.989135932,392.989135932,392.989135932,393.135404262,393.135405618,393.28167055800003,393.28167055800003,393.28167055800003,393.28167055800003,393.28167055800003,393.28167055800003,393.28167055800003,393.281671236,393.281671236,393.281671236,393.281671236,393.281671236,393.281671236,393.281671236,393.281671236,393.28167462600004,393.28167462600004,393.42794160000005,393.42794160000005,393.42794160000005,393.42794227800005,393.42794227800005,393.42794295600004,393.42794295600004,393.427945668,393.427945668,393.427945668,393.427945668,393.427945668,393.427945668,393.427945668,393.427945668,393.427945668,393.427945668,393.427945668,393.427945668,393.427945668,393.427945668,393.427945668,393.427945668,393.427945668,393.427945668,393.427945668,393.427945668,393.427945668,393.427945668,393.427945668,393.427945668,393.427946346,393.427946346,393.427946346,393.427946346,393.427946346,393.427946346,393.427946346,393.427946346,393.427946346,393.427946346,393.427946346,393.427946346,393.427946346,393.427946346,393.427946346,393.574211286,393.6317361960001,393.6317361960001,393.6317361960001,393.6317361960001,393.6317361960001,393.6317361960001,393.6317361960001,393.6317361960001,393.6317361960001,393.6317361960001,393.6317361960001,393.6317361960001,393.6317361960001,393.6317361960001,393.6317361960001,393.6317361960001,393.6317361960001,393.6317361960001,393.6317361960001,393.6317361960001,393.6317361960001,393.6317361960001,393.6317361960001,393.6317361960001,393.6317361960001,393.6317361960001,393.6317361960001,393.6317361960001,393.63173687400007,393.63173687400007,393.63173687400007,393.63173687400007,393.63173687400007,393.63173687400007,393.63173687400007,393.63173687400007,393.63173687400007,393.63173687400007,393.63173687400007,393.63173687400007,393.63173687400007,393.63173687400007,393.63173687400007,393.63173687400007,393.63173687400007,393.63173687400007,393.63173687400007,393.63173687400007,393.63173687400007,393.63173687400007,393.63173687400007,393.63173687400007,393.63173687400007,393.63173687400007,393.63173687400007,393.63173687400007,393.63173687400007,393.63173687400007,393.63173687400007,393.63173687400007,393.63173687400007,393.63173687400007,393.63173687400007,393.63173687400007,393.63173687400007,393.63173687400007,393.63173687400007,393.63173687400007,393.63173687400007,393.77800317000003,393.77800317000003,393.77800317000003,393.77800317000003,393.77800317000003,393.77800317000003,393.77800317000003,393.77800317000003,393.778003848,393.778003848,393.778003848,393.778003848,393.778003848,393.778003848,393.778003848,393.778003848,393.778003848,393.778003848,393.778003848,393.778003848,393.778003848,393.778003848,393.778003848,393.920215704,393.920215704,393.920215704,393.92021705999997,393.92021705999997,393.92021705999997,393.92021705999997,393.92021705999997,393.920217738,393.920217738,393.920217738,393.920217738,393.920218416,393.920218416,393.920218416,393.920218416,393.920218416,393.920218416,393.920218416,393.920218416,393.920218416,393.920218416,393.920218416,393.920218416,393.920218416,393.920218416,393.920218416,393.920218416,393.920218416,393.920218416,393.920218416,393.920218416,393.920218416,393.920218416,393.920218416,393.920218416,393.920218416,393.920218416,393.920218416,393.920218416,393.920218416,393.920218416,393.920218416,393.920218416,393.92022248399996,393.92022316199996,393.92022316199996,393.92022316199996,393.92022316199996,393.92022316199996,393.92022316199996,393.92022316199996,393.92022519599993,393.92022519599993,393.92022519599993,393.92022519599993,393.92022519599993,393.92022519599993,393.92022519599993,393.92022519599993,393.92022519599993,393.92022519599993,393.92022519599993,393.92022519599993,393.92022519599993,393.92022519599993,393.9202258739999,393.9202258739999,394.14444182999995,394.14444182999995,394.14444182999995,394.14444182999995,394.14444182999995,394.14444182999995,394.14444182999995,394.14444182999995,394.14444182999995,394.14444182999995,394.14444182999995,394.14444182999995,394.14444182999995,394.14444182999995,394.144443864,394.144443864,394.144443864,394.144443864,394.144443864,394.144443864,394.144443864,394.144443864,394.144443864,394.144443864,394.144443864,394.3406224859999,394.3406224859999,394.3406224859999,394.540362642,394.540362642,394.540362642,394.540362642,394.540362642,394.540362642,394.54036535399996,394.54036535399996,394.54036535399996,394.54036535399996,394.54036535399996,394.54036535399996,394.54036738799994,394.54036738799994,394.54036738799994,394.54036738799994,394.5403680659999,394.5403680659999,394.5403680659999,394.5403680659999,394.5403680659999,394.5403680659999,394.5403680659999,394.5403680659999,394.5403687439999,394.5403687439999,394.5403687439999,394.5403694219999,394.5403694219999,394.5403694219999,394.5403694219999,394.5403694219999,394.5403694219999,394.5403694219999,394.5403694219999,394.540372812,394.540372812,394.540372812,394.540372812,394.540372812,394.540372812,394.540372812,394.540372812,394.540372812,394.540372812,394.540372812,394.540372812,394.68663368399996,394.68663368399996,394.68663368399996,394.68663368399996,394.68663368399996,394.68663368399996,394.68663368399996,394.68663368399996,394.68663368399996,394.68663368399996,394.68663368399996,394.68663368399996,394.68663368399996,394.68663368399996,394.68663368399996,394.68663368399996,394.68663368399996,394.68663368399996,394.68663368399996,394.68663368399996,394.68663368399996,394.68663368399996,394.68663368399996,394.68663368399996,394.68663368399996,394.68663368399996,394.68663368399996,394.68663368399996,394.68663775199997,394.68663775199997,394.68663775199997,394.68663775199997,394.68663775199997,394.68663775199997,394.68663775199997,394.68663775199997,394.68663775199997,394.68663775199997,394.68663775199997,394.68663775199997,394.68663775199997,394.68663775199997,394.68663775199997,394.68663775199997,394.68663775199997,394.68663775199997,394.68663775199997,394.68663775199997,394.68663775199997,394.832904726,394.832904726,394.832904726,394.832904726,394.832904726,394.832904726,394.832904726,394.832904726,394.832904726,394.832904726,394.832904726,394.832904726,394.832904726,394.832904726,394.832904726,394.832904726,394.832904726,394.832904726,394.832904726,394.832904726,394.832904726,394.832904726,394.832904726,394.832904726,394.8329054039999,394.8329054039999,394.8329054039999,394.8329054039999,394.8329054039999,394.8329054039999,394.8329054039999,394.8329054039999,394.8329054039999,394.8329054039999,394.8329054039999,394.8329054039999,394.8329054039999,394.8329054039999,394.8329054039999,394.8329054039999,394.8329054039999,394.8329054039999,394.8329054039999,394.8329054039999,394.8329054039999,394.8329054039999,394.8329054039999,394.8329054039999,394.8329054039999,394.8329054039999,394.8329054039999,394.8329054039999,394.8329054039999,394.8329054039999,394.97917237799993,394.97917237799993,394.97917237799993,394.97917237799993,394.97917237799993,394.97917237799993,394.97917237799993,394.97917237799993,394.97917237799993,394.97917237799993,394.97917237799993,394.97917237799993,394.97917237799993,394.97917237799993,394.97917237799993,394.97917237799993,394.97917237799993,394.97917237799993,394.97917237799993,394.97917237799993,394.97917237799993,394.97917237799993,394.97917237799993,394.97917237799993,394.97917237799993,394.97917237799993
42,269.282135298,287.703755994,303.17385963,311.19981751800003,320.09289875999997,324.008973198,327.892599912,328.556889396,329.965705596,333.82812175800007,335.086882998,337.24616655,338.257449654,339.295170012,340.671970374,340.95539810400004,341.032820958,342.848816838,343.42493445599996,346.154763822,346.76149924200007,347.11981275,347.872913454,348.31486775400003,348.51874032,350.12285780999997,352.268871546,353.6336808,354.33146416200003,354.831060666,356.17133445600007,356.87422926,356.87422926,356.87422926,356.87422926,356.87422926,356.87422926,357.840770466,358.093595988,358.97150971199994,358.97150971199994,359.15756240400003,359.15756240400003,359.15756240400003,359.15756240400003,359.15756240400003,359.15756240400003,359.64016009200003,360.006095676,360.458017932,360.902622534,360.902622534,360.902622534,362.063945004,362.063945004,362.063945004,362.480487864,362.480487864,362.52283710000006,362.52283710000006,363.1869889500001,363.2842629660001,363.5736984540001,363.5736984540001,363.5736984540001,363.83080825800005,363.83080825800005,363.83080825800005,363.83080825800005,363.83080825800005,363.83080825800005,363.83080825800005,363.83080825800005,363.9550443,363.9550443,363.9550443,363.9550443,364.09726090199996,364.09726090199996,364.09726090199996,364.09726090199996,364.80098218800003,364.80098218800003,364.8443091,364.8443091,364.8443091,364.8443091,364.8443091,365.103842076,365.103842076,365.22017060400003,365.22017060400003,365.237973528,365.237973528,365.237973528,365.351959566,365.351959566,365.351959566,365.351959566,365.637917592,365.6561530799999,365.6561530799999,365.6561530799999,365.6561530799999,365.6561530799999,365.6561530799999,365.6561530799999,365.6561530799999,365.93540093999997,366.481846566,366.94216381800004,366.94216381800004,366.94216381800004,366.94216381800004,366.94216381800004,367.463457,367.463457,367.57134103799996,367.587448284,367.587448284,367.60422132599996,368.32248706800004,368.32248706800004,368.76266094000005,368.76266094000005,368.76266094000005,368.804309124,368.84262629399996,368.8713545100001,368.8713545100001,369.27783720599996,369.27783720599996,369.84449943600004,369.9907623420001,369.9907623420001,370.10544332999996,370.434592668,370.434592668,370.434592668,370.434592668,370.434592668,370.45064296199996,370.88112957000004,370.88112957000004,370.88112957000004,370.88112957000004,370.88112957000004,370.88112957000004,370.88112957000004,370.88112957000004,371.09848281,371.13680269200006,371.20979956200006,371.20979956200006,371.20979956200006,371.51659252800005,371.6628574680001,371.6628574680001,371.6628574680001,371.695681482,371.837894016,372.75463951200004,372.75463951200004,373.0171753500001,373.0171753500001,373.0171753500001,373.02900984000007,373.16951245800004,373.16951245800004,373.16951245800004,373.16951245800004,373.227040758,373.227040758,373.227040758,373.57102677,373.5710281260001,373.98788625599997,373.98788625599997,373.98788625599997,374.1688112340001,374.2985709420001,374.3560951740001,374.93451189000007,374.93451189000007,374.93451189000007,374.93451189000007,375.2729016900001,375.79700586000007,375.94278128400003,376.40149438800006,376.40149438800006,376.40149438800006,376.60123183200005,376.60123183200005,376.60123183200005,376.60123183200005,377.499299106,377.499299106,377.499299106,377.499299106,377.499299106,377.499299106,377.499299106,377.499299106,378.16876579800004,378.63381888000004,378.742161924,378.96281770200005,378.96281770200005,378.96281770200005,378.9628197360001,378.9628197360001,378.96282244800005,378.96282244800005,379.10908535400006,379.363322472,379.363322472,379.363322472,379.363322472,379.599370884,379.599370884,379.599370884,379.599370884,380.05847994000004,380.05847994000004,380.05847994000004,380.05847994000004,380.05847994000004,380.05847994000004,380.1124494180001,380.40092079000004,380.40092079000004,380.40092079000004,380.7735082320001,380.7735082320001,380.91977452800006,380.91977452800006,380.973741294,381.115952472,381.115952472,381.115952472,381.11595450600004,381.11595450600004,381.11595450600004,381.11595450600004,381.115955862,381.115955862,381.11595654000007,381.11595654000007,381.83666172600005,381.83666172600005,381.96429048,381.96429048,382.20033753600006,382.20033753600006,382.34660247600004,382.34660247600004,382.34660247600004,382.34660247600004,382.624787232,382.820965854,382.82096788800004,382.82096788800004,383.3876267280001,383.3876267280001,383.3876267280001,383.3876267280001,383.3876267280001,383.3876267280001,383.53389302400006,383.9162077320001,384.06247402800005,384.2046852060001,384.42890048400005,385.007393136,385.007393136,385.007393136,385.007393814,385.20713397,385.54957685400007,385.54957685400007,385.54957685400007,385.54957685400007,385.54957685400007,385.54957685400007,385.54957753200006,385.785628656,385.93189156200003,386.078157858,386.078157858,386.078157858,386.078157858,386.078157858,386.35634058000005,386.35634058000005,386.35634058000005,386.35634058000005,386.35634058000005,386.55251852400005,386.55252055799997,386.55252055799997,386.698785498,386.698785498,386.698785498,386.698785498,386.698785498,386.698785498,386.894963442,386.8949654760001,386.8949654760001,387.041229738,387.041231772,387.23740903800007,387.23740903800007,387.23740903800007,387.23740903800007,387.23741039400005,387.23741039400005,387.23741175000004,387.23741175000004,387.23741175000004,387.23741175000004,387.23741175000004,387.23741175000004,387.23741175000004,387.23741175000004,387.37962496200004,387.37962496200004,387.37962496200004,387.525888546,387.525888546,387.52589058000007,387.574973034,387.574973034,387.57918748200007,387.57919087199997,387.57919087199997,387.57919087199997,387.57919087199997,387.57919087199997,387.57919087199997,387.57919087199997,387.57919087199997,387.775368138,387.975105582,387.975105582,387.975105582,387.975105582,387.975105582,387.975105582,387.975105582,387.975105582,387.975105582,387.97510761599995,387.97510761599995,387.97510761599995,388.541771202,388.541771202,388.58408653799995,388.58408653799995,389.15681686799996,389.161242852,389.161242852,389.161242852,389.161242852,389.161242852,389.161242852,389.161242852,389.161242852,389.215210296,389.215210296,389.215210974,389.215210974,389.215210974,389.215210974,389.215210974,389.215210974,389.215210974,389.215210974,389.215210974,389.215210974,389.21521233,389.21521233,389.21521233,389.36147523600005,389.36147523600005,389.36147523600005,389.36147523600005,389.36147523600005,389.36147523600005,389.538185766,389.538185766,389.596334436,389.596334436,389.596334436,389.596334436,389.742599376,389.742599376,389.742599376,389.742599376,389.742599376,389.742599376,389.742599376,389.742599376,389.742599376,389.742599376,389.742599376,389.88886228200005,389.88886228200005,389.88886228200005,389.88886228200005,389.88886228200005,389.88886228200005,389.88886228200005,389.88886228200005,390.03107413799995,390.03107413799995,390.03107413799995,390.03107413799995,390.03107413799995,390.17328396,390.17328396,390.17328396,390.17328396,390.17328396,390.36420537,390.36420537,390.36420875999994,390.51047166599994,390.65268487799995,390.65268487799995,390.652685556,390.6526889459999,390.6526889459999,390.6526889459999,390.6526889459999,390.6526889459999,390.6526889459999,390.652692336,390.652692336,390.652692336,390.652692336,390.652692336,390.798957276,390.815005536,390.96127183199997,390.96127183199997,390.96127183199997,391.10754084,391.5957571139999,391.5957571139999,391.5957571139999,391.5957571139999,391.7919357359999,391.7919357359999,391.7919357359999,391.7919357359999,392.01615237,392.01615237,392.01615237,392.01615237,392.01615237,392.01615237,392.016153048,392.016153048,392.16241730999997,392.17919103,392.17919103,392.17919103,392.17919103,392.32545800400004,392.32545800400004,392.32545800400004,392.32545800400004,392.325458682,392.76174286799994,392.76174286799994,392.908007808,392.908007808,392.908007808,392.908007808,392.908007808,392.908007808,392.908007808,393.250449336,393.250450014,393.250450014,393.250450014,393.250450014,393.250450014,393.25045137,393.25045137,393.25045137,393.25045137,393.25045137,393.25045137,393.25045137,393.25045137,393.39671359799996,393.39671359799996,393.396714954,393.396714954,393.396714954,393.396714954,393.396714954,393.396714954,393.396714954,393.396717666,393.396717666,393.542983284,393.542983284,393.542985318,393.542985318,393.542985318,393.542985318,393.542985318,393.54298599599997,393.54298667399996,393.54298667399996,393.54298667399996,393.54298667399996,393.54298667399996,393.54298667399996,393.54298667399996,393.54298667399996,393.54298667399996,393.54298667399996,393.54298667399996,393.54298667399996,393.68925636,393.68925636,393.68925636,393.689258394,393.689261106,393.689263818,393.689263818,393.689263818,393.689263818,393.689263818,393.689264496,393.689264496,393.689264496,393.689264496,393.689264496,393.689264496,393.689264496,393.689264496,393.835530792,393.835530792,393.835530792,393.981797766,393.981797766,393.981797766,394.12806473999996,394.12806473999996,394.12806473999996,394.128067452,394.128067452,394.128067452,394.128067452,394.128067452,394.128067452,394.128067452,394.128067452,394.128067452,394.128067452,394.12806813,394.12806813,394.12806813,394.12806813,394.12807084199994,394.12807084199994,394.35228951000005,394.35228951000005,394.35228951000005,394.35228951000005,394.35228951000005,394.35228951000005,394.35228951000005,394.35228951000005,394.35228951000005,394.35229154399997,394.35229154399997,394.35229154399997,394.35229154399997,394.35229154399997,394.352292222,394.352292222,394.352292222,394.352292222,394.352292222,394.352292222,394.352292222,394.35229493400004,394.35229493400004,394.35229493400004,394.35229493400004,394.35229493400004,394.35229493400004,394.35229493400004,394.35229493400004,394.35229493400004,394.64077376399996,394.64077376399996,394.64077376399996,394.64077376399996,394.64077376399996,394.64077444200007,394.64077444200007,394.64077444200007,394.64077444200007,394.64077444200007,394.64077444200007,394.64077444200007,394.64077444200007,394.64077444200007,394.64077444200007,394.64077444200007,394.64077444200007,394.64077444200007,394.64077444200007,394.64077444200007,394.64077444200007,394.64077444200007,394.64077444200007,394.64077444200007,394.64077444200007,394.64077444200007,394.64077444200007,394.64077444200007,394.64077444200007,394.64077444200007,394.64077444200007,394.64077444200007,394.64077444200007,394.64077444200007,394.64077444200007,394.64077444200007,394.64077444200007,394.64077444200007,394.64077444200007,394.64077444200007,394.64077444200007,394.64077444200007,394.64077444200007,394.64077444200007,394.64077444200007,394.64077444200007,394.64077444200007,394.64077444200007,394.64077444200007,394.64077444200007,394.64077444200007,394.64077444200007,394.64077444200007,394.64077444200007,394.64077444200007,394.64077444200007,394.64077444200007,394.64077444200007,394.64077444200007,394.69474256399997,394.69474256399997,394.69474256399997,394.69474256399997,394.69474256399997,394.69474256399997,394.69474256399997,394.69474256399997,394.69474256399997,394.69474256399997,394.69474256399997,394.69474256399997,394.69474256399997,394.69474324199996,394.69474324199996,394.69474324199996,394.69474324199996,394.69474391999995,394.69474391999995,394.69474391999995,394.69474391999995,394.836953742,394.836953742,394.836953742,394.836953742,394.836953742,394.836953742,394.836953742,394.836953742,394.836953742,394.836953742,394.836953742,394.836953742,394.836953742,394.836953742,394.836953742,394.836953742,394.836953742,394.836953742,394.836953742,394.836953742,394.836953742,394.836953742,394.836953742,394.836953742,394.836953742,394.836953742,394.83695442,394.83695442,394.83695442,394.83695442,394.83695442,394.83695442,394.83695442,394.83695577599997,394.83695577599997,394.83695577599997,394.83695577599997,394.83695577599997,394.83695577599997,394.83695577599997,394.83695577599997,394.83695577599997,394.83695577599997,394.83695577599997,394.83695577599997,394.83695577599997,394.83695577599997,394.83695577599997,394.83695645399996,394.83695645399996,394.83695645399996,394.83695645399996,394.83695713199995,394.83695713199995,394.83695713199995,394.83695713199995,394.83695713199995,394.9832193599999,394.9832193599999,394.9832193599999,394.9832193599999,394.9832193599999,394.9832193599999,394.9832193599999,394.9832193599999,394.9832193599999,394.9832193599999,394.9832193599999,394.9832193599999,394.9832193599999,394.9832193599999,394.9832193599999,394.9832193599999,394.9832193599999,394.9832193599999,394.9832193599999,394.9832193599999,394.9832193599999,394.9832193599999,394.9832193599999,394.9832193599999,394.9832193599999,394.98322207199993,394.98322207199993,394.98322207199993,394.98322207199993,394.98322207199993,394.98322207199993,394.98322207199993,394.98322207199993,394.98322207199993,394.98322207199993,394.98322207199993,394.98322207199993,394.98322207199993,394.98322207199993,394.98322207199993,394.98322207199993,394.98322207199993,394.98322207199993,394.98322207199993,394.98322207199993,394.98322207199993,394.98322207199993,394.98322207199993,394.98322207199993,394.98322207199993,394.98322207199993,394.98322207199993,394.98322207199993,394.98322207199993,394.98322207199993,394.98322207199993,394.98322207199993,394.98322207199993,394.98322207199993,394.98322207199993,394.98322207199993,394.98322207199993,394.98322207199993,394.98322207199993,394.98322207199993,395.12948497799994,395.12948497799994,395.12948497799994,395.12948497799994,395.12948497799994,395.12948497799994,395.12948497799994,395.12948497799994,395.12948497799994,395.12948497799994,395.12948497799994,395.12948497799994,395.12948497799994,395.12948497799994,395.12948497799994,395.12948497799994,395.12948497799994,395.12948497799994,395.12948497799994,395.12948497799994,395.12948497799994,395.12948497799994,395.12948497799994,395.12948497799994,395.1294883679999,395.1294883679999,395.1294883679999,395.1294883679999,395.1294883679999,395.1294883679999,395.1294883679999,395.1294883679999,395.1294883679999,395.1294883679999,395.1294883679999,395.1294883679999,395.1294883679999,395.1294883679999,395.1294883679999,395.1294883679999,395.1294883679999,395.1294883679999,395.1294883679999,395.1294883679999,395.1294883679999,395.1294883679999,395.1294883679999,395.1294883679999,395.1294883679999,395.1294883679999,395.1294883679999,395.1294883679999,395.1294883679999,395.1294883679999,395.1294883679999,395.1294883679999,395.1294883679999,395.1294883679999,395.1294883679999,395.1294883679999,395.1294883679999,395.1294883679999,395.1294883679999,395.1294883679999,395.1294883679999,395.1294883679999,395.1294883679999,395.1294883679999,395.1294883679999,395.1294883679999,395.1294883679999,395.1294883679999,395.1294883679999,395.1294883679999,395.1294883679999,395.1294883679999,395.1294883679999,395.1294883679999,395.1294883679999,395.1294883679999,395.1294883679999,395.1294883679999,395.1294883679999,395.1294883679999,395.1294883679999,395.1294883679999,395.1294883679999,395.1294883679999,395.1294883679999,395.1294883679999,395.1294883679999,395.1294883679999,395.1294883679999,395.1294883679999,395.1294883679999,395.1294883679999,395.1294883679999,395.1294883679999,395.1294883679999,395.1294883679999,395.1294883679999,395.1294883679999,395.1294883679999,395.1294883679999,395.1294883679999,395.1294883679999,395.1294883679999,395.1294883679999,395.1294883679999,395.1294883679999,395.1294883679999,395.1294883679999,395.1294883679999,395.1294883679999,395.1294883679999,395.1294883679999,395.1294883679999,395.1294883679999,395.1294883679999,395.1294883679999,395.1294883679999,395.1294883679999,395.1294883679999,395.1294883679999,395.1294883679999,395.1294883679999,395.1294883679999,395.1294883679999,395.1294883679999,395.1294883679999,395.1294883679999,395.1294883679999,395.1294883679999,395.1294883679999,395.1294883679999,395.1294883679999,395.1294883679999,395.1294883679999,395.1294883679999,395.1294883679999,395.1294883679999,395.1294883679999,395.1294883679999,395.1294883679999,395.1294883679999,395.1294883679999,395.1294883679999,395.1294883679999,395.1294883679999,395.1294883679999,395.1294883679999,395.1294883679999,395.1294883679999,395.1294883679999,395.1294883679999,395.1294883679999,395.1294883679999,395.1294883679999,395.1294883679999,395.1294883679999,395.1294883679999,395.1294883679999,395.1294883679999,395.1294883679999,395.1294883679999,395.1294883679999,395.1294883679999,395.1294883679999,395.1294883679999,395.1294883679999,395.1294883679999,395.1294883679999,395.1294883679999,395.1294883679999,395.1294883679999,395.1294883679999,395.1294883679999,395.1294883679999,395.1294883679999,395.1294883679999,395.1294883679999,395.1294883679999,395.1294883679999,395.1294883679999,395.1294883679999,395.1294883679999,395.1294883679999,395.1294883679999,395.1294883679999,395.1294883679999,395.1294883679999,395.1294883679999,395.1294883679999,395.1294883679999,395.1294883679999,395.1294883679999
43,270.69908953199996,290.36739560999996,302.432331708,310.066093716,319.210843812,324.116247036,327.817938552,330.36262442399993,331.90975737,332.85743864999995,335.529213588,336.24299436,337.30103031,339.4546329,339.91709669999995,339.95924185800004,339.99491347200006,341.313001746,341.72754857399997,344.304759462,346.81168412399995,347.424703926,347.60792528999997,347.702955804,347.702955804,349.66362739199997,349.97578130399995,350.160433926,351.381365478,351.61763288400005,351.773109132,353.544751608,353.544751608,354.770825112,354.771951948,354.819003114,354.87602426999996,354.89785383599997,355.10940882,355.14424174800007,356.012204466,356.0340272520001,356.10606136200005,356.25478337399994,356.565214488,356.81708064,356.81708064,356.81708064,357.351975858,357.351975858,357.351975858,357.54047816400004,357.54047816400004,357.70966086,358.335168744,358.40766999600004,358.40766999600004,358.533565104,358.533565104,358.913698008,358.913698008,358.913698008,358.913698008,358.913698008,358.913698008,359.108647416,359.108647416,359.60551090200005,359.75596723800004,359.75596723800004,360.02746149,360.02746149,360.40269720000003,360.40269720000003,360.735911148,360.735911148,361.33994744999995,361.33994744999995,361.935219246,361.935219246,361.935219246,362.571049002,362.571049002,362.571049002,362.57104968,362.57104968,362.620281294,362.90098143,362.90098143,362.90098143,362.90098143,362.90098143,362.90098143,362.90098143,362.90098143,362.90098143,363.20401014000004,363.20401014000004,364.243670934,364.80517968600003,364.80517968600003,364.90842891600005,364.90842891600005,365.094674838,365.586362472,365.91073191000004,365.91073191000004,365.91073191000004,366.0529430880001,366.0529430880001,366.0529430880001,366.0529430880001,366.08588032800014,366.08588032800014,366.08588032800014,366.2095760040001,366.2095760040001,366.2095760040001,366.2095760040001,366.2095760040001,366.89737446000015,366.89737446000015,367.27389430200014,367.9444552860001,368.4685845420001,369.2914582260001,369.2914582260001,369.3464880960001,369.3464880960001,369.3464880960001,369.3464880960001,369.6778741560001,369.6778741560001,370.0238785740001,370.08140348400013,370.26542692200013,370.81889662800006,371.47074074400007,371.47074074400007,371.98497459000004,372.0296317380001,372.02963377200007,372.02963445000006,372.02963445000006,372.5922056280001,372.93974978400007,372.97842222600013,373.1924444520001,373.1924444520001,373.50345051000005,373.577126058,373.577126058,373.577126058,373.577126058,373.997520636,373.997520636,373.997520636,373.997520636,373.997520636,374.616452598,374.616452598,374.616452598,374.616452598,374.64675174,374.64675174,374.84232287399993,374.984537442,374.984537442,375.02320242600007,375.02320242600007,375.42057076800006,375.747838656,375.747838656,375.79691772000007,375.9693988860001,375.9693988860001,375.9693988860001,375.9693988860001,375.9693988860001,376.16557750800007,376.25453449800006,376.25453449800006,376.25453449800006,376.25453449800006,376.2545378880001,376.2545378880001,376.2545378880001,376.4787538440001,377.69982370800005,377.69982370800005,378.04736718600003,378.18957836400006,378.18957836400006,378.18957836400006,378.18957836400006,378.18957836400006,378.3358446600001,378.3358446600001,378.3358446600001,378.3358446600001,378.6258625500001,378.6258625500001,378.6258625500001,378.6258625500001,378.6258625500001,378.6258625500001,379.4675866680001,379.9165908120001,379.9165908120001,380.06285371800004,380.06285371800004,380.1059467200001,380.10594807600006,380.10594807600006,380.10594807600006,380.13877073400005,380.1484844400001,380.3934899100001,380.3934899100001,380.3934899100001,380.3934899100001,380.3934899100001,380.9719866300001,380.9719866300001,380.9719879860001,381.02107044000013,381.18594648000004,381.18594648000004,381.18594648000004,381.6013896240001,381.86392410600007,381.86392410600007,381.86392410600007,381.91789087200004,381.91789087200004,381.91789087200004,382.06010205000007,382.06010205000007,382.20231322800004,382.39849320600007,382.39849320600007,382.39849320600007,382.4357452380001,382.57795641600006,382.8272258280001,382.973492124,383.04716835000005,383.04716835000005,384.046056258,384.046056258,384.0460589700001,384.0460589700001,384.33453576600004,384.33453576600004,384.33453576600004,384.6245556900001,384.62455840200005,384.62455840200005,384.62455840200005,384.62455840200005,384.91303384200006,385.05929810400005,385.8172512540001,385.8172512540001,385.8172512540001,385.8172512540001,385.8747768420001,385.8747768420001,386.021039748,386.021039748,386.07500583600006,386.07500583600006,386.07500583600006,386.07500583600006,386.402934096,386.402934096,386.402934096,386.402934096,386.402934096,386.402934096,386.402934774,386.402934774,386.402934774,386.402934774,386.54514663000003,386.54514663000003,386.83362207000005,386.97988633200004,386.97988633200004,387.57515473800004,387.57515473800004,387.575155416,387.575155416,387.575155416,387.99554999400004,387.99554999400004,388.14181629000007,388.14181629000007,388.28402814599997,388.28402814599997,388.28402814599997,388.28402814599997,388.28402814599997,388.28402814599997,388.28402814599997,388.28403085800005,388.28403085800005,388.28403085800005,388.28403085800005,388.28403357,388.42624339200006,388.42624339200006,388.42624339200006,388.42624339200006,388.85742969600005,388.99964426400004,388.99964765400006,388.99964765400006,388.99964765400006,389.1958276320001,389.34209392800005,389.48835683399994,389.63462652000004,389.63462652000004,389.63462719800003,389.63462719800003,389.830807176,389.973015642,389.973015642,389.973015642,389.973015642,389.973015642,389.973015642,389.973015642,389.973015642,389.973015642,390.03054123000004,390.0305419079999,390.0305419079999,390.0305419079999,390.0305419079999,390.0305419079999,390.314966298,390.314966298,390.314966298,390.46123056,390.46123056,390.46123056,390.46123191600003,390.46123191600003,390.60749889,390.60749889,390.60749889,390.60749889,390.60749889,390.60749889,390.75375976199996,390.90002470199994,391.0462876079999,391.50118221599996,391.6433940719999,391.643395428,391.643395428,391.643395428,391.643395428,391.7856072839999,391.7856072839999,391.7856072839999,391.7856072839999,391.785610674,391.785610674,391.785610674,391.785610674,391.785610674,392.074088826,392.074088826,392.22035512199994,392.36256629999997,392.36256629999997,392.36256629999997,392.36256697799996,392.36256697799996,392.36256833399995,392.36256833399995,392.50883259599993,392.655098892,392.655098892,392.655098892,392.655098892,392.655098892,392.79731007000004,392.79731007000004,392.797310748,392.797310748,392.79731345999994,392.7973161719999,392.7973161719999,392.7973161719999,392.7973161719999,392.7973161719999,392.7973161719999,392.7973161719999,392.7973161719999,392.7973161719999,392.7973161719999,392.7973161719999,392.7973161719999,393.232059942,393.3783228479999,393.52053131399987,393.52053131399987,393.52053131399987,393.52053131399987,393.66679760999995,393.66679760999995,393.66679760999995,393.66679760999995,393.666800322,393.666800322,393.666800322,393.666800322,393.666800322,393.666800322,393.666800322,393.666800322,393.66680303399994,393.66680303399994,393.66680303399994,393.66680303399994,393.66680303399994,393.66680303399994,393.813068652,393.813068652,393.813068652,393.813068652,393.813068652,393.813068652,393.813068652,393.813068652,393.813068652,393.813068652,393.813068652,393.813068652,393.813068652,393.813068652,393.813068652,393.813068652,393.813070008,393.95933494799993,393.95933494799993,393.95933494799993,394.251862794,394.251862794,394.251862794,394.251862794,394.251862794,394.251862794,394.251862794,394.3981256999999,394.3981256999999,394.3981256999999,394.39812908999994,394.39812908999994,394.39812908999994,394.39812908999994,394.39812908999994,394.39812908999994,394.39812908999994,394.39812908999994,394.39812908999994,394.39812908999994,394.39813247999996,394.39813247999996,394.3981358699999,394.3981358699999,394.3981358699999,394.3981358699999,394.3981358699999,394.3981358699999,394.3981358699999,394.3981358699999,394.3981358699999,394.3981358699999,394.3981358699999,394.3981358699999,394.54440284399993,394.54440284399993,394.54440284399993,394.54440284399993,394.54440284399993,394.54440284399993,394.54440284399993,394.544403522,394.544403522,394.544403522,394.544403522,394.69066846199996,394.69066846199996,394.69066846199996,394.69066846199996,394.69066846199996,394.69066846199996,394.69067117399993,394.69067117399993,394.69067117399993,394.69067117399993,394.69067117399993,394.69067117399993,394.69067117399993,394.69067117399993,394.69067117399993,394.69067185200004,394.69067185200004,394.69067185200004,394.69067185200004,394.69067185200004,394.69067185200004,394.69067185200004,394.690674564,394.690674564,394.690674564,394.690674564,394.690674564,394.690674564,394.690674564,394.83288642,394.83288642,394.83288642,394.83288642,394.83288642,394.83288642,394.83288642,394.83288642,394.83288642,394.83288642,394.83288642,394.83288642,394.83288642,394.83288642,394.83288642,394.83288642,394.83288642,394.83288642,394.83288642,394.83288642,394.83288642,394.83288642,394.83288642,394.83288642,394.83288981,394.83288981,394.832890488,394.832890488,394.832890488,394.832890488,394.832890488,394.832890488,394.832890488,394.832890488,394.832890488,394.832890488,394.832890488,394.832890488,394.832890488,394.832890488,394.832890488,394.832890488,394.83289116599997,394.83289116599997,394.83289116599997,394.83289116599997,394.83289116599997,394.83289116599997,394.83289116599997,394.83289116599997,394.83289116599997,394.83289319999994,394.83289319999994,394.83289319999994,394.83289319999994,394.83289319999994,394.83289319999994,394.83289319999994,394.83289319999994,394.83289319999994,394.83289319999994,394.83289319999994,394.83289319999994,394.83289319999994,394.83289319999994,394.832895234,394.832895234,394.832895234,394.832895234,394.832895234,394.832895234,394.83289591199997,394.83289658999996,394.83289658999996,394.83289658999996,394.83289658999996,394.83289658999996,394.83289658999996,394.83289658999996,394.83289658999996,394.83289658999996,394.83289658999996,394.9791628859999,394.9791628859999,394.9791628859999,394.9791628859999,394.9791628859999,394.979163564,394.979163564,394.979163564,394.979163564,394.979163564,394.979163564,394.979163564,394.979163564,394.979163564,394.979163564,394.979163564,394.979163564,394.979163564,394.979163564,394.979163564,394.979163564,394.979163564,394.979163564,394.97916627599994,394.97916627599994,394.97916627599994,394.97916627599994,394.97916627599994,394.97916831,394.97916831,394.97916831,394.97916831,394.97916831,394.97916831,394.97916831,394.97916831,394.97916831,395.12543257199997,395.12543257199997,395.12543257199997,395.12543257199997,395.12543257199997,395.12543257199997,395.12543257199997,395.12543257199997,395.12543257199997,395.12543257199997,395.12543257199997,395.12543257199997,395.12543257199997,395.12543257199997,395.12543257199997,395.27169683399995,395.27169683399995,395.27169683399995,395.27169683399995,395.27169683399995,395.27169683399995,395.27169683399995,395.27169683399995,395.27169683399995,395.27169683399995,395.27169683399995,395.27169683399995,395.27169683399995,395.27169683399995,395.27169683399995,395.27169683399995,395.27169683399995,395.27169683399995,395.27169683399995,395.27169683399995,395.27169683399995,395.27169683399995,395.27169683399995,395.27169683399995,395.27169683399995,395.27169683399995,395.27169683399995,395.27169683399995,395.27169683399995,395.27169683399995,395.27169683399995,395.27169683399995,395.27169683399995,395.27169683399995,395.27169683399995,395.27169683399995,395.27169683399995,395.27169683399995,395.27169683399995,395.27169683399995,395.27169683399995,395.27169683399995,395.27169683399995,395.27169683399995,395.27169683399995,395.27169683399995,395.27169683399995,395.27169683399995,395.27169683399995,395.27169683399995,395.27169683399995,395.27169683399995,395.27169683399995,395.27169683399995,395.27169751199995,395.27169751199995,395.27169751199995,395.27169751199995,395.27169751199995,395.27169751199995,395.27169751199995,395.27169751199995,395.27169751199995,395.27169751199995,395.27169751199995,395.27169751199995,395.27169751199995,395.27169751199995,395.27169751199995,395.27169751199995,395.27169751199995,395.27169818999994,395.27169818999994,395.27169818999994,395.27169818999994,395.27169818999994,395.27169818999994,395.27169818999994,395.27169818999994,395.27169818999994,395.27169818999994,395.27169818999994,395.27169818999994,395.27169818999994,395.27169818999994,395.27169818999994,395.27169818999994,395.27169818999994,395.27169818999994,395.27169818999994,395.27169818999994,395.27169818999994,395.27169818999994,395.27169818999994,395.27169818999994,395.27169818999994,395.27169818999994,395.27169818999994,395.27169818999994,395.27169818999994,395.27169818999994,395.27169818999994,395.27169818999994,395.27169818999994,395.27169818999994,395.27169818999994,395.27169818999994,395.27169818999994,395.27169818999994,395.27169818999994,395.27169818999994,395.27169818999994,395.27169818999994,395.27169818999994,395.27169818999994,395.27169818999994,395.27169818999994,395.27169818999994,395.27169818999994,395.27169818999994,395.27169818999994,395.27169818999994,395.27169818999994,395.27169818999994,395.27169818999994,395.27169818999994,395.27169818999994,395.27169818999994,395.27169818999994,395.27169818999994,395.27169818999994,395.27169818999994,395.27169818999994,395.27169818999994,395.27169818999994,395.27169818999994,395.27169818999994,395.27169818999994,395.27169818999994,395.27169818999994,395.27169818999994,395.27169818999994,395.27169818999994,395.27169818999994,395.27169818999994,395.27169818999994,395.27169818999994,395.27169818999994,395.27169818999994,395.27169818999994,395.27169818999994,395.27169818999994,395.27169818999994,395.27169818999994,395.27169818999994,395.27169818999994,395.27169818999994,395.27169818999994,395.27169818999994,395.27169818999994,395.27169818999994,395.27169818999994,395.27169818999994,395.27169818999994,395.27169818999994,395.27169818999994,395.27169818999994,395.27169818999994,395.27169818999994,395.27169886799993,395.27169886799993,395.27169886799993,395.27169886799993,395.27169886799993,395.27169886799993,395.27169886799993,395.27169886799993,395.27169886799993,395.27169886799993,395.27169886799993,395.27169886799993,395.27169886799993,395.27169886799993,395.27169886799993,395.27169886799993,395.27169886799993,395.27169886799993,395.27169886799993,395.27169886799993,395.27169886799993,395.27169886799993,395.27169886799993,395.27169886799993,395.27169886799993,395.27169886799993,395.27169886799993,395.27169886799993,395.27169886799993,395.27169886799993,395.27169886799993,395.27169886799993,395.27169886799993,395.27169886799993,395.27169886799993,395.27169886799993,395.27169886799993,395.27169886799993,395.27169886799993,395.27169886799993,395.27169886799993,395.27169886799993,395.27169886799993,395.27169886799993,395.27169886799993,395.27169886799993,395.27169886799993,395.27169886799993,395.27169886799993,395.27169886799993,395.27169886799993,395.27169886799993,395.27169886799993,395.27169886799993,395.27169886799993,395.27169886799993,395.27169886799993,395.27169886799993,395.27169886799993,395.27169886799993,395.27169886799993,395.27169886799993,395.27169886799993,395.27169886799993,395.27169886799993,395.27169886799993,395.27169886799993,395.27169886799993,395.27169886799993,395.27169886799993,395.27169886799993,395.27169886799993,395.27169886799993,395.27169886799993,395.27169886799993,395.27169886799993,395.27169886799993,395.27169886799993,395.27170157999996,395.27170157999996,395.27170157999996,395.27170157999996,395.27170157999996,395.27170157999996,395.27170157999996,395.27170157999996,395.27170157999996,395.27170157999996,395.27170157999996,395.27170157999996,395.27170157999996,395.27170157999996,395.27170157999996,395.27170157999996,395.27170157999996,395.27170157999996,395.27170157999996,395.27170157999996,395.27170157999996,395.27170157999996,395.27170157999996,395.27170157999996,395.27170157999996,395.27170157999996,395.27170157999996,395.27170157999996,395.27170157999996,395.27170157999996,395.27170157999996,395.27170157999996,395.27170157999996,395.27170157999996,395.27170157999996,395.27170157999996,395.27170157999996,395.27170157999996,395.27170157999996,395.27170157999996,395.27170157999996,395.27170157999996,395.27170157999996,395.27170157999996,395.27170157999996,395.27170157999996,395.27170157999996,395.27170157999996,395.27170157999996,395.27170157999996,395.27170157999996,395.27170157999996,395.27170157999996,395.27170157999996,395.27170157999996,395.27170157999996,395.27170157999996,395.27170157999996,395.27170157999996,395.27170157999996,395.27170157999996,395.27170157999996,395.27170157999996,395.27170157999996,395.27170157999996,395.27170157999996,395.27170157999996,395.27170157999996,395.27170157999996,395.27170157999996,395.27170157999996,395.27170157999996,395.27170157999996,395.27170157999996,395.27170157999996,395.27170157999996,395.27170157999996,395.27170157999996,395.27170157999996,395.27170157999996,395.27170157999996,395.27170157999996,395.27170157999996,395.27170157999996,395.27170157999996,395.27170157999996,395.27170157999996,395.27170157999996,395.27170157999996,395.27170157999996,395.27170157999996,395.27170157999996,395.27170157999996,395.27170157999996
44,278.87397215400006,302.53382491800005,308.732373474,312.716673018,319.11148019999996,327.66494649599997,329.73380315400004,331.226900856,334.16885947200007,335.190410208,336.5589742260001,338.91751384200006,340.79077021200004,342.25672147200004,342.25672147200004,343.464588642,344.25478069200005,344.952988482,346.246891818,348.5528504999999,349.88123759399997,350.0885550779999,350.2354695419999,350.2354695419999,350.2354695419999,351.1445393999999,352.13996340599994,353.0187239519999,353.0187239519999,353.0187239519999,353.15211706199995,353.15211706199995,353.15211706199995,353.15211706199995,353.19298825799996,353.4829254659999,353.53916217599993,354.45776810399997,354.48359041199996,354.998239194,355.27065417,355.27065417,355.65168271199997,355.801056282,356.31914727,356.5705869599999,356.77500599399997,356.81651654399997,357.080270748,357.080270748,357.84158270999995,358.12265303399994,358.308901668,358.7601744,358.7601744,358.85825320199996,358.85825320199996,358.85825320199996,358.85825320199996,358.95474616199994,358.99648384200003,359.313374262,359.518686222,360.203378082,360.203378082,360.203378082,360.64331262,360.64331262,360.64331262,360.64331262,360.785300736,360.785300736,360.785300736,360.785300736,361.122230124,361.122230124,362.04653870999994,363.056699046,363.056699046,363.26993072399995,363.90426548999994,364.22831898,364.82358738599993,364.82358738599993,364.82358738599993,365.2886425019999,365.28864453599994,365.28864453599994,365.87524539,365.9475079859999,365.9475079859999,365.9475079859999,365.9475079859999,365.99554089599997,365.99554089599997,366.1158845399999,366.1158845399999,366.1158845399999,366.1158845399999,366.1158845399999,366.1158845399999,366.49379021399994,366.584896464,366.844228752,366.98402014799996,366.98402014799996,367.13702169600003,367.23635208600007,367.902781338,367.902781338,368.51409732599996,368.54268587400003,368.54268587400003,368.726083518,368.726083518,369.951707508,369.98442914399993,369.98442914399993,370.14073865399996,370.14073865399996,370.468006542,370.743692868,371.31293149799995,371.31293149799995,371.31293149799995,372.1495489199999,372.86393243399993,372.86393243399993,372.86393243399993,372.86393243399993,372.86393243399993,372.86393243399993,373.116043344,373.116043344,373.116043344,373.116043344,373.96602618,374.254498908,374.254498908,374.254498908,374.254498908,374.254498908,374.25892082400003,374.39518458599997,374.39518458599997,374.39518458599997,374.45021445599997,374.45021445599997,374.45021445599997,374.45021445599997,374.45021445599997,374.45021445599997,374.494871604,374.885615208,374.885615208,375.10983252,375.256095426,375.256095426,375.37988059799994,375.37988059799994,375.43384397399996,375.43384397399996,375.43384397399996,375.43384465199995,375.43384465199995,375.43384465199995,375.64657528799995,375.93505344,375.93505344,375.93505344,375.93505344,375.93505344,376.2235322699999,376.2235322699999,376.47279829199994,376.47279829199994,376.62510353399995,376.62510353399995,376.62510353399995,376.62510353399995,376.62510353399995,376.62510353399995,376.62510353399995,376.62510353399995,377.045500146,377.518796352,377.671100238,377.671101594,377.67110498399995,377.67110498399995,377.67110498399995,377.67110498399995,377.867282928,377.867282928,378.43394448,378.43394448,378.43394448,378.658159758,378.894210882,378.894210882,378.894210882,378.894210882,378.894210882,379.499189604,379.499189604,379.64139942599996,379.987401132,379.987401132,379.987401132,380.329746384,380.329746384,381.0095098620001,381.0095098620001,381.0095098620001,381.23372446200005,381.23372446200005,381.23372446200005,381.23372446200005,381.42990172800006,381.42990172800006,381.42990172800006,381.42990172800006,381.42990444000003,381.42990444000003,381.50501260199997,381.717745272,381.717745272,381.85995509400004,382.280351028,382.40407856999997,382.40407856999997,382.40407856999997,382.40407856999997,382.40407924799996,382.40407924799996,382.600259226,382.600259226,382.74652213200005,382.74652213200005,382.802252376,382.802252376,383.01824487000005,383.01824487000005,383.01824487000005,383.7310161,384.047519382,384.047519382,384.047519382,384.247258182,384.247258182,384.247258182,384.657393264,384.657393264,384.657393264,384.657393264,384.71491953,384.71491953,384.714920886,385.02171385199995,385.02527335200006,385.02527335200006,385.02527335200006,385.02527335200006,385.02527335200006,385.02527335200006,385.02527335200006,385.630252752,385.630252752,385.630252752,385.630252752,385.630252752,385.630252752,385.630252752,385.630252752,385.772464608,385.772464608,385.772464608,385.772464608,385.772464608,385.772464608,385.772464608,385.772464608,385.772464608,385.772464608,385.772464608,385.86021747000007,385.86021747000007,385.86021747000007,385.86021747000007,385.86021747000007,385.86021747000007,386.00243203800005,386.00243203800005,386.00243203800005,386.00243203800005,386.00243203800005,386.00243203800005,386.00243203800005,386.00243203800005,386.00243203800005,386.00243203800005,386.0024333940001,386.01847962000005,386.01847962000005,386.01847962000005,386.01847962000005,386.01847962000005,386.01847962000005,386.01847962000005,386.01847962000005,386.30695506000006,386.30695506000006,386.30695506000006,386.30695506000006,386.30695506000006,386.30695506000006,386.30695506000006,386.30695506000006,386.30695506000006,386.30695506000006,386.30695506000006,386.30695506000006,386.30695506000006,386.44916623800003,386.44916623800003,386.50669453800003,386.79517269,386.79517269,386.79517269,386.79517269,386.79517269,387.08364813000003,387.08364813000003,387.08364813000003,387.08364813000003,387.08364813000003,387.08364813000003,387.08364813000003,387.229911036,387.22991307000007,387.22991307000007,387.22991307000007,387.22991307000007,387.22991307000007,387.22991307000007,387.22991307000007,387.22991307000007,387.22991307000007,387.22991307000007,387.22991374800006,387.22991374800006,387.372124926,387.372124926,388.113657594,388.113657594,388.25586877200004,388.25586877200004,388.45204671600004,388.452047394,388.452047394,388.74206325,388.74206325,388.74206325,388.74206325,388.74206325,388.884271716,388.884271716,389.22671731199995,389.22671731199995,389.22671731199995,389.22671731199995,389.22671731199995,389.22671731199995,389.22671731199995,389.22671731199995,389.238549768,389.238549768,389.238549768,389.238549768,389.238554514,389.238554514,389.238554514,389.23855722599995,389.23855722599995,389.23855722599995,389.23855722599995,389.23855722599995,389.23855722599995,389.52704148,389.52704148,389.669254692,389.669254692,389.865430602,389.865430602,389.865430602,389.865430602,389.865430602,389.865430602,389.865430602,389.865430602,390.0116968979999,390.0116968979999,390.0116968979999,390.065663664,390.065663664,390.065667732,390.065667732,390.065667732,390.48606366599995,390.48606366599995,390.48606366599995,390.48606366599995,390.48606366599995,390.48606366599995,390.48606366599995,390.48606366599995,390.48606366599995,390.48606366599995,390.48606366599995,390.48606366599995,390.48606366599995,390.6323299619999,390.6323299619999,390.6323299619999,390.63233267399994,390.77859557999994,390.79043006999996,390.79043006999996,390.79043006999996,390.79043006999996,390.79043006999996,390.79043006999996,390.93669501,390.93669501,390.93669501,390.9366956879999,390.9366956879999,390.9366956879999,390.9366956879999,390.9366956879999,390.9366956879999,391.2251738399999,391.367385696,391.367385696,391.367385696,391.367385696,391.367385696,391.367385696,391.78777959599995,391.78777959599995,391.78778027399994,391.78778027399994,391.78778027399994,391.78778027399994,391.78778027399994,391.78778027399994,391.78778027399994,391.78778027399994,391.78778027399994,391.78778027399994,391.78778027399994,391.934045892,391.934045892,391.934045892,391.934045892,391.934045892,391.934045892,391.934045892,391.934045892,391.934045892,391.9340465699999,392.08031150999994,392.08031150999994,392.08031150999994,392.08031150999994,392.22657577199993,392.22657577199993,392.22657848399996,392.22657848399996,392.22657848399996,392.22657848399996,392.22657848399996,392.3728454579999,392.3728454579999,392.3728454579999,392.3728454579999,392.3728454579999,392.3728454579999,392.3728454579999,392.3728454579999,392.3728454579999,392.3728454579999,392.3728454579999,392.3728454579999,392.3728454579999,392.3728454579999,392.3728454579999,392.3728454579999,392.3728454579999,392.3728454579999,392.3728454579999,392.3728454579999,392.3728454579999,392.3728454579999,392.3728454579999,392.3728454579999,392.3728454579999,392.37284681399996,392.37284681399996,392.519111754,392.519111754,392.519111754,392.519111754,392.51911311,392.51911311,392.51911311,392.51911311,392.51911311,392.51911311,392.519115822,392.66538279599996,392.66538483,392.66538483,392.66538483,392.66538483,392.66538483,392.95791403199996,392.95791403199996,392.95791403199996,392.95791403199996,392.95791403199996,392.95791674399993,392.95791674399993,392.95791945599996,392.95791945599996,392.95791945599996,392.95791945599996,393.104185752,393.104185752,393.104185752,393.104185752,393.2504486579999,393.2504486579999,393.2504486579999,393.2504486579999,393.2504486579999,393.2504486579999,393.25045001399997,393.25045001399997,393.25045001399997,393.25045001399997,393.25045001399997,393.25045001399997,393.25045001399997,393.25045001399997,393.392663226,393.392663226,393.392663226,393.392663226,393.392663226,393.392663226,393.392663226,393.538929522,393.538929522,393.538929522,393.538929522,393.538929522,393.538929522,393.538929522,393.82740428399995,393.8274097079999,393.8274097079999,393.8274097079999,393.827410386,393.827410386,393.827410386,393.827410386,393.827410386,393.827410386,393.827410386,393.827410386,393.827410386,393.827410386,393.827410386,393.827410386,393.827410386,393.827410386,393.827410386,393.827410386,393.827410386,393.827410386,393.827410386,393.827410386,393.9736753259999,393.9736753259999,393.9736753259999,393.9736753259999,393.9736753259999,393.9736753259999,393.9736753259999,393.9736753259999,393.9736753259999,393.9736753259999,393.9736753259999,393.9736753259999,393.9736753259999,393.9736753259999,393.9736753259999,393.9736753259999,393.97367803799995,394.11994094399995,394.11994094399995,394.11994094399995,394.11994094399995,394.119943656,394.119943656,394.119943656,394.119943656,394.119943656,394.119943656,394.119943656,394.119943656,394.119943656,394.119943656,394.119943656,394.119943656,394.119943656,394.119943656,394.119943656,394.119943656,394.119943656,394.119943656,394.119943656,394.119943656,394.2662079179999,394.2662079179999,394.2662079179999,394.2662079179999,394.2662079179999,394.2662079179999,394.2662079179999,394.2662079179999,394.2662079179999,394.2662079179999,394.2662079179999,394.2662079179999,394.2662079179999,394.2662079179999,394.2662079179999,394.4124708239999,394.4124708239999,394.4124742139999,394.4124742139999,394.4124742139999,394.4124742139999,394.4124742139999,394.4124742139999,394.41247556999997,394.6366942379999,394.6366942379999,394.63669695,394.63669695,394.63669695,394.63669695,394.63669695,394.63669695,394.63669695,394.63669695,394.63669695,394.63669695,394.63669695,394.636697628,394.636697628,394.636697628,394.636697628,394.63670101799994,394.63670101799994,394.63670101799994,394.63670101799994,394.6367037299999,394.6367037299999,394.6367037299999,394.6367037299999,394.6367037299999,394.6367037299999,394.6367037299999,394.6367037299999,394.6367037299999,394.6367037299999,394.6367037299999,394.6367037299999,394.6367037299999,394.6367037299999,394.6367037299999,394.6367037299999,394.6367037299999,394.6367037299999,394.6367037299999,394.7829666359999,394.7829693479999,394.9791466139999,394.9791466139999,394.97915000399996,394.97915000399996,394.97915000399996,394.97915000399996,394.97915000399996,394.97915000399996,394.97915000399996,394.97915000399996,394.97915000399996,394.97915000399996,394.9791506819999,394.97915135999995,394.97915135999995,394.97915135999995,394.97915135999995,394.97915135999995,394.97915135999995,394.97915135999995,394.97915135999995,394.97915135999995,394.97915135999995,394.97915135999995,394.97915135999995,394.97915135999995,394.97915542799996,394.97915542799996,394.97915542799996,394.97915542799996,394.97915542799996,394.97915542799996,394.97915542799996,394.97915542799996,394.97915542799996,394.97915542799996,394.97915542799996,394.97915542799996,394.97915542799996,394.97915542799996,394.97915542799996,394.97915542799996,394.97915542799996,394.97915542799996,394.97915542799996,394.97915542799996,394.97915542799996,394.97915542799996,394.97915542799996,394.97915542799996,394.97915542799996,394.97915542799996,394.97915542799996,394.97915542799996,394.97915542799996,394.97915542799996,394.97915542799996,394.97915542799996,394.97915542799996,394.97915542799996,394.97915542799996,394.97915542799996,394.97915542799996,394.97915542799996,394.97915542799996,394.97915542799996,394.97915542799996,394.97915542799996,394.97915542799996,394.97915542799996,394.97915542799996,394.97915542799996,394.97915542799996,394.97915542799996,394.97915542799996,394.97915542799996,394.97915542799996,394.9791581399999,394.9791581399999,394.9791581399999,394.9791581399999,394.9791581399999,394.9791581399999,394.9791581399999,394.9791581399999,394.9791581399999,394.9791581399999,394.9791581399999,394.9791581399999,394.9791588179999,394.9791588179999,394.9791608519999,394.9791608519999,394.9791608519999,394.9791608519999,394.9791608519999,394.9791608519999,394.9791615299999,394.9791615299999,394.9791615299999,394.9791615299999,395.1254257919999,395.1254257919999,395.1254257919999,395.1254257919999,395.1254257919999,395.1254257919999,395.1254257919999,395.1254257919999,395.1254257919999,395.1254257919999,395.1254257919999,395.1254257919999,395.1254257919999,395.1254257919999,395.1254257919999,395.1254257919999,395.12542850399996,395.12542850399996,395.12542850399996,395.12542850399996,395.12542850399996,395.12542850399996,395.12542850399996,395.12542850399996,395.12542850399996,395.12542850399996,395.12542850399996,395.12542850399996,395.12542850399996,395.12542850399996,395.12542850399996,395.12542850399996,395.12542850399996,395.12542850399996,395.12542850399996,395.12542850399996,395.12542850399996,395.12542850399996,395.12542850399996,395.12542850399996,395.12542850399996,395.12542850399996,395.12542850399996,395.12542850399996,395.12542850399996,395.12542850399996,395.12542850399996,395.12542850399996,395.12542850399996,395.12542850399996,395.12542850399996,395.12542850399996,395.12542850399996,395.12542850399996,395.12542850399996,395.12542850399996,395.12542850399996,395.12542850399996,395.12542850399996,395.12542850399996,395.12542850399996,395.12542850399996,395.12542850399996,395.12542850399996,395.12542850399996,395.12542850399996,395.12542850399996,395.12542850399996,395.12542850399996,395.12542850399996,395.12542850399996,395.12542850399996,395.12542850399996,395.12542850399996,395.1254318939999,395.1254318939999,395.1254318939999,395.1254318939999,395.1254318939999,395.1254318939999,395.1254318939999,395.1254318939999,395.1254318939999,395.1254318939999,395.1254318939999,395.1254318939999,395.1254318939999,395.1254318939999,395.1254339279999,395.1254339279999,395.1254339279999,395.1254339279999,395.1254339279999,395.1254339279999,395.1254359619999,395.1254359619999,395.1254359619999,395.1254359619999,395.1254359619999,395.1254359619999,395.1254359619999,395.1254359619999,395.27169886799993,395.27169886799993,395.2716995459999,395.2716995459999,395.2716995459999,395.2716995459999,395.2716995459999,395.2716995459999,395.2716995459999,395.2716995459999,395.2716995459999,395.2716995459999,395.2716995459999,395.2716995459999,395.2716995459999,395.2716995459999,395.2716995459999,395.2716995459999,395.2717002239999,395.2717002239999,395.2717002239999,395.2717002239999,395.2717002239999,395.2717002239999,395.2717002239999,395.2717002239999,395.2717002239999,395.2717002239999,395.2717002239999,395.2717002239999,395.2717002239999,395.2717002239999,395.2717002239999,395.2717002239999,395.2717002239999,395.2717002239999,395.2717002239999,395.2717002239999,395.2717002239999,395.2717002239999,395.2717002239999,395.2717002239999,395.2717002239999,395.2717002239999,395.2717002239999,395.2717002239999,395.2717002239999,395.2717002239999,395.2717002239999,395.2717002239999,395.2717002239999,395.2717002239999,395.2717002239999,395.2717002239999,395.2717002239999,395.2717002239999,395.2717002239999,395.2717002239999,395.2717002239999,395.2717002239999,395.2717002239999,395.2717002239999,395.2717002239999,395.2717002239999,395.2717002239999,395.2717002239999,395.2717002239999,395.2717002239999,395.2717002239999,395.2717002239999,395.2717002239999,395.2717002239999,395.2717002239999,395.2717002239999,395.2717002239999,395.2717002239999,395.2717002239999,395.2717002239999,395.2717002239999,395.2717002239999,395.2717002239999,395.2717002239999,395.2717002239999,395.2717002239999,395.2717002239999,395.2717002239999,395.2717002239999,395.2717002239999,395.2717002239999,395.2717002239999,395.2717002239999,395.2717002239999,395.27170157999996,395.27170157999996,395.27170157999996,395.27170157999996,395.27170157999996
45,278.343884634,298.095350124,306.137599674,311.49048357600003,318.18940359000004,320.227547526,323.25757156200007,326.27078730000005,329.20152162600004,331.721874078,332.56098043799994,335.13727128,336.589945266,338.75826520199996,339.443644554,341.00795802,342.958988448,344.841664272,345.1136392259999,345.1136392259999,346.298079462,347.317467378,347.51845234199993,347.85051504599994,348.660105354,349.319351874,350.01994215599996,350.01994215599996,350.27561188799996,350.27561188799996,350.72376988799994,352.42373081399995,352.62864071999996,352.62864071999996,353.04102608399995,353.04102608399995,353.04102608399995,354.445434606,354.57616995599994,354.57616995599994,354.60358217399994,354.60358217399994,354.6926225579999,354.6926225579999,355.13046139799997,355.13046139799997,355.3361042219999,355.3361042219999,355.3361042219999,355.972600452,355.972600452,356.14720240199995,356.17892398799995,356.17892398799995,356.69087297399994,356.69087297399994,356.81136984599993,356.962603848,357.43803236400004,357.935781996,357.935781996,357.982358562,357.982358562,359.15420020199997,359.21944549799997,359.478778464,359.478778464,359.862994962,359.862994962,359.88737245199997,359.88737245199997,359.88737245199997,359.88737245199997,359.917287846,360.232736838,360.232736838,360.232736838,360.232736838,360.232736838,360.756846432,360.841680504,360.841680504,360.841680504,360.965483982,361.213936404,361.213936404,361.213936404,361.213936404,361.213936404,361.213936404,361.213936404,361.213936404,361.393994898,361.393994898,361.393994898,361.393994898,361.393994898,361.951692612,361.951692612,361.951692612,361.98993249,362.36087985,362.44691127,362.44691127,362.44691127,362.44691127,362.44691127,363.11725529399996,363.11725529399996,363.63017517599997,364.02068012399997,364.02068012399997,364.02068012399997,364.02068012399997,364.02068012399997,364.02068012399997,364.02068012399997,364.02068012399997,364.02068012399997,364.02068012399997,364.02068012399997,364.02068012399997,364.249358676,364.62234885,364.62234885,364.73069528400003,364.73069528400003,364.73069528400003,364.73069528400003,365.006545686,365.10979288199997,365.828755608,366.097630068,367.09026546,367.47792552,367.525781472,367.72195941599995,367.72195941599995,367.72195941599995,368.11771004999997,368.11771004999997,368.11771004999997,368.11771004999997,368.11771004999997,368.11771004999997,368.536582518,368.5365859079999,369.21188882399997,369.21188882399997,369.21188882399997,369.21188882399997,369.21188882399997,369.63228475799997,369.63228475799997,369.85685124,370.22705212200003,370.22705212200003,370.22705212200003,370.22705212200003,370.22705212200003,370.22705212200003,370.22705212200003,370.22705212200003,370.22705212200003,370.22705212200003,370.22705212200003,370.396232106,370.396232106,370.396232106,371.16699064200003,371.16699064200003,371.16701979600003,371.16701979600003,371.16701979600003,371.31328405799997,371.31328405799997,371.636125962,371.636125962,371.77873377000003,371.77873377000003,371.997918288,372.59328839400007,373.0520001420001,373.0520001420001,373.0520001420001,373.0520001420001,373.0520001420001,373.1292162060001,373.598693916,373.598693916,373.598693916,373.9266214980001,373.9266214980001,374.3571087840001,374.787596748,374.787596748,374.98377537,375.17934786,375.321557682,375.321557682,375.321557682,375.321557682,375.321557682,375.78027010799997,376.288417548,376.288417548,376.434683166,376.434683166,376.434683166,376.72316131800005,376.72672217400003,376.922902152,376.922902152,377.32026846,377.516446404,377.6627127,377.6627127,378.008713728,378.25283169600004,378.25283169600004,378.25283169600004,378.65466534600006,378.6610046460001,378.661008036,378.661008036,379.18789539600004,379.530339636,379.530339636,379.530339636,379.530339636,379.67660457600005,379.67660457600005,379.67660457600005,379.6884424560001,379.8414440040001,379.8414440040001,379.9877109780001,379.9877109780001,379.9877136900001,380.27772886800005,380.425306416,380.425306416,380.484446322,380.484446322,381.1266845340001,381.1266845340001,381.1266845340001,381.1266845340001,381.1266845340001,381.1266845340001,381.1266845340001,381.55891156800004,381.75508883400005,381.90135377400003,381.90135377400003,381.90135377400003,381.90135377400003,382.09752900600006,382.09752900600006,382.292180772,382.3368392760001,382.3368392760001,382.7858461320001,382.9321090380001,382.9321090380001,382.98607716000004,382.98607919400007,382.98607919400007,382.98607919400007,382.98607919400007,382.98607919400007,382.98607919400007,383.04004528200005,383.04004528200005,383.04004528200005,383.04004528200005,383.2362211920001,383.7988249140001,383.7988249140001,383.7988249140001,383.7988249140001,383.79882559200007,383.79882559200007,384.394093998,384.394093998,384.394093998,384.7105959240001,384.7105959240001,384.7105959240001,384.71059728000006,385.130996604,385.27726154400005,385.27726154400005,385.42352445000006,385.42352445000006,385.42352445000006,385.42352648400004,385.42352648400004,385.42352648400004,386.043661896,386.043661896,386.18992751400003,386.18992751400003,386.3321407260001,386.3321407260001,386.729505678,386.729505678,386.729505678,386.87577197400003,386.875774686,386.875774686,386.875774686,386.875774686,386.875774686,386.875774686,386.875774686,386.875774686,386.875774686,386.875774686,386.875774686,386.875774686,386.87933622,386.87933622,386.87933622,386.87933622,386.87933622,386.87933622,386.87933622,386.87933622,386.87933622,387.29973012000005,387.29973012000005,387.29973012000005,387.29973012000005,387.29973012000005,387.29973012000005,387.29973012000005,387.29973012000005,387.29973012000005,387.44599506,387.6421730040001,387.6421730040001,387.6421730040001,387.6421730040001,387.6421730040001,387.6421730040001,387.6421730040001,387.6421730040001,387.6421730040001,387.6421730040001,387.6421730040001,387.6421730040001,387.6421730040001,387.78843930000005,387.78843930000005,387.78843930000005,387.78843930000005,388.35510152999996,388.35510152999996,388.35510152999996,388.35510288599994,388.55128083000005,388.55128083000005,388.55128083000005,388.55128083000005,388.693493364,388.693493364,388.693493364,388.693493364,388.693493364,388.693493364,388.693493364,388.693493364,388.693493364,388.693493364,388.6934953979999,388.6934953979999,388.6934953979999,388.6934953979999,388.6934953979999,388.69349811,388.69349811,388.69349811,388.971684222,388.97168693400005,389.19590289,389.19590289,389.19590289,389.19590289,389.195903568,389.195903568,389.195904246,389.195904246,389.195904246,389.195904246,389.195904246,389.484376974,389.484376974,389.484376974,389.484376974,389.63064394799994,389.630645982,389.630645982,389.630645982,389.630645982,389.630645982,389.630645982,389.630645982,389.630645982,389.77690821,389.77690821,389.77690821,390.11529868799994,390.11529868799994,390.11529868799994,390.11529868799994,390.11529868799994,390.11529868799994,390.11529868799994,390.11529868799994,390.11529868799994,390.11529868799994,390.11529868799994,390.11529868799994,390.2615656619999,390.2615656619999,390.2615656619999,390.2615656619999,390.2615656619999,390.2615656619999,390.2615656619999,390.2615656619999,390.2615656619999,390.26156905199997,390.26156905199997,390.26156905199997,390.26156905199997,390.26156905199997,390.26156905199997,390.26156905199997,390.26156905199997,390.26156905199997,390.26156905199997,390.26156905199997,390.319095996,390.319095996,390.46535686799996,390.46535686799996,390.4653595799999,390.4653595799999,390.4653595799999,390.4653595799999,390.4653595799999,390.611622486,390.611622486,390.611622486,390.611622486,390.611622486,390.611622486,390.611622486,390.611622486,390.611622486,390.611622486,390.611622486,391.03201706399994,391.03201706399994,391.03201706399994,391.03201706399994,391.03201706399994,391.03201706399994,391.03201706399994,391.03201706399994,391.03201706399994,391.178281326,391.32454423200005,391.32454423200005,391.32454423200005,391.32454423200005,391.32454423200005,391.32454423200005,391.32454423200005,391.32454423200005,391.32454423200005,391.32454423200005,391.32454423200005,391.32454423200005,391.47080849400004,391.47080849400004,391.47080849400004,391.470811884,391.613024418,391.613024418,391.613027808,391.613027808,391.61303052000005,391.61303052000005,391.61303391,391.61303391,391.670560176,391.670560176,391.670560176,391.670560176,391.670560176,391.670560176,391.670560176,391.670560176,391.670560176,391.670560176,391.670560176,391.670560176,391.95903493800006,391.95903493800006,391.95903493800006,391.95903493800006,392.105303268,392.105303268,392.105303268,392.105303268,392.105303268,392.105303268,392.105303268,392.105303268,392.105303268,392.105303268,392.105303268,392.105303268,392.105303268,392.105303268,392.105303268,392.105303268,392.105303268,392.105303268,392.25156888600003,392.25156888600003,392.25156888600003,392.25156888600003,392.25156888600003,392.25156888600003,392.25156888600003,392.397831792,392.397831792,392.397831792,392.397831792,392.68630723200005,392.68630723200005,392.68630723200005,392.68630723200005,392.686310622,392.686310622,392.686310622,392.686310622,392.686310622,392.6863113,392.6863113,392.6863113,392.68631333400003,392.686314012,392.686314012,392.686314012,392.686314012,392.686314012,392.686314012,392.68987418999995,392.68987418999995,392.68987418999995,392.68987418999995,392.68987418999995,392.68987418999995,392.68987418999995,392.68987418999995,392.68987418999995,392.68987418999995,392.68987418999995,392.689876902,392.689876902,392.689876902,392.689876902,392.689876902,392.689876902,392.689876902,392.689880292,392.689880292,392.689881648,392.689881648,392.689881648,392.689881648,392.689881648,392.689881648,392.689881648,392.689881648,392.689881648,392.689881648,392.689881648,392.689885038,392.689885038,392.83614930000005,392.83614930000005,392.83614930000005,392.83614930000005,392.83614930000005,392.83614930000005,392.83614930000005,392.83614930000005,392.83614930000005,392.836153368,392.836153368,392.836153368,392.836153368,392.836153368,392.836153368,392.836153368,392.836153368,392.836153368,392.836153368,392.836153368,392.836153368,392.836153368,392.836153368,392.836153368,392.836153368,392.836153368,392.836153368,392.836153368,392.836153368,392.836153368,392.836153368,392.836153368,392.836153368,392.836153368,392.836153368,392.836153368,392.836153368,392.98241966399996,392.98241966399996,392.98242034199995,392.98242034199995,392.98242034199995,392.98242034199995,392.98242034199995,392.98242034199995,392.98242034199995,392.98242034199995,392.98242034199995,392.98242034199995,392.98242034199995,392.98242034199995,392.98242034199995,393.124632198,393.124632198,393.124632198,393.124632198,393.124632198,393.27089917199993,393.27089917199993,393.27089917199993,393.41716139999994,393.41716139999994,393.41716139999994,393.41716139999994,393.41716139999994,393.41716139999994,393.41716139999994,393.41716139999994,393.41716139999994,393.41716139999994,393.41716139999994,393.41716139999994,393.41716139999994,393.41716139999994,393.41716139999994,393.4171620779999,393.4171620779999,393.4171620779999,393.4171620779999,393.5634270179999,393.5634270179999,393.5634270179999,393.7096912799999,393.7096912799999,393.7096912799999,393.7096912799999,393.7096912799999,393.7096912799999,393.7096912799999,393.7096912799999,393.7096912799999,393.70969331399994,393.70969331399994,393.70969331399994,393.8559582539999,393.8559582539999,393.8559582539999,393.8559582539999,393.8559582539999,393.8559582539999,393.8559582539999,393.8559582539999,393.8559582539999,393.8559582539999,393.8559582539999,393.8559582539999,393.8559582539999,394.00222319399995,394.00222319399995,394.00222319399995,394.00222319399995,394.00222319399995,394.00222319399995,394.00222319399995,394.00222319399995,394.144433016,394.144433016,394.144433016,394.144433016,394.144433016,394.144433694,394.144433694,394.144433694,394.144433694,394.144433694,394.144433694,394.144433694,394.144433694,394.144433694,394.144433694,394.144433694,394.144433694,394.144433694,394.144433694,394.290702702,394.290702702,394.290702702,394.290702702,394.290702702,394.29426152400004,394.29426152400004,394.29426152400004,394.29426152400004,394.29426152400004,394.29426152400004,394.29426152400004,394.34822828999995,394.34822896799994,394.34822896799994,394.34822896799994,394.34822896799994,394.34822896799994,394.34822896799994,394.34822896799994,394.34822896799994,394.34822896799994,394.34822896799994,394.34822896799994,394.34822896799994,394.34822896799994,394.34822896799994,394.34822896799994,394.34822896799994,394.34822896799994,394.5444048779999,394.5444048779999,394.5444048779999,394.68661605599993,394.68661605599993,394.68661605599993,394.68661605599993,394.68661605599993,394.68661605599993,394.68661605599993,394.68661876799996,394.68661944599995,394.68661944599995,394.68661944599995,394.686622158,394.686622158,394.686622158,394.686622158,394.686622158,394.686622158,394.686622158,394.686622158,394.686622158,394.686622158,394.686622158,394.686622158,394.686622158,394.686622158,394.686622158,394.686622158,394.686622158,394.686622158,394.686622158,394.686622158,394.686622158,394.686622158,394.686622158,394.686622158,394.686622158,394.686622158,394.686622158,394.686622158,394.686622158,394.686622158,394.686622158,394.68662419199995,394.68662419199995,394.68662419199995,394.686626904,394.686626904,394.686626904,394.686626904,394.686626904,394.686626904,394.686626904,394.686626904,394.686626904,394.686626904,394.83289319999994,394.83289319999994,394.83289319999994,394.83289319999994,394.83289319999994,394.83289319999994,394.83289319999994,394.83289319999994,394.83289319999994,394.83289319999994,394.83289319999994,394.83289319999994,394.83289319999994,394.83289319999994,394.83289319999994,394.83289319999994,394.83289319999994,394.83289319999994,394.83289319999994,394.83289319999994,394.83289319999994,394.83289319999994,394.83289319999994,394.83289319999994,394.83289319999994,394.83289319999994,394.83289319999994,394.83289319999994,394.83289319999994,394.83289319999994,394.83289319999994,394.83289319999994,394.83289319999994,394.83289319999994,394.83289319999994,394.83289319999994,394.83289319999994,394.83289319999994,394.83289319999994,394.83289319999994,394.83289319999994,394.83289319999994,394.832895234,394.832895234,394.832895234,394.83289591199997,394.83289591199997,394.83289591199997,394.83289591199997,394.83289591199997,394.83289591199997,394.83289591199997,394.83289591199997,394.83289591199997,394.83289591199997,394.83289591199997,394.83289591199997,394.83289591199997,394.83289591199997,394.83289591199997,394.83289591199997,394.83289591199997,394.83289591199997,394.83289591199997,394.83289591199997,394.83289591199997,394.83289591199997,394.83289591199997,394.83289591199997,394.83289591199997,394.83289591199997,394.83289591199997,394.83289591199997,394.97916220799993,394.97916220799993,394.97916220799993,394.97916220799993,394.97916220799993,394.97916220799993,394.97916220799993,394.97916220799993,394.97916220799993,395.125428504,395.125428504,395.125428504,395.125428504,395.125428504,395.12542918199995,395.12542918199995,395.12542918199995,395.1254318939999,395.1254318939999,395.12543257199997,395.12543257199997,395.12543257199997,395.12543257199997,395.12543257199997,395.12543257199997,395.12543257199997,395.12543257199997,395.12543257199997,395.12543257199997,395.12543257199997,395.12543257199997,395.12543257199997,395.12543257199997,395.12543257199997,395.1254332499999,395.1254332499999,395.1254332499999,395.1254332499999,395.1254332499999,395.1254332499999,395.1254332499999,395.1254332499999,395.1254332499999,395.1254332499999,395.1254332499999,395.1254332499999,395.1254332499999,395.1254332499999,395.1254332499999,395.1254332499999,395.1254332499999,395.1254332499999,395.1254332499999,395.1254332499999,395.1254332499999,395.1254332499999,395.1254332499999,395.1254332499999,395.1254332499999,395.1254332499999,395.1254332499999,395.1254332499999,395.1254332499999,395.1254332499999,395.1254332499999,395.1254332499999,395.1254332499999,395.1254332499999,395.1254332499999,395.1254332499999,395.1254332499999,395.1254332499999,395.1254332499999,395.1254332499999,395.1254332499999,395.1254332499999,395.1254332499999,395.1254332499999,395.1254332499999,395.1254332499999,395.1254332499999,395.1254332499999,395.1254332499999,395.12543664,395.12543664,395.12543664,395.12543664,395.12543664,395.12543664,395.12543664,395.12543664,395.12543664,395.12543664,395.12543664,395.12543664,395.12543664,395.12543664,395.12543664,395.12543664,395.12543664,395.12543664,395.12543664,395.12543664,395.12543664,395.12543664,395.12543664,395.12543664,395.12543664,395.12543664,395.12543664
46,280.87980600000003,298.22185950000005,304.58504204999997,313.058877924,319.490493726,324.429263364,325.960868754,330.77645460599996,332.36439298199997,333.83275520999996,334.771092972,337.60290845400004,339.02277334200005,339.0955851180001,340.294866096,341.61173871600005,342.28124608800005,342.42390813599997,343.93293002400003,345.884336064,346.438658016,346.438658016,346.98828481799995,347.302192716,347.40079629,347.40079629,348.01363031999995,348.55496992799993,348.66142067399994,349.49258223,350.15245454399997,350.37447784799997,352.145876922,353.035379022,354.064891512,354.064891512,354.064891512,354.3025203419999,355.30225642799996,356.10406058399997,356.10406058399997,356.10406058399997,356.10406058399997,357.262576812,357.311674182,357.311674182,357.34158754199996,357.34158754199996,358.00926567000005,358.00926567000005,358.00926567000005,358.44044722800004,358.445143734,358.445143734,358.618645968,358.70677851,359.059920912,359.15274657000003,360.541424814,360.54563926199995,360.54563926199995,361.23589818,361.23589818,361.23589818,361.392233454,361.85311548000004,362.14159702200004,362.14159702200004,362.17063440600003,362.17063440600003,362.17063440600003,362.279256108,362.7251346720001,362.7251346720001,362.7251346720001,362.7251346720001,362.939153508,362.939153508,362.939153508,362.939153508,363.51188451600007,363.51188451600007,363.9128123580001,363.9128123580001,363.9128123580001,363.9128123580001,364.17563634600003,364.17563634600003,364.279754772,364.370696946,364.370696946,364.370696946,364.370696946,364.370696946,364.370696946,364.370696946,364.370696946,365.03771131200006,365.20375351200005,365.20375351200005,365.20375351200005,365.753189118,365.934114774,365.934114774,366.223548228,366.223548228,366.223548228,366.223548228,366.243715338,366.27020276400003,366.99901411800005,367.29559640400004,367.29559640400004,367.41998838600006,368.060427864,368.20669483800003,368.45596086000006,368.65213948200005,368.65213948200005,368.65213948200005,368.65213948200005,368.65213948200005,368.98219395000007,369.01943988,369.01943988,369.01943988,369.01943988,369.01943988,369.220529934,369.298649772,369.298649772,369.298649772,369.31048222799996,369.31048222799996,369.31048222799996,369.31048222799996,369.5232148980001,369.5232148980001,369.5232148980001,369.94361083200005,370.369590774,370.535636364,371.10229588199996,371.10229588199996,371.15982146999994,371.15982146999994,371.736373008,371.88937387799996,371.88937387799996,371.88937455600006,371.94851514000004,371.94851514000004,371.94851514000004,372.36891175200003,372.36891175200003,372.36891175200003,372.384960012,373.088683332,373.591084722,374.157742884,374.157742884,374.768775468,374.768775468,374.768775468,374.872487772,375.01469691600005,375.01469691600005,375.06089786999996,375.729178062,375.745890084,376.178117118,376.502487234,377.099296734,377.1977457240001,377.27205045599993,377.27205045599993,377.27205045599993,377.32577110799997,377.32577110799997,377.59464760199995,377.59464760199995,378.02687463600006,378.02687463600006,378.183211944,378.46139941200005,378.734701212,379.193411604,379.193411604,379.193411604,379.193411604,379.193411604,379.193411604,379.193411604,379.193411604,379.38259462199994,379.38259462199994,379.38259462199994,379.57877256600005,379.57877256600005,379.961429664,379.961429664,379.96143101999996,380.107694604,380.303872548,380.303872548,380.303872548,380.55757811399997,380.55757811399997,380.88055494,381.022766118,381.022766118,381.169029024,381.169029024,381.169029024,381.169029024,381.169029024,381.169029024,381.60125876999996,382.059972552,382.05997322999997,382.05997322999997,382.05997322999997,382.256150496,382.256150496,382.256150496,382.256150496,382.256150496,382.53433254,382.53433254,382.53433389599996,382.53433389599996,382.53433389599996,382.79461945199995,382.79461945199995,382.79461945199995,382.85214775199995,382.85214775199995,383.140625904,383.32184513399994,383.32184513399994,383.32184513399994,383.32184513399994,383.32184513399994,383.32184513399994,383.32184513399994,383.32184513399994,383.32184513399994,383.32184513399994,383.32184513399994,383.394842004,383.39484403800003,383.39484403800003,383.39484403800003,383.39484403800003,383.54111169000004,383.683322868,383.683322868,383.683322868,383.71193243399995,383.85819873,383.85819873,383.85819873,383.858201442,384.05438277600007,384.31335708000006,384.31335708000006,384.459624732,384.459624732,384.459624732,384.47558485200005,384.621847758,384.76811066400006,384.99807402600004,384.99807402600004,384.99807402600004,384.99807402600004,385.564733544,385.564733544,385.564733544,385.564733544,385.564733544,385.564733544,385.564733544,385.564733544,385.564733544,385.564733544,385.564733544,385.564733544,386.159999916,386.16594800999997,386.16594800999997,386.30816325599994,386.30816325599994,386.30816325599994,386.30816664599996,386.30816664599996,386.61495893399996,386.61495893399996,386.61495893399996,386.7571701119999,387.084437322,387.084437322,387.084437322,387.084437322,387.084437322,387.084437322,387.084437322,387.08444003400007,387.08444003400007,387.230707008,387.230707008,387.230707008,387.230707008,387.230707008,387.37697601600007,387.37697601600007,387.37697601600007,387.37697601600007,387.37697601600007,387.37697601600007,387.434504316,387.804987924,387.95125489799995,387.95125489799995,387.95125489799995,387.95125489799995,387.95125489799995,387.95125489799995,388.093465398,388.09346607599997,388.23567861,388.23567861,388.23567861,388.23567861,388.23567861,388.23567861,388.23567861,388.23567861,388.23567861,388.23567861,388.23567861,388.23567861,388.3819408380001,388.439467104,388.439467104,388.439467104,388.58573340000004,388.727945256,388.727945256,388.727945256,388.727945256,388.727945256,388.727945256,388.727945256,388.87015575600003,388.87015575600003,388.87015575600003,389.132690238,389.132690238,389.328867504,389.328867504,389.328867504,389.382832236,389.382832236,389.382832236,389.382832914,389.5290992100001,389.5290992100001,389.5290992100001,389.5290992100001,389.5290992100001,389.5290992100001,389.5290992100001,389.5290992100001,389.67536415,389.67536415,389.67536415,390.149727528,390.149727528,390.149727528,390.29599179,390.438204324,390.438204324,390.438204324,390.438204324,390.584468586,390.584468586,390.584468586,390.584468586,390.584468586,390.584468586,390.584468586,390.584468586,390.584468586,390.584468586,390.584468586,390.584468586,390.584468586,390.584468586,390.584468586,390.584468586,390.584468586,390.584468586,390.584468586,390.584468586,390.584468586,390.584471298,390.584471298,390.78421009799996,390.78421009799996,390.78421009799996,390.78421009799996,390.78421009799996,390.78421009799996,390.78421009799996,390.92642195400003,390.92642195400003,390.92642195400003,390.92642195400003,390.92642263199997,391.06863380999994,391.06863380999994,391.06863380999994,391.06863380999994,391.2149001060001,391.2149001060001,391.2149001060001,391.2149001060001,391.2149001060001,391.49308282799996,391.49308282799996,391.493086896,391.493086896,391.493086896,391.63935183600006,391.63935183600006,391.63935183600006,391.78561881,391.78561881,391.93188375000005,391.93188375000005,391.93188375000005,391.93188375000005,391.93188375000005,391.93188375000005,391.93188375000005,392.07409425,392.07409425,392.07409425,392.07409425,392.07409425,392.074094928,392.074094928,392.074094928,392.074094928,392.2203619020001,392.2203619020001,392.2203619020001,392.220363936,392.220363936,392.220363936,392.220363936,392.220363936,392.36663091,392.36663091,392.36663091,392.36663091,392.36663091,392.36663091,392.36663091,392.36663091,392.36663091,392.36663091,392.36663091,392.36663091,392.36663091,392.51289788400004,392.51289788400004,392.51289788400004,392.655107028,392.655107028,392.655107028,392.65510973999994,392.65510973999994,392.65510973999994,392.65510973999994,392.65510973999994,392.65510973999994,392.65510973999994,392.65510973999994,392.65510973999994,392.65510973999994,392.65510973999994,392.65510973999994,392.65510973999994,392.65510973999994,392.65510973999994,392.65510973999994,392.65510973999994,392.65510973999994,392.65510973999994,392.65510973999994,392.65510973999994,392.65510973999994,392.65510973999994,392.65510973999994,392.80137535800003,392.80137535800003,392.80137535800003,392.80137535800003,392.80137535800003,392.80137535800003,392.80137535800003,392.80137535800003,392.801376036,392.801376036,392.801378748,392.801378748,392.801378748,392.801378748,392.801378748,392.94358924799997,392.94358924799997,392.94358924799997,392.94358924799997,392.94358924799997,392.94358924799997,392.94358924799997,392.94358924799997,392.94358992599996,392.94358992599996,392.94358992599996,392.94358992599996,392.94358992599996,392.94358992599996,392.94358992599996,392.94358992599996,392.94358992599996,392.94358992599996,392.94358992599996,392.94358992599996,392.94358992599996,392.94358992599996,392.94358992599996,393.089854188,393.089854188,393.38237999999996,393.38237999999996,393.38237999999996,393.38237999999996,393.382382712,393.382382712,393.382382712,393.382382712,393.382382712,393.38238677999993,393.38238677999993,393.38238677999993,393.38238677999993,393.38238677999993,393.38238677999993,393.38238677999993,393.38238677999993,393.38238677999993,393.38238677999993,393.38238677999993,393.38238677999993,393.38238677999993,393.38238677999993,393.38238677999993,393.38238677999993,393.38238677999993,393.38238677999993,393.38238677999993,393.38238677999993,393.38238677999993,393.38238677999993,393.38238677999993,393.38238677999993,393.38238677999993,393.38238677999993,393.38238677999993,393.38238677999993,393.38238677999993,393.38238677999993,393.38238677999993,393.52865239799996,393.52865239799996,393.8211822779999,393.8211822779999,393.8211822779999,393.8211822779999,393.8211822779999,393.8211822779999,393.8211822779999,393.8211822779999,393.8211822779999,393.8211822779999,393.8211822779999,393.82118498999995,393.82118498999995,393.82118498999995,393.82118498999995,393.82118498999995,393.82118498999995,393.96745128599997,393.96745128599997,393.96745128599997,393.96745128599997,393.96745128599997,393.96745128599997,393.96745128599997,393.96745128599997,393.96745128599997,393.96745128599997,393.967453998,393.967453998,393.967453998,393.967453998,393.967453998,393.967456032,393.967456032,393.967456032,393.967456032,393.967456032,393.967456032,393.967456032,393.967456032,393.967456032,393.967456032,393.967456032,393.967456032,393.967456032,393.967456032,393.967456032,394.11371826000004,394.11371826000004,394.1137189379999,394.1137189379999,394.1137189379999,394.259985912,394.259985912,394.259985912,394.259985912,394.259985912,394.259985912,394.259985912,394.259985912,394.259985912,394.259985912,394.259985912,394.259985912,394.259985912,394.259985912,394.25998862399996,394.2599913359999,394.2599913359999,394.2599913359999,394.2599913359999,394.2599913359999,394.5484688099999,394.5484688099999,394.5484688099999,394.5484688099999,394.5484688099999,394.5484688099999,394.5484688099999,394.5484688099999,394.690680666,394.690680666,394.690680666,394.690680666,394.690680666,394.690680666,394.690680666,394.690680666,394.690680666,394.690680666,394.690680666,394.690680666,394.690680666,394.690680666,394.690680666,394.690680666,394.83694831799994,394.83694831799994,394.83694831799994,394.83694831799994,394.83694831799994,394.83694831799994,394.83694831799994,394.83694831799994,394.83694831799994,394.83695170799996,394.83695170799996,394.83695170799996,394.8369523859999,394.8369523859999,394.8369523859999,394.8369523859999,394.8369523859999,394.8369523859999,394.8369523859999,394.8369523859999,394.8369523859999,394.8369523859999,394.8369523859999,394.83695577599997,394.83695577599997,394.98322207199993,394.98322207199993,394.98322207199993,394.98322207199993,394.98322207199993,394.98322207199993,394.98322207199993,394.98322207199993,394.98322207199993,394.98322207199993,394.98322207199993,394.98322207199993,394.98322207199993,394.98322207199993,394.98322207199993,394.98322207199993,395.12543053799993,395.12543053799993,395.12543053799993,395.12543053799993,395.12543053799993,395.12543053799993,395.12543053799993,395.12543053799993,395.12543053799993,395.12543053799993,395.12543053799993,395.12543053799993,395.12543053799993,395.12543053799993,395.12543053799993,395.12543053799993,395.12543053799993,395.12543053799993,395.12543053799993,395.12543053799993,395.12543053799993,395.12543053799993,395.12543053799993,395.27169615599996,395.27169615599996,395.27169615599996,395.27169615599996,395.27169615599996,395.27169615599996,395.27169615599996,395.27169615599996,395.27169615599996,395.27169615599996,395.27169615599996,395.27169615599996,395.27169615599996,395.27169615599996,395.27169683399995,395.27169683399995,395.27169683399995,395.27169683399995,395.27169683399995,395.27169683399995,395.27169683399995,395.27169683399995,395.27169683399995,395.27169683399995,395.27169683399995,395.27169683399995,395.27169683399995,395.27169683399995,395.27169683399995,395.27169683399995,395.27169683399995,395.27169683399995,395.27169683399995,395.27169683399995,395.27169751199995,395.27169751199995,395.27169751199995,395.27169751199995,395.27169751199995,395.27169751199995,395.27169751199995,395.27169751199995,395.27169751199995,395.27169751199995,395.27169751199995,395.27169751199995,395.27169751199995,395.27169751199995,395.27169751199995,395.27169751199995,395.27169751199995,395.27169751199995,395.27169751199995,395.27169751199995,395.27169751199995,395.27169751199995,395.27169751199995,395.27169751199995,395.27169751199995,395.27169751199995,395.27169886799993,395.27169886799993,395.27169886799993,395.27169886799993,395.27169886799993,395.27169886799993,395.27169886799993,395.27169886799993,395.27169886799993,395.27169886799993,395.27169886799993,395.27169886799993,395.27169886799993,395.27169886799993,395.27169886799993,395.27169886799993,395.27169886799993,395.27169886799993,395.27169886799993,395.27169886799993,395.27169886799993,395.27169886799993,395.27169886799993,395.27169886799993,395.27169886799993,395.27169886799993,395.2716995459999,395.2716995459999,395.2716995459999,395.2716995459999,395.2716995459999,395.2716995459999,395.2716995459999,395.2716995459999,395.2716995459999,395.2716995459999,395.2716995459999,395.2716995459999,395.2716995459999,395.2716995459999,395.2716995459999,395.2716995459999,395.2716995459999,395.2716995459999,395.2716995459999,395.2716995459999,395.2716995459999,395.2716995459999,395.2716995459999,395.2716995459999,395.2716995459999,395.2716995459999,395.2717002239999,395.2717002239999,395.2717002239999,395.2717002239999,395.2717002239999,395.2717002239999,395.2717002239999,395.2717002239999,395.2717002239999,395.2717002239999,395.2717002239999,395.2717002239999,395.2717002239999,395.2717002239999,395.2717002239999,395.2717002239999,395.2717002239999,395.2717002239999,395.2717002239999,395.2717002239999,395.2717002239999,395.2717002239999,395.2717002239999,395.2717002239999,395.2717002239999,395.2717002239999,395.2717002239999,395.2717002239999,395.2717002239999,395.2717002239999,395.2717002239999,395.2717002239999,395.2717002239999,395.2717002239999,395.2717002239999,395.2717002239999,395.2717002239999,395.2717002239999,395.2717002239999,395.2717002239999,395.2717002239999,395.2717002239999,395.2717002239999,395.2717002239999,395.2717002239999,395.2717002239999,395.2717002239999,395.2717002239999,395.2717002239999,395.2717002239999,395.2717002239999,395.2717002239999,395.2717002239999,395.2717002239999,395.2717002239999,395.2717002239999,395.2717002239999,395.2717002239999,395.2717002239999,395.2717002239999,395.2717002239999,395.2717002239999,395.27170293599994,395.27170293599994,395.27170293599994,395.27170293599994,395.27170293599994,395.27170293599994,395.27170293599994,395.27170293599994,395.27170293599994,395.27170293599994,395.27170361399993,395.27170361399993,395.27170361399993,395.27170361399993,395.27170361399993,395.27170361399993,395.27170361399993,395.27170361399993,395.27170361399993,395.27170361399993,395.27170361399993,395.27170361399993,395.27170361399993,395.27170361399993,395.27170361399993,395.27170361399993,395.2717042919999,395.2717042919999,395.2717042919999,395.2717042919999,395.2717042919999,395.2717042919999,395.2717042919999,395.2717042919999,395.2717042919999,395.2717042919999,395.2717042919999,395.2717042919999,395.2717042919999,395.2717042919999,395.2717042919999,395.2717042919999,395.2717042919999,395.2717042919999,395.2717042919999,395.2717042919999,395.2717042919999,395.2717042919999,395.2717042919999,395.2717042919999,395.2717042919999,395.2717042919999,395.2717042919999,395.2717042919999,395.2717042919999,395.2717042919999,395.2717042919999,395.2717042919999,395.2717042919999,395.2717042919999,395.2717042919999,395.2717042919999,395.2717042919999,395.2717042919999,395.2717042919999,395.2717042919999,395.2717042919999,395.2717042919999,395.2717042919999,395.2717042919999,395.2717042919999,395.2717042919999,395.2717042919999,395.2717042919999,395.2717042919999,395.2717042919999,395.2717042919999,395.2717042919999
47,270.144695712,293.353052682,302.205714954,311.96028198,315.40896965999997,320.481954144,326.342674284,329.23689627600004,330.519959748,331.636309122,333.69242276999995,333.69242276999995,336.557955192,337.850153358,337.895365788,338.00529602999995,340.20338423400005,340.59591233400005,341.706609222,342.38348103,343.09653701999997,343.85510104799994,345.0938979,345.513697872,345.55769464800005,345.658609524,345.658609524,345.924340776,347.68543560600006,348.538125018,348.885458316,348.904309428,349.64154154199997,349.64154154199997,350.919926814,351.33287898599997,351.867119256,352.305996114,352.591480896,352.78992064799996,353.15342967,353.15342967,353.59865328599994,353.891040108,353.891040108,354.0308538780001,354.0308538780001,354.142205208,354.142205208,354.936218466,356.23155916200005,356.50355649000005,356.50355649000005,356.774267652,356.8353568080001,356.8353568080001,357.290688048,357.290688048,357.290688048,357.29712837,357.29712837,357.353005062,357.384394428,358.31906082,358.31906082,358.469245956,358.49068499400005,358.78190633400004,358.78190633400004,359.360737308,360.616659084,361.23650634599994,361.43268428999994,361.7756695739999,361.81055335199994,361.81055335199994,361.81055335199994,361.8575794319999,362.95482276599995,362.95482276599995,363.410805564,363.410805564,363.410805564,363.410805564,363.66007633199996,363.933233718,363.933233718,363.933233718,363.933233718,363.933233718,363.933233718,363.933233718,363.933233718,363.933233718,363.933233718,363.933233718,363.933233718,364.3718197139999,364.3718197139999,364.3855444679999,364.69233336599996,365.12285387399993,365.12285387399993,365.6483364179999,365.6483364179999,365.6483364179999,366.37497410399993,366.37497410399993,366.61570952999995,366.61570952999995,367.2270282299999,367.35905856,367.35905856,367.3708971179999,367.3708971179999,367.5120641759999,367.5120641759999,368.16335504399996,368.3279185259999,368.470130382,368.47013241599996,368.47013445,368.89052767199996,368.89052767199996,369.5533031819999,369.8080189679999,369.8080189679999,369.8080189679999,370.303581372,370.303581372,370.303581372,370.537822236,370.89157348199996,370.89157348199996,370.89157348199996,370.89157348199996,370.988876652,370.988876652,371.39239852199995,371.39239852199995,371.6797959419999,372.40062181199994,373.218489822,373.98438913199993,374.2078586099999,374.2078586099999,374.2078586099999,374.2078586099999,374.2078586099999,374.2078586099999,374.4962154,374.4962154,375.00190509,375.00190509,375.67268778,375.67268778,375.688647222,375.688647222,375.73807952400006,375.73807952400006,375.73807952400006,375.93425679000006,375.93425950200003,375.93425950200003,375.93425950200003,375.93425950200003,375.94609263599995,375.94609263599995,376.55107000199996,376.55107000199996,376.55107068000007,376.97124762,377.124249168,377.266461024,377.266461024,377.266461024,377.266461024,377.266461024,377.266461024,377.305127364,377.305127364,377.32117562400003,377.845283184,377.99154744599997,377.99154744599997,378.264853314,378.264853314,378.264853314,378.52738779599997,378.52738779599997,378.52738779599997,378.800686884,378.94289738399993,378.94289738399993,379.616119518,379.75833137399997,380.211390636,380.211390636,380.35360317,380.445480306,380.51104561799997,380.65731191400005,380.96410420200004,380.964106914,380.964106914,380.964106914,381.11037117600006,381.11037117600006,381.30654912,381.30654912,381.64898996999995,381.64898996999995,381.64949169,381.64949169,381.64949169,381.64949169,382.08172143599995,382.08172143599995,382.08172143599995,382.08172143599995,382.08172143599995,382.08172143599995,382.0817241479999,382.69746273,382.69746273,382.84372563600004,382.84372563600004,382.84372563600004,383.039905614,383.039905614,383.039905614,383.039905614,383.48890840199994,383.48890840199994,383.546434668,383.546434668,383.692700964,384.220146318,384.366408546,384.366408546,384.786800412,385.03606304400006,385.03606304400006,385.036065756,385.32453984,385.32453984,385.577364684,385.57736536199997,385.57736536199997,385.577368074,385.72363437,386.21234355,386.21234355,386.21234355,386.21234355,386.212344906,386.212344906,386.212344906,386.212344906,386.266313706,386.41258407000004,386.60876201400004,386.75503102199997,386.81255932199997,386.95476914399995,386.95476914399995,386.95476914399995,386.95477049999994,386.95477049999994,386.95477049999994,387.10103340599994,387.15856374,387.15856374,387.4470364679999,387.4470364679999,387.4470364679999,387.44703917999993,387.44703917999993,387.73551597599993,387.9984667499999,388.14067657199996,388.14067724999995,388.3404174059999,388.48668234599995,388.48668234599995,388.48668234599995,388.486685058,388.486685058,388.486685058,388.486687092,388.77412112400003,388.77412112400003,388.77412112400003,388.77412112400003,388.77412112400003,388.77412112400003,388.774123836,388.916337726,388.916337726,388.916337726,388.916337726,388.916337726,388.916337726,388.916337726,388.916337726,389.120128254,389.120128254,389.120128254,389.12012961,389.12012961,389.1201302879999,389.1201302879999,389.1201302879999,389.1201302879999,389.1201302879999,389.1201302879999,389.1201302879999,389.1201302879999,389.26639929600003,389.26639929600003,389.26639929600003,389.412661524,389.55892646399997,389.55892917599994,390.191392662,390.191392662,390.191392662,390.191392662,390.191392662,390.33765827999997,390.33765827999997,390.33765827999997,390.33765827999997,390.33766031399995,390.33766031399995,390.33766031399995,390.33766031399995,390.479871492,390.6261343979999,390.6261343979999,390.6261357539999,390.6261377879999,390.6261377879999,390.62613982199997,390.772404084,390.77240544,390.918669702,390.918669702,390.918669702,390.918669702,390.918669702,391.06088020199996,391.06088020199996,391.207144464,391.207144464,391.207144464,391.20714514199994,391.3493563199999,391.349359032,391.349359032,391.349359032,391.349359032,391.349359032,391.349359032,391.349359032,391.349359032,391.349359032,391.349359032,391.49562397200003,391.49562397200003,391.49562397200003,391.641890268,391.641890268,391.641890268,391.641890268,391.641890268,391.641890268,391.641890268,391.641890268,391.641890268,391.641890268,391.641890268,391.641890268,391.78410144599997,391.78410144599997,391.78410144599997,391.78410144599997,391.78410144599997,391.78410348,391.78410348,391.78410348,391.78410348,391.78410348,391.78410348,391.78410348,391.78410348,391.784104836,391.784104836,391.784104836,391.93037045399996,391.93037045399996,391.93037045399996,391.93037045399996,391.93037045399996,391.93037045399996,391.93037045399996,391.93037045399996,391.93037045399996,391.93037045399996,391.93037045399996,392.214792132,392.361059106,392.507324046,392.507324046,392.507324046,392.507326758,392.507326758,392.507326758,392.507326758,392.507326758,392.507326758,392.507326758,392.507326758,392.507326758,392.507326758,392.50732811399996,392.50732811399996,392.50732879199995,392.769862596,392.769862596,392.769862596,392.769862596,392.769862596,392.769862596,392.769862596,392.912073096,392.912073096,392.912073096,392.912073096,392.912073096,392.912073096,392.912073096,393.254518014,393.254518014,393.254518014,393.254518014,393.254518014,393.254518014,393.254518014,393.254518014,393.254518014,393.254518014,393.254518692,393.254518692,393.254518692,393.254518692,393.254518692,393.254518692,393.25451936999997,393.25451936999997,393.25452276,393.25452276,393.25452276,393.25452276,393.25452276,393.478738716,393.478738716,393.478738716,393.478738716,393.625004334,393.625004334,393.625004334,393.625004334,393.625004334,393.625004334,393.625004334,393.625004334,393.625004334,393.625004334,393.625004334,393.625004334,393.625004334,393.625004334,393.625004334,393.62500568999997,393.62500568999997,393.62500568999997,393.62500568999997,393.62500568999997,393.62500975800003,393.62500975800003,393.62500975800003,393.62500975800003,393.625010436,393.625010436,393.625010436,393.625010436,393.62501246999994,393.62501246999994,393.62501246999994,393.62501246999994,393.62501246999994,393.7672250039999,393.7672250039999,393.7672250039999,393.7672250039999,393.7672250039999,393.96340362599994,393.96340362599994,393.96340362599994,393.96340362599994,393.96340362599994,393.96340430399994,393.96340430399994,393.96340430399994,393.96340430399994,393.96340430399994,393.96340701599996,393.96340701599996,393.96340701599996,393.96340769399995,393.96340769399995,393.96340769399995,393.96340769399995,393.96340769399995,393.96340769399995,393.96340769399995,393.96340769399995,393.96340769399995,393.96340769399995,393.963408372,393.963411084,393.963411084,393.963411084,393.963411084,393.963411084,393.963411084,394.109675346,394.109675346,394.10967602399995,394.10967602399995,394.10967602399995,394.10967602399995,394.10967602399995,394.10967602399995,394.10967602399995,394.10967602399995,394.10967602399995,394.10967602399995,394.10967602399995,394.10967602399995,394.10967602399995,394.10967602399995,394.10967602399995,394.10967602399995,394.10967602399995,394.109676702,394.109676702,394.10967737999994,394.25594028599994,394.255940964,394.255940964,394.255940964,394.255940964,394.255940964,394.255940964,394.255940964,394.398150786,394.39815417599993,394.39815417599993,394.39815417599993,394.39815417599993,394.39815417599993,394.39815417599993,394.39815417599993,394.39815417599993,394.39815417599993,394.39815417599993,394.39815417599993,394.39815417599993,394.39815417599993,394.3981555319999,394.3981555319999,394.3981555319999,394.3981555319999,394.3981555319999,394.3981555319999,394.3981555319999,394.3981555319999,394.3981555319999,394.3981555319999,394.3981555319999,394.3981555319999,394.3981555319999,394.3981555319999,394.3981555319999,394.3981555319999,394.3981555319999,394.3981555319999,394.3981555319999,394.3981555319999,394.54036603199995,394.54036603199995,394.54036603199995,394.5403687439999,394.5403687439999,394.5403687439999,394.54037145599995,394.54037145599995,394.54037145599995,394.54037145599995,394.5403734899999,394.5403734899999,394.5403734899999,394.5403734899999,394.5403734899999,394.5403734899999,394.5403734899999,394.5403734899999,394.5403734899999,394.5403734899999,394.5403734899999,394.5403734899999,394.5403741679999,394.5403741679999,394.5403741679999,394.5403741679999,394.5403741679999,394.68663707399986,394.68663707399986,394.68663707399986,394.68663707399986,394.68663707399986,394.68663707399986,394.68663707399986,394.68663707399986,394.68663707399986,394.68663707399986,394.68663707399986,394.68664046399994,394.68664046399994,394.68664046399994,394.68664046399994,394.68664046399994,394.68664046399994,394.68664046399994,394.68664046399994,394.68664046399994,394.68664046399994,394.68664046399994,394.68664046399994,394.68664046399994,394.8329054039999,394.8329054039999,394.8329054039999,394.8329054039999,394.97917034399984,394.97917034399984,394.97917034399984,394.97917034399984,394.97917034399984,394.97917034399984,394.97917034399984,394.97917034399984,394.97917034399984,394.97917034399984,394.97917034399984,394.97917034399984,394.97917034399984,394.97917034399984,394.97917034399984,394.97917034399984,394.97917034399984,394.97917034399984,394.97917034399984,394.97917034399984,394.97917034399984,394.97917034399984,394.97917034399984,394.97917034399984,394.97917102199995,394.97917102199995,394.97917102199995,394.97917102199995,394.97917102199995,394.97917102199995,394.97917102199995,394.97917102199995,394.97917102199995,394.97917102199995,394.97917102199995,394.97917102199995,394.97917102199995,394.97917102199995,394.97917102199995,394.97917102199995,394.97917102199995,395.1254332499999,395.1254332499999,395.1254332499999,395.1254332499999,395.1254332499999,395.27169954599987,395.27169954599987,395.27169954599987,395.27169954599987,395.27169954599987,395.27169954599987,395.27169954599987,395.27169954599987,395.27169954599987,395.27169954599987,395.27169954599987,395.27169954599987,395.27169954599987,395.27169954599987,395.27169954599987,395.27169954599987,395.27169954599987,395.27169954599987,395.27169954599987,395.27169954599987,395.2717002239999,395.2717002239999,395.2717002239999,395.2717002239999,395.2717002239999,395.2717002239999,395.2717002239999,395.2717002239999,395.2717002239999,395.2717002239999,395.2717002239999,395.2717002239999,395.2717002239999,395.2717002239999,395.2717002239999,395.2717002239999,395.2717002239999,395.2717002239999,395.2717002239999,395.2717002239999,395.2717002239999,395.2717002239999,395.2717002239999,395.2717002239999,395.2717002239999,395.2717002239999,395.2717002239999,395.2717002239999,395.2717002239999,395.2717002239999,395.2717002239999,395.2717002239999,395.2717002239999,395.2717002239999,395.2717002239999,395.27170293599994,395.27170293599994,395.27170293599994,395.27170293599994,395.27170293599994,395.27170293599994,395.27170293599994,395.27170293599994,395.27170293599994,395.27170293599994,395.27170293599994,395.27170293599994,395.27170293599994,395.27170293599994,395.27170293599994,395.27170293599994,395.27170293599994,395.27170293599994,395.27170293599994,395.27170293599994,395.27170293599994,395.27170293599994,395.27170293599994,395.27170293599994,395.27170361399993,395.27170361399993,395.27170361399993,395.27170361399993,395.27170361399993,395.27170361399993,395.27170361399993,395.27170361399993,395.27170361399993,395.27170361399993,395.27170361399993,395.27170361399993,395.27170361399993,395.27170361399993,395.27170361399993,395.27170361399993,395.27170361399993,395.27170361399993,395.27170361399993,395.27170361399993,395.27170361399993,395.27170361399993,395.27170361399993,395.27170361399993,395.27170361399993,395.27170361399993,395.27170361399993,395.27170361399993,395.27170361399993,395.27170361399993,395.27170361399993,395.27170361399993,395.27170361399993,395.27170361399993,395.27170361399993,395.27170361399993,395.27170361399993,395.27170361399993,395.27170361399993,395.27170361399993,395.27170361399993,395.27170361399993,395.27170361399993,395.27170361399993,395.27170361399993,395.27170361399993,395.27170361399993,395.27170361399993,395.27170361399993,395.27170361399993,395.27170361399993,395.27170361399993,395.27170361399993,395.27170361399993,395.27170361399993,395.27170361399993,395.27170361399993,395.27170361399993,395.27170361399993,395.27170361399993,395.27170361399993,395.27170361399993,395.27170361399993,395.27170361399993,395.27170361399993,395.27170361399993,395.27170361399993,395.27170361399993,395.27170361399993,395.27170361399993,395.27170361399993,395.27170361399993,395.27170361399993,395.27170361399993,395.27170361399993,395.27170361399993,395.27170361399993,395.27170361399993,395.27170361399993,395.27170361399993,395.27170361399993,395.27170361399993,395.27170361399993,395.27170361399993,395.27170361399993,395.27170361399993,395.27170361399993,395.27170361399993,395.27170361399993,395.27170361399993,395.27170361399993,395.27170361399993,395.27170361399993,395.27170361399993,395.27170361399993,395.27170361399993,395.27170361399993,395.27170361399993,395.27170361399993,395.27170361399993,395.27170361399993,395.27170361399993,395.27170361399993,395.27170361399993,395.27170361399993,395.27170361399993,395.27170361399993,395.27170361399993,395.27170361399993,395.27170361399993,395.27170361399993,395.27170361399993,395.27170361399993,395.27170361399993,395.27170361399993,395.27170361399993,395.27170361399993,395.27170361399993,395.27170361399993,395.27170361399993,395.27170361399993,395.27170361399993,395.27170361399993,395.27170361399993,395.27170361399993,395.27170361399993,395.27170361399993,395.27170361399993,395.27170361399993,395.27170361399993,395.27170361399993,395.27170361399993,395.27170361399993,395.27170361399993,395.27170361399993,395.27170361399993,395.27170361399993,395.27170361399993,395.27170361399993,395.27170361399993,395.27170361399993,395.27170361399993,395.27170361399993,395.27170361399993,395.27170361399993,395.27170361399993,395.27170361399993,395.27170361399993,395.27170361399993,395.27170361399993,395.27170361399993,395.27170361399993,395.27170361399993,395.27170361399993,395.27170361399993,395.27170361399993,395.27170361399993,395.27170361399993,395.27170361399993,395.27170361399993,395.27170361399993,395.27170361399993,395.27170361399993,395.27170361399993,395.27170361399993,395.27170361399993,395.27170361399993,395.27170361399993,395.27170361399993,395.27170361399993,395.27170361399993,395.27170361399993,395.27170361399993,395.27170361399993,395.27170361399993,395.27170361399993,395.27170361399993,395.27170361399993,395.27170361399993,395.27170361399993,395.27170361399993,395.27170361399993,395.27170361399993,395.27170361399993,395.27170361399993,395.27170361399993,395.27170361399993,395.27170361399993,395.27170361399993,395.27170361399993,395.27170361399993,395.27170361399993,395.27170361399993,395.27170361399993,395.27170361399993,395.27170361399993,395.27170361399993,395.27170361399993,395.27170361399993,395.27170361399993,395.27170361399993,395.27170361399993,395.27170361399993,395.27170361399993,395.27170361399993,395.27170361399993,395.27170361399993,395.27170361399993,395.27170361399993,395.27170361399993,395.27170361399993,395.27170361399993,395.27170361399993,395.27170361399993,395.27170361399993,395.27170361399993,395.27170361399993,395.27170361399993,395.27170361399993
48,272.49337178400003,290.46343092,305.796744666,311.709318924,318.62059735199995,321.50276043599996,328.638020232,330.515330364,334.04439291,334.948358784,335.868878028,337.98595675800004,339.82199364,340.794592098,342.92835776400005,346.157515146,346.68513339000003,346.96492907400005,347.62455324,348.508495062,348.682151202,349.44922887600006,350.097515526,351.68100961199997,351.806396898,351.87623903400004,352.0659414,352.841049306,353.117589912,353.39395830600006,353.435692596,354.00363285599997,354.171793806,354.30536794200003,354.508255374,354.508255374,354.508255374,355.293948216,356.69124248400004,356.936631702,356.936631702,356.936631702,357.266226486,357.45293005800005,357.54035002200004,357.97551144000005,357.97551144000005,357.97551144000005,358.04366671200006,358.04366671200006,358.25690042400004,358.54683966600004,359.5860000960001,359.5860000960001,359.5860000960001,360.318351966,360.318351966,360.47342480400005,361.04533272000003,361.04533272000003,361.61217326400003,361.61217326400003,361.73948946,361.73948946,362.13685373400006,362.13685373400006,362.71276998600007,362.80612041600006,362.90417277600005,363.4233302580001,363.82444590600005,364.178196474,364.178196474,364.178196474,365.17571956800003,365.17571956800003,365.17571956800003,365.17571956800003,365.17571956800003,365.17571956800003,365.1757202460001,365.1757202460001,365.28676579800003,365.65972817400007,365.65972817400007,365.65972817400007,365.65972817400007,365.65972817400007,365.65972817400007,365.65972817400007,365.65972817400007,365.65972817400007,365.75127987,365.75127987,365.75127987,365.75127987,365.75127987,365.75127987,365.792354466,365.82027925200003,365.82027925200003,365.8609809480001,366.325670622,366.325670622,366.495206556,366.52382832600006,366.52382832600006,366.57885819600006,366.57885819600006,366.57885819600006,366.57885819600006,366.61610887200004,366.61610887200004,367.17722506200005,367.17722506200005,367.17722506200005,367.17722506200005,367.32956149200004,367.32956149200004,367.32956149200004,367.5403218600001,367.693789872,367.7267942340001,367.79204224200004,367.79204224200004,367.79204224200004,367.79204224200004,367.89849231,368.30491941,368.30491941,368.30491941,368.71709256,368.75785731000013,368.75785731000013,368.75785731000013,368.75785731000013,368.75785731000013,368.75785731000013,368.75785731000013,369.0371051700001,369.17931634800004,370.47295594200006,370.47295594200006,370.75114002000004,370.75114002000004,370.75114002000004,370.950874074,371.016267174,371.16973383000004,371.16973383000004,371.352557208,371.352557208,371.352557208,371.35322300400003,371.35322300400003,371.353223682,371.353223682,371.353223682,371.353223682,371.353223682,371.353223682,371.492973042,371.7254626320001,371.7254626320001,371.7254626320001,371.7254626320001,371.7254626320001,372.015479844,372.015479844,372.015479844,372.180029766,372.180029766,372.35993909999996,372.35993909999996,372.35993909999996,373.0078359,373.0078359,373.0078359,373.0078359,373.0078359,373.0078359,373.556828094,373.60545086400003,373.737504924,373.737504924,373.737504924,374.110465944,374.16443610000005,374.16443610000005,374.16443677800004,374.16443677800004,374.16443677800004,374.318317014,374.318317014,374.318317014,374.59649973600006,374.59649973600006,374.59649973600006,374.61327820200006,374.61327820200006,374.61327820200006,374.61327820200006,374.8339339800001,374.8339339800001,374.8603583520001,374.8603583520001,374.8603583520001,374.87640661200004,374.87640661200004,375.4430674860001,375.44662902000005,375.49591894200006,375.49591894200006,375.49591894200006,375.51269198400007,376.1176720620001,376.1176720620001,376.1663551740001,376.1663551740001,376.1663551740001,376.22098095600006,376.22098095600006,376.220985024,376.220985024,376.220985024,376.220985024,376.220985024,376.68603946200005,376.68603946200005,376.82824928400004,377.22060720600007,377.22060720600007,377.22060720600007,378.1323822840001,378.1323822840001,378.52741966200006,378.673684602,379.20951952800004,379.40569747199993,379.40569747199993,379.40569747199993,379.40569747199993,379.438419108,379.438419108,379.7950443960001,379.7950443960001,380.11788901200003,380.11788901200003,380.370714534,380.370714534,380.60320548000004,380.60320548000004,380.60320548000004,381.52414576200005,381.52414576200005,381.670412736,381.670412736,381.670412736,381.670412736,381.670412736,381.687124758,381.687124758,381.977141292,381.977141292,382.021799796,382.021799796,382.021799796,382.021799796,382.021799796,382.02180183,382.22154063,382.22154063,382.22154063,382.22154063,382.22154063,382.22154063,382.93040997,382.93040997,382.93040997,382.93040997,383.021625378,383.021625378,383.021625378,383.021625378,383.021625378,383.021625378,383.221364178,383.221364178,383.221364178,383.276394048,383.276394048,383.276394048,383.276394048,383.276394048,383.27995354800004,383.42216472600006,383.422168116,383.422168116,383.422168116,383.422168116,383.646384072,383.703908982,383.90008896,383.90008896,383.954053014,384.2322384480001,384.2862038580001,384.2862038580001,384.2862038580001,384.2862038580001,384.43247015400004,384.43247015400004,384.77491507200006,384.7852864380001,384.7852864380001,384.7852864380001,384.93155070000006,384.93155070000006,384.93155070000006,384.93155070000006,384.93155070000006,384.93155070000006,384.93155070000006,384.93155476800007,384.93155476800007,384.93155476800007,384.93155544600006,384.93155544600006,384.93155544600006,384.93155544600006,384.93155544600006,385.39026651600005,385.73270872200004,385.73270872200004,385.73270872200004,385.73270872200004,385.73270872200004,385.8789729840001,385.8789729840001,386.4030819,386.4030819,386.5452924000001,386.5452924000001,386.68750357800013,386.68750357800013,386.68750357800013,386.68750357800013,386.68750357800013,386.68750357800013,386.68750357800013,386.68750357800013,386.68750357800013,386.68750357800013,386.68750357800013,386.68750357800013,386.6875056120001,386.6875056120001,386.6875056120001,386.74503459,386.74503459,386.74503459,386.74503459,386.74503459,386.74503459,386.74503459,386.7450366240001,386.7450366240001,386.7450366240001,386.7450366240001,386.7450366240001,386.7450366240001,386.88725322600004,386.88725322600004,386.88725322600004,386.88725322600004,386.88725322600004,386.88725322600004,387.4498569480001,387.4498569480001,387.4498569480001,387.4498569480001,387.4498569480001,387.4498569480001,387.4498569480001,387.4498569480001,387.4498569480001,387.4498569480001,387.4498569480001,387.4498589820001,387.4498589820001,387.4498589820001,387.5961252780001,387.61217828400004,387.61217828400004,387.80835555000004,387.80835555000004,387.80835555000004,387.80835555000004,387.80835555000004,387.80835555000004,387.80835555000004,387.80835555000004,387.80835555000004,387.80835555000004,387.80835555000004,387.8083602960001,387.8083630080001,387.8083630080001,387.8083630080001,387.836973252,387.836973252,387.836973252,387.836973252,388.26141955800006,388.26141955800006,388.26142023600005,388.26142091400004,388.26142091400004,388.26142159200003,388.26142159200003,388.26142159200003,388.40363344800005,388.63968389400003,388.63968389400003,388.63968389400003,388.63968389400003,388.63968389400003,388.63968389400003,388.639684572,388.639684572,388.639684572,388.639684572,388.839421338,388.839421338,388.839421338,388.839421338,388.839421338,388.839421338,388.839421338,388.98568831200004,388.98568831200004,388.98568831200004,388.98568831200004,389.131954608,389.131954608,389.131954608,389.131956642,389.131956642,389.131956642,389.27822293800006,389.27822293800006,389.27822293800006,389.27822293800006,389.27822293800006,389.29005539400003,389.29005539400003,389.29005539400003,389.29005539400003,389.29005539400003,389.29005539400003,389.29005539400003,389.63249759999997,389.63249759999997,389.63249759999997,389.920973718,389.920973718,390.06723798,390.06723798,390.06723798,390.35976108,390.35976108,390.35976108,390.35976108,390.35976108,390.35976108,390.35976108,390.35976108,390.35976108,390.35976108,390.35976108,390.6379465140001,390.6379465140001,390.6379465140001,390.6379465140001,390.6379465140001,390.6379465140001,390.6379465140001,390.6379465140001,390.6379465140001,390.6379465140001,390.6379465140001,390.637948548,390.637948548,390.637948548,390.637948548,390.78016040400007,390.78016040400007,390.78016040400007,390.78016040400007,390.78016243800005,390.78016243800005,390.92642670000004,390.92642670000004,391.346821278,391.346821278,391.346821278,391.346821278,391.489033812,391.489033812,391.489033812,391.489033812,391.489033812,391.48903584600004,391.48903584600004,391.48903584600004,391.489038558,391.489038558,391.489038558,391.489038558,391.489038558,391.635303498,391.635303498,391.635303498,391.635303498,391.635303498,391.635303498,391.635303498,391.78156843799997,391.78156843799997,391.78156843799997,391.78156843799997,391.78156843799997,391.78156843799997,391.78156843799997,391.78156843799997,391.78156843799997,391.78156843799997,391.78156843799997,391.78156843799997,391.78156843799997,391.78156843799997,392.07004659,392.07004659,392.07004659,392.216312886,392.216312886,392.216312886,392.216312886,392.216312886,392.362575114,392.362575114,392.362575114,392.362575114,392.362575114,392.362575114,392.362575792,392.508840732,392.508840732,392.508840732,392.508840732,392.65104919799995,392.65104919799995,392.65105123200004,392.65105123200004,392.65105123200004,392.65105123200004,392.65105123200004,392.65105123200004,392.65105123200004,392.65105123200004,392.65105123200004,392.65105123200004,392.65105123200004,392.651053266,392.651053266,392.651053266,392.651053266,392.651053266,392.6510553,392.6510553,392.79732024000003,392.79732024000003,392.79732024000003,392.79732024000003,392.79732024000003,392.79732024000003,392.79732024000003,392.79732024000003,392.79732024000003,392.79732227399995,392.79732227399995,392.79732227399995,392.79732227399995,392.79732430800004,392.79732430800004,392.79732430800004,392.79732430800004,392.79732430800004,392.79732430800004,392.79732430800004,392.79732430800004,392.79732430800004,392.79732430800004,392.79732430800004,392.79732430800004,392.79732430800004,392.79732430800004,392.79732430800004,392.93953141800006,392.93953141800006,392.93953141800006,392.93953141800006,392.93953141800006,392.93953141800006,393.085796358,393.22800618,393.22800618,393.22800618,393.22800618,393.22800618,393.22800618,393.22800618,393.22800618,393.22800618,393.22800618,393.228007536,393.228007536,393.228007536,393.22800821400006,393.22800821400006,393.228008892,393.228008892,393.228008892,393.228008892,393.374273832,393.37427654399994,393.37427654399994,393.37427654399994,393.37427654399994,393.37427654399994,393.37427654399994,393.37427654399994,393.374279256,393.374279256,393.374279256,393.374279256,393.374279256,393.374279256,393.374279256,393.374279256,393.374279256,393.374279256,393.52054216199997,393.66680642399996,393.66680642399996,393.66680642399996,393.66680642399996,393.66680981400003,393.66680981400003,393.66680981400003,393.66680981400003,393.813072042,393.813072042,393.813072042,393.813072042,393.813072042,393.813072042,393.813072042,393.813072042,393.813072042,393.813072042,393.813072042,393.81307272000004,393.81307272000004,393.81307272000004,393.81307272000004,393.81307272000004,393.81307272000004,393.81307272000004,393.81307272000004,393.81307272000004,393.81307272000004,393.81307272000004,393.81307272000004,393.81307543200006,393.81307543200006,393.81307543200006,393.81307543200006,393.81307543200006,393.81307543200006,393.81307543200006,393.81307814400003,393.95934105,393.95934105,394.10560599,394.10560599,394.10560599,394.10560599,394.10560599,394.10560599,394.10560666799995,394.25187093,394.25187364199996,394.39814061600003,394.39814061600003,394.39814061600003,394.39814061600003,394.39814061600003,394.39814061600003,394.39814061600003,394.39814061600003,394.39814061600003,394.39814061600003,394.39814061600003,394.39814061600003,394.39814061600003,394.39814061600003,394.39814129399997,394.39814129399997,394.39814129399997,394.39814129399997,394.39814129399997,394.39814129399997,394.39814129399997,394.39814129399997,394.39814129399997,394.39814129399997,394.39814129399997,394.39814129399997,394.39814129399997,394.39814129399997,394.39814129399997,394.39814129399997,394.39814129399997,394.39814129399997,394.39814129399997,394.39814129399997,394.39814129399997,394.39814129399997,394.39814129399997,394.39814129399997,394.39814129399997,394.39814129399997,394.39814129399997,394.54440555599996,394.54440555599996,394.54440555599996,394.54440555599996,394.54440555599996,394.54440555599996,394.54440555599996,394.54440555599996,394.54440555599996,394.54440555599996,394.54440555599996,394.54440555599996,394.54440555599996,394.54440555599996,394.69067253000003,394.69067253000003,394.69067253000003,394.69067253000003,394.69067253000003,394.69067253000003,394.69067253000003,394.69067253000003,394.69067253000003,394.69067253000003,394.69067253000003,394.69067253000003,394.69067253000003,394.69067253000003,394.69067253000003,394.69067253000003,394.69067253000003,394.69067253000003,394.69067253000003,394.69067253000003,394.69067253000003,394.69067253000003,394.69067253000003,394.69067253000003,394.69067253000003,394.6906732079999,394.6906732079999,394.6906732079999,394.6906732079999,394.690677276,394.690677276,394.690677276,394.690677276,394.690677276,394.690677276,394.690677276,394.69068134400004,394.69068134400004,394.69068134400004,394.69068134400004,394.69068134400004,394.69068134400004,394.69068134400004,394.69068134400004,394.69068134400004,394.69068134400004,394.69068134400004,394.69068134400004,394.690684056,394.690684056,394.690684056,394.690684056,394.690684056,394.690684056,394.690684056,394.690684056,394.690684056,394.690684056,394.690684056,394.690684056,394.690684056,394.690684056,394.690684056,394.69068609000004,394.69068609000004,394.69068609000004,394.69068609000004,394.690688802,394.690688802,394.690688802,394.690688802,394.690688802,394.690688802,394.690688802,394.690688802,394.690688802,394.690688802,394.690688802,394.690688802,394.690688802,394.690688802,394.690688802,394.690688802,394.690688802,394.690688802,394.690688802,394.690691514,394.690691514,394.690691514,394.690691514,394.690691514,394.690691514,394.690691514,394.690691514,394.690691514,394.690694226,394.690694226,394.690694226,394.690694226,394.690694226,394.690694226,394.69069626,394.69069626,394.69069626,394.69069626,394.69069626,394.69069626,394.69069626,394.69069626,394.690696938,394.690696938,394.690696938,394.690696938,394.690696938,394.690696938,394.690696938,394.690696938,394.690696938,394.690696938,394.690696938,394.690696938,394.690696938,394.690696938,394.690696938,394.690696938,394.690696938,394.690696938,394.690696938,394.690696938,394.690696938,394.690696938,394.690696938,394.690696938,394.690696938,394.690696938,394.690696938,394.690696938,394.690696938,394.690696938,394.690696938,394.690696938,394.690696938,394.690696938,394.690696938,394.690696938,394.69069761599997,394.69069761599997,394.69069761599997,394.69069761599997,394.69069761599997,394.69069761599997,394.69069761599997,394.69069761599997,394.83696255599995,394.83696255599995,394.9791730559999,394.9791730559999,394.9791730559999,395.1254359619999,395.1254359619999,395.1254359619999,395.1254359619999,395.1254359619999,395.1254359619999,395.1254359619999,395.1254359619999,395.1254359619999,395.1254359619999,395.1254366399999,395.1254366399999,395.1254366399999,395.1254366399999,395.1254366399999,395.1254366399999,395.1254366399999,395.1254366399999,395.1254366399999,395.1254366399999,395.1254366399999,395.1254366399999,395.1254366399999,395.1254366399999,395.1254366399999,395.1254366399999,395.1254366399999,395.1254366399999,395.1254366399999,395.1254366399999,395.1254366399999,395.1254366399999,395.1254366399999,395.1254366399999,395.12543731799997,395.12543731799997,395.12543731799997,395.12543731799997,395.12543731799997,395.12543731799997,395.12543731799997,395.12543731799997,395.12543731799997,395.12543731799997,395.12543731799997,395.12543731799997,395.12543731799997,395.12543731799997,395.12543731799997,395.12543731799997,395.12543731799997,395.12543731799997,395.12543731799997,395.12543731799997,395.12543731799997,395.12543731799997,395.12543799599996,395.12543799599996,395.12543799599996,395.12543799599996,395.12543799599996,395.12543799599996,395.12543799599996,395.12543799599996,395.12543799599996,395.12543799599996,395.12543799599996,395.12543799599996,395.12543799599996,395.12543799599996,395.12543799599996,395.12543799599996,395.12543799599996,395.12543799599996,395.12543799599996,395.12543799599996,395.12543799599996,395.12543799599996,395.12543799599996,395.12543799599996,395.12543799599996,395.12543799599996,395.12543799599996,395.12543799599996
49,274.966083888,295.621082688,301.29833873999996,314.146553322,318.424458054,324.316639428,329.163645156,331.848512952,333.486321618,334.646820318,336.59289999,337.979897472,338.78477771400003,339.956015256,341.42690642400004,342.525936966,342.525936966,343.21111969800006,343.458690042,344.11290173400005,344.37838822800006,345.18868908,345.18868908,345.520304982,345.520304982,345.88546629000007,345.88546629000007,346.755667086,346.755667086,348.33021360600003,348.42327181800005,348.42327181800005,348.516706998,348.77591453400004,349.11983206800005,349.5066629340001,349.757444964,350.03779254000005,350.03779254000005,350.31182115600006,350.94549826200006,351.6571263840001,352.87699686599996,354.26579715,354.42139679400003,354.42139679400003,354.543078132,354.543078132,355.289792754,355.289792754,355.816076016,356.117473458,356.560292208,356.56883297400003,356.56883297400003,356.56883297400003,356.80507597200005,356.80507597200005,356.80507597200005,357.2047901940001,357.35614894800005,357.35614894800005,357.52091786400007,357.52091786400007,357.98889990600003,357.98889990600003,358.01532156600007,358.16193703199997,358.407303198,358.629710928,359.15844516,359.4348128760001,359.65657854000005,359.65657854000005,359.65657854000005,359.65657854000005,359.65657854000005,359.65657854000005,359.903318334,360.36320980200003,360.5593884240001,360.82826288399997,360.82826288399997,360.86570340000003,360.86570340000003,360.86570340000003,360.86570340000003,360.86570340000003,360.86570340000003,360.86570340000003,360.86570340000003,361.0154519040001,361.459966332,361.459966332,361.459966332,361.459966332,361.459966332,361.9797591000001,361.9797591000001,361.9797591000001,362.03418148200006,362.03418148200006,362.0348459220001,362.657706894,363.37666284000005,363.37666284000005,363.7577727420001,363.7577727420001,363.7577727420001,363.7577727420001,363.7577727420001,363.96349692600006,363.96944230800005,363.96944230800005,364.15862600400004,364.15862600400004,364.15862600400004,364.15862600400004,364.15862600400004,364.15862600400004,364.87758940800006,364.87758940800006,365.01385791600006,366.0173813100001,366.0686435340001,366.782766696,366.782766696,367.00511883,367.00511883,367.00511883,367.08735345,367.08735345,367.28535860400007,367.49711427600005,367.56021777000007,367.56021777000007,367.56021777000007,367.60330873800007,367.60330873800007,367.75562482800007,367.75562482800007,368.50434972000005,368.63533932000007,368.63533932000007,368.63533932000007,368.63533932000007,368.63533932000007,369.31079275200005,369.31079275200005,369.4220071260001,369.4220071260001,369.7644500100001,369.7644500100001,369.7644500100001,369.8945968560001,369.8945968560001,370.32511533,370.32511533,370.7295809760001,370.7295809760001,371.492250972,371.8974929280001,371.8974929280001,371.8974929280001,371.8974929280001,372.1319744820001,372.66441398399996,372.66441398399996,372.66441398399996,372.66441398399996,372.66441398399996,372.66441398399996,372.66441398399996,372.66441398399996,372.66441398399996,372.807021792,372.866160342,372.866160342,374.124092388,374.589146148,374.589146148,375.200861478,375.200861478,375.4381072380001,375.940855764,375.940855764,375.940855764,375.940855764,375.940855764,375.940855764,375.940855764,376.19368264200006,376.19368264200006,376.19368264200006,376.19368264200006,376.19368467600003,376.7997190440001,376.82620511400006,376.82620511400006,377.2466017260001,377.3888129040001,378.043225962,378.043225962,378.043225962,378.043225962,378.043225962,378.413708892,378.413708892,378.413708892,378.413708892,378.413708892,378.83410346999995,378.83410346999995,378.83410346999995,378.83410346999995,379.400760954,379.64010376799996,379.78231562400003,379.78231562400003,379.78231562400003,379.78231562400003,379.922786376,379.922786376,380.064998232,380.0649995880001,381.61928068800006,381.63605508600006,381.89858956800003,381.89858956800003,382.24103516400004,382.24103516400004,382.24103516400004,382.24103516400004,382.24103516400004,382.24103516400004,382.38729807000004,382.38729807000004,382.38729807000004,382.38729807000004,382.38729807000004,382.67731596000004,382.67731596000004,382.67731596000004,382.67731596000004,383.05606845600005,383.5050726,384.11005132200006,384.11005132200006,384.16508119200006,384.16508187,384.63418803599995,384.63418803599995,384.81089992200003,384.81089992200003,384.81089992200003,385.014689772,385.01469045000005,385.01469045000005,385.15690366200005,385.15690366200005,385.15690366200005,385.3092217860001,385.36674669600006,385.36674669600006,385.78714195200007,386.07562010400005,386.68059950400004,386.8767747360001,386.8767747360001,386.8767747360001,386.8767747360001,386.8767747360001,386.8767747360001,386.8767747360001,386.8767747360001,386.8767747360001,386.8767747360001,386.8767747360001,387.02303560800004,387.3690427380001,387.3690427380001,387.3690427380001,387.3690427380001,387.3690427380001,387.3690427380001,387.3690427380001,387.3690427380001,387.3690427380001,387.3690427380001,387.3690427380001,387.3690427380001,387.3690427380001,387.3690427380001,387.565220004,387.565220004,387.565220004,387.565220004,387.56522271600005,387.56522271600005,387.76139998200006,387.76139998200006,387.76139998200006,387.76139998200006,387.76139998200006,387.76139998200006,387.76140133800004,387.76140133800004,387.76140133800004,388.0498788120001,388.0498788120001,388.0498788120001,388.0498788120001,388.2705386580001,388.55901409800003,388.5708492660001,388.57085333400005,388.57085333400005,388.57085333400005,388.57085333400005,388.57085333400005,388.57085333400005,388.57085333400005,388.57085333400005,388.57085333400005,388.57085333400005,388.57085333400005,388.57085333400005,388.57085672400007,388.57085672400007,388.57085672400007,388.57085672400007,388.57085672400007,388.57085672400007,389.01985951200004,389.01985951200004,389.01985951200004,389.166123774,389.166123774,389.166123774,389.166123774,389.166123774,389.166123774,389.166123774,389.166123774,389.166123774,389.166126486,389.166126486,389.166126486,389.166126486,389.16612919800014,389.16612919800014,389.16612919800014,389.1661319100001,389.1661319100001,389.1661319100001,389.1661319100001,389.1661319100001,389.1661319100001,389.17796707800005,389.17796707800005,389.17796707800005,389.17796707800005,389.17796707800005,389.17796707800005,389.17796707800005,389.17796707800005,389.17796707800005,389.324233374,389.324233374,389.324233374,389.324233374,389.324233374,389.324233374,389.324233374,389.324233374,389.324233374,389.4705003480001,389.4705003480001,389.89089492600004,389.89089492600004,389.89089492600004,389.89089492600004,389.89089492600004,389.89089492600004,389.89089696,389.89089696,390.037161222,390.037161222,390.037164612,390.037164612,390.037164612,390.03716528999996,390.03716528999996,390.03716528999996,390.03716528999996,390.45755715600006,390.4575598680001,390.4575598680001,390.60382548600006,390.60382548600006,390.60382548600006,390.60382548600006,390.60382819800003,390.60382819800003,390.60383091000006,390.60383091000006,390.60383091000006,390.6038322660001,390.6038322660001,390.6038322660001,390.6038343000001,390.6038343000001,390.6038343000001,390.6038343000001,390.6038343000001,390.6038343000001,390.7460461560001,390.89230906200004,390.89230906200004,390.89230906200004,390.89230906200004,390.89230906200004,390.8923104180001,390.8923104180001,390.8923104180001,390.89231109600007,390.89231109600007,390.89231109600007,390.89231109600007,390.89231109600007,390.89231109600007,390.89231109600007,390.89231109600007,390.89231109600007,390.89231109600007,390.89231109600007,390.89231177400006,390.89231380800004,390.89231380800004,390.89231448600003,390.89231448600003,390.89231448600003,390.89231448600003,390.89231448600003,390.89231448600003,390.89231448600003,390.89231448600003,390.89231448600003,390.89231448600003,390.89231448600003,390.89231448600003,390.89231448600003,390.89231448600003,391.03452566400006,391.03452566400006,391.03452566400006,391.03452769800003,391.03452769800003,391.034528376,391.0345317660001,391.0345317660001,391.0345317660001,391.0345317660001,391.0345317660001,391.0345317660001,391.0345317660001,391.034532444,391.034532444,391.034532444,391.034532444,391.034532444,391.034532444,391.1807987400001,391.1807987400001,391.1807987400001,391.1807987400001,391.1807987400001,391.32706368000004,391.32706368000004,391.615541832,391.615541832,391.615541832,391.615541832,391.6155459000001,391.6155459000001,391.6155459000001,391.6155459000001,391.6155459000001,391.6155459000001,391.6155459000001,391.6155459000001,391.6155459000001,391.6155459000001,391.6155459000001,391.6155459000001,391.6155459000001,391.6155459000001,391.61554725600007,391.61554725600007,391.61554725600007,391.61554725600007,391.61554725600007,391.61554725600007,391.61554725600007,391.61910675600006,391.61910675600006,391.61910675600006,391.61910675600006,391.61910675600006,391.61910675600006,391.761319968,391.90758423,391.90758423,391.90758423,391.965108462,391.965108462,391.965108462,391.965108462,391.965108462,391.965108462,391.96510914,391.96510914,392.02263811800003,392.02263811800003,392.02263811800003,392.0226428639999,392.07660963,392.07660963,392.07660963,392.07661234200003,392.07661234200003,392.07661234200003,392.07661234200003,392.07661234200003,392.07661234200003,392.07661234200003,392.07661234200003,392.07661234200003,392.076615054,392.076615054,392.076615054,392.076615054,392.076615054,392.076615054,392.2347104159999,392.2347104159999,392.2347104159999,392.2347104159999,392.3809746779999,392.3809746779999,392.3809773899999,392.3809773899999,392.3809773899999,392.380978068,392.380978068,392.380978068,392.380978068,392.380978068,392.380978068,392.380978068,392.65916078999993,392.65916078999993,392.65916078999993,392.65916078999993,392.65916078999993,392.65916078999993,392.65916078999993,392.65916078999993,392.65916078999993,392.65916078999993,392.65916078999993,392.65916078999993,392.65916350199996,392.65916350199996,392.65916350199996,392.65916350199996,392.65916350199996,392.65916350199996,392.8013746799999,392.8013746799999,392.80137739199995,392.80137739199995,392.8013794259999,392.94764639999994,392.94764639999994,392.94764639999994,393.093910662,393.093910662,393.09391405199995,393.09391405199995,393.09391405199995,393.09391405199995,393.09391405199995,393.09391405199995,393.09391405199995,393.09391405199995,393.09391405199995,393.09391405199995,393.093916086,393.09391744199996,393.09391744199996,393.09391811999996,393.09391811999996,393.09391811999996,393.09392015399993,393.09392015399993,393.09392015399993,393.0939208319999,393.0939208319999,393.2401850939999,393.2401850939999,393.2401850939999,393.2401850939999,393.2401850939999,393.2401850939999,393.2401850939999,393.2401850939999,393.2401850939999,393.2401850939999,393.2401850939999,393.2401850939999,393.2401850939999,393.2401850939999,393.2401850939999,393.24018780599994,393.24018780599994,393.24018780599994,393.24018780599994,393.24018780599994,393.24018780599994,393.24018780599994,393.24018780599994,393.24018780599994,393.24018780599994,393.24018780599994,393.24018780599994,393.24018780599994,393.24018780599994,393.24018780599994,393.24018780599994,393.24018780599994,393.38239898399996,393.38239898399996,393.38239898399996,393.52866324599995,393.52866324599995,393.52866324599995,393.52866324599995,393.52866324599995,393.52866324599995,393.52866324599995,393.52866324599995,393.52866324599995,393.52866324599995,393.52866324599995,393.67087306799993,393.67087306799993,393.67087306799993,393.67087306799993,393.8171393639999,393.8171393639999,394.1056148039999,394.105616838,394.105616838,394.105616838,394.105616838,394.105616838,394.105616838,394.105616838,394.105616838,394.105616838,394.105616838,394.25188381199996,394.25188381199996,394.25188381199996,394.25188381199996,394.25188381199996,394.25188381199996,394.25188381199996,394.25188381199996,394.25188381199996,394.25188381199996,394.25188381199996,394.25188381199996,394.25188381199996,394.25188381199996,394.25188448999995,394.25188448999995,394.25188448999995,394.25188448999995,394.25188448999995,394.25188448999995,394.25188448999995,394.25188448999995,394.25188448999995,394.25188448999995,394.25188448999995,394.25188448999995,394.25188516799994,394.25188516799994,394.25188516799994,394.25188584599994,394.25188584599994,394.25188584599994,394.25188584599994,394.25188584599994,394.25188584599994,394.25188584599994,394.3981480739999,394.3981480739999,394.3981480739999,394.3981480739999,394.3981480739999,394.3981480739999,394.3981480739999,394.3981480739999,394.3981480739999,394.3981480739999,394.3981480739999,394.3981480739999,394.3981480739999,394.3981480739999,394.3981480739999,394.3981480739999,394.3981480739999,394.3981480739999,394.3981480739999,394.3981480739999,394.3981480739999,394.3981480739999,394.3981480739999,394.398150108,394.398150108,394.398150108,394.398150108,394.398150108,394.398150108,394.398150108,394.398150108,394.398150108,394.398150108,394.398150108,394.398150108,394.398150108,394.3981507859999,394.3981507859999,394.3981507859999,394.3981507859999,394.3981507859999,394.3981507859999,394.3981507859999,394.3981507859999,394.54441504799996,394.54441504799996,394.54441504799996,394.54441504799996,394.54441504799996,394.54441504799996,394.54441504799996,394.54441504799996,394.54441504799996,394.54441504799996,394.54441504799996,394.54441504799996,394.54441504799996,394.54441504799996,394.54441504799996,394.54441504799996,394.54441504799996,394.54441504799996,394.54441504799996,394.54441504799996,394.54441504799996,394.54441504799996,394.54441504799996,394.54441504799996,394.54441504799996,394.54441504799996,394.54441504799996,394.54441504799996,394.54441504799996,394.54441504799996,394.54441504799996,394.54441504799996,394.54441504799996,394.54441504799996,394.54441504799996,394.54441504799996,394.54441504799996,394.54441504799996,394.54441504799996,394.54441504799996,394.54441504799996,394.54441504799996,394.68662622599993,394.6866269039999,394.6866269039999,394.6866269039999,394.6866269039999,394.6866269039999,394.6866269039999,394.6866269039999,394.6866269039999,394.6866269039999,394.6866269039999,394.6866269039999,394.6866269039999,394.6866275819999,394.6866275819999,394.6866275819999,394.6866275819999,394.6866275819999,394.6866275819999,394.6866275819999,394.6866275819999,394.6866275819999,394.6866275819999,394.6866275819999,394.6866275819999,394.6866275819999,394.6866275819999,394.6866275819999,394.6866275819999,394.6866275819999,394.6866275819999,394.6866275819999,394.6866275819999,394.6866275819999,394.6866275819999,394.6866296159999,394.6866296159999,394.6866296159999,394.6866296159999,394.6866296159999,394.6866296159999,394.6866296159999,394.6866296159999,394.6866296159999,394.6866296159999,394.6866296159999,394.6866296159999,394.6866296159999,394.6866296159999,394.6866296159999,394.6866296159999,394.6866296159999,394.6866296159999,394.6866296159999,394.6866296159999,394.6866296159999,394.6866296159999,394.6866296159999,394.6866296159999,394.6866296159999,394.6866296159999,394.6866296159999,394.6866296159999,394.6866296159999,394.6866296159999,394.6866296159999,394.6866296159999,394.6866296159999,394.6866296159999,394.6866296159999,394.6866296159999,394.6866296159999,394.6866296159999,394.6866296159999,394.6866296159999,394.68663029399994,394.68663029399994,394.68663029399994,394.68663029399994,394.68663029399994,394.68663029399994,394.68663029399994,394.68663029399994,394.68663029399994,394.68663029399994,394.68663029399994,394.68663029399994,394.686632328,394.686632328,394.686632328,394.686632328,394.686632328,394.686632328,394.686632328,394.686632328,394.686632328,394.686632328,394.686632328,394.686632328,394.686632328,394.686632328,394.686632328,394.686632328,394.686632328,394.686632328,394.686632328,394.686632328,394.686632328,394.686632328,394.686632328,394.686632328,394.686632328,394.686632328,394.686632328,394.686632328,394.686632328,394.686632328,394.6866330059999,394.6866330059999,394.6866330059999,394.6866330059999,394.6866330059999,394.6866330059999,394.6866330059999,394.6866343619999,394.6866343619999,394.6866343619999,394.6866343619999,394.6866343619999,394.6866343619999,394.6866343619999,394.6866343619999,394.6866343619999,394.6866343619999,394.6866343619999,394.6866343619999,394.6866343619999,394.8329013359999,394.8329013359999,394.8329013359999,394.8329013359999,394.8329013359999,394.8329013359999,394.8329013359999,394.8329013359999,394.8329013359999,394.8329013359999,394.8329013359999,394.8329013359999,394.8329013359999,394.8329013359999,394.8329013359999,394.8329013359999,394.8329013359999,394.8329013359999,394.97916424199997,394.97916424199997,394.97916424199997,394.97916424199997,394.97916424199997,394.97916424199997,394.97916424199997,394.97916424199997,394.97916424199997,394.97916424199997,394.97916424199997,394.97916559799995,394.97916559799995,394.97916559799995,394.97916559799995,394.97916559799995,394.9791676319999,394.97917034399995,394.97917034399995,394.97917034399995,394.97917034399995,394.97917034399995,394.97917034399995,394.97917034399995,394.97917034399995,394.97917034399995,394.97917034399995,394.97917034399995,394.97917034399995,394.97917034399995,394.97917034399995,394.97917034399995,394.97917034399995,394.97917034399995,394.97917034399995,394.97917034399995,394.97917034399995,394.97917034399995,394.97917034399995,394.97917034399995,394.97917034399995,394.97917034399995,394.97917034399995,394.97917034399995,394.97917034399995,394.97917034399995,394.97917034399995,394.97917034399995,394.97917034399995,394.97917034399995,394.97917034399995
50,273.428217846,291.54853059600003,300.62895951,311.034274326,321.911082546,323.69104815,326.43667017,329.388733698,332.05418560800007,334.03256926800003,334.99503908400004,337.11978735,337.182686088,339.026892192,341.70941207400006,342.04953619800006,342.39171601800007,344.247886788,344.59283556,346.9988921280001,347.7404519160001,348.2663622780001,348.2663622780001,348.4335699600001,348.686449722,349.38532805400007,349.89392094000004,350.0064065640001,351.5952988860001,354.29544676800003,354.3513736320001,355.42274380800006,356.1223618380001,356.12236251600007,356.5407902160001,356.5407902160001,356.5407902160001,356.66917019400006,357.3448697400001,357.3448697400001,357.3448697400001,357.4941551700001,357.72945168000007,357.80537073000005,357.80537073000005,357.80537073000005,357.80537073000005,358.06790453400004,358.45458963000004,358.61627229000004,358.61627229000004,358.61627229000004,358.61627229000004,358.61627229000004,358.61627229000004,358.61627229000004,358.8705378840001,359.3007438000001,359.3007438000001,359.3007438000001,359.3007438000001,359.433822318,359.433822318,359.505985926,359.505985926,359.65541916,359.908776234,359.908776234,359.9159223540001,360.0585762660001,360.5613275040001,360.5613275040001,360.5613275040001,360.5613275040001,360.5613275040001,360.5613275040001,360.5613275040001,360.5613275040001,360.5613275040001,360.5613275040001,360.5613275040001,360.5613275040001,360.5613275040001,360.5613275040001,360.5613275040001,360.76585773000005,361.1963436600001,361.36021693800006,361.4643346860001,361.4643346860001,361.4643346860001,361.4643346860001,361.79977722,362.4447389580001,363.2256485100001,363.2256485100001,363.2256485100001,364.15384203600007,364.26177692400006,364.58471578200005,365.46534218400006,365.46534218400006,365.65159081800005,365.65159081800005,365.65159081800005,365.65159081800005,366.81735283200004,366.81735283200004,366.81735283200004,366.81735283200004,367.07446670400003,367.13019966,367.13019966,367.13019966,367.146978126,367.310846658,367.310846658,368.126585748,368.30329492199996,368.768889726,368.846101722,368.846101722,368.863712772,368.863712772,368.863712772,369.322818438,369.322818438,369.65585407200007,369.65585407200007,369.65585407200007,369.65585407200007,369.983784366,369.983784366,370.09104735600005,370.512796578,370.568532924,370.568532924,371.03358804000004,371.03358804000004,371.41010991600007,371.41011195,371.41011195,371.41011195,371.41011195,371.73295521,372.16080711,372.360543876,372.51285996599995,372.51285996599995,372.51416308200004,372.62290546799994,372.62290546799994,372.62290546799994,372.62290546799994,372.62290546799994,372.62290546799994,372.677330562,373.727124066,373.727124066,373.727124066,374.16187597199996,374.215842738,374.215842738,374.36210903399996,374.36210903399996,374.36210903399996,374.36210903399996,374.36210903399996,374.460080034,374.460080034,374.460080034,374.9251331159999,375.460586328,375.460586328,375.460586328,376.31116783799996,376.4574321,376.4574321,377.047804668,377.047804668,377.047804668,377.411315046,377.94099780000005,377.998524744,377.998524744,378.05605643399997,378.05605643399997,378.3985020299999,378.85721445599995,378.85721445599995,378.85721445599995,378.85721445599995,378.85721445599995,378.85721445599995,378.85721445599995,379.296011988,379.750905918,379.750905918,380.4203726100001,380.4203726100001,380.56663755,380.56663755,381.139336014,381.139336014,381.139336014,381.139336014,381.2798406659999,381.2798406659999,381.2798406659999,381.2798406659999,381.2798406659999,381.738553092,381.991379292,381.991379292,382.324593918,382.324593918,382.47085817999994,382.47085817999994,382.929569928,383.07583419,383.07583419,383.272012812,383.272012812,383.272012812,383.50806190199995,383.6102453159999,383.8064239379999,383.968741206,383.968741206,383.968741206,384.11500411199995,384.11500411199995,384.11500411199995,384.11500411199995,384.393188868,384.393188868,384.393188868,384.393188868,384.44715699,384.44715699,384.59342599799993,384.59342599799993,384.73564056600003,384.73564056600003,384.73564056600003,384.73564056600003,384.73564056600003,384.73564056600003,384.73564056600003,384.73564056600003,384.73564056600003,384.73564056600003,384.88190482799996,384.88190482799996,384.88190482799996,384.88190482799996,385.07808277199996,385.07808277199996,385.07808277199996,385.07808277199996,385.078085484,385.078085484,385.078085484,385.078085484,385.50860463600003,385.50860463600003,385.50860463600003,385.50860667,385.650818526,385.650818526,385.793029704,385.793029704,385.793029704,385.939293966,385.93929464400003,386.08556094,386.08556094,386.08556094,386.534565084,386.68082934600005,386.68082934600005,386.68082934600005,386.905045302,386.905045302,386.90504598,386.90504598,386.90504598,386.90504598,386.905048692,386.905048692,386.905048692,386.905048692,387.04725919199996,387.04725919199996,387.04725919199996,387.04725919199996,387.047261226,387.047261226,387.047261226,387.047261226,387.047261226,387.047261226,387.047261226,387.047261226,387.246999348,387.246999348,387.246999348,387.246999348,387.246999348,387.246999348,387.246999348,387.39326361,387.539527872,387.539527872,387.539527872,387.68173633800006,387.82800059999994,387.82800059999994,387.82800059999994,388.05221655599996,388.194426378,388.20625679999995,388.20625679999995,388.20625679999995,388.20625679999995,388.348467978,388.63694613,388.63694613,388.63694613,388.63694613,388.63694613,388.91513292,388.91513292,389.061395826,389.061395826,389.061395826,389.061395826,389.061395826,389.061395826,389.061395826,389.061395826,389.061395826,389.061395826,389.061395826,389.061395826,389.061395826,389.510397258,389.510397258,389.510397258,389.510397258,389.510397258,389.510397258,389.510397258,389.65260911400003,389.65260911400003,389.65260911400003,389.652611826,389.652611826,389.652611826,389.652611826,389.652611826,389.652611826,389.652611826,389.652611826,389.652611826,389.876827104,389.876827104,389.876827104,389.876827104,390.01903692599996,390.21877369199996,390.21877369199996,390.21877369199996,390.21877369199996,390.21877369199996,390.21877369199996,390.21877369199996,390.21877369199996,390.36503659799996,390.36503659799996,390.36503659799996,390.36503659799996,390.36503659799996,390.36503659799996,390.36503659799996,390.36503659799996,390.511301538,390.511301538,390.511301538,390.65756444399995,390.8817837899999,390.8817837899999,390.8817837899999,390.8817837899999,391.0280446619999,391.0280446619999,391.0280446619999,391.0280446619999,391.0280446619999,391.0280446619999,391.0280446619999,391.0280446619999,391.0280446619999,391.0280446619999,391.0280446619999,391.02804533999995,391.02804533999995,391.02804533999995,391.02804533999995,391.02804533999995,391.02804533999995,391.08200871599996,391.22827365599994,391.282239744,391.282239744,391.282239744,391.28224109999996,391.28224109999996,391.28224109999996,391.47841700999993,391.47841700999993,391.4784190439999,391.4784190439999,391.6246880519999,391.6246880519999,391.96307378399996,391.96307378399996,391.9630778519999,391.9630778519999,391.9630778519999,391.9630778519999,391.9630785299999,392.10934279199995,392.10934279199995,392.10934279199995,392.10934279199995,392.2556104439999,392.2556104439999,392.2556104439999,392.2556104439999,392.2556104439999,392.2556104439999,392.2556104439999,392.313136032,392.31313670999987,392.31313670999987,392.31313670999987,392.31313670999987,392.31313670999987,392.31313670999987,392.31313670999987,392.45941114199996,392.45941114199996,392.45941114199996,392.60162164199994,392.601624354,392.659151298,392.659151298,392.659151298,392.659151298,392.65915333199996,392.65915333199996,392.659154688,392.659154688,392.659154688,392.659154688,392.659154688,392.659154688,392.659155366,392.659155366,392.659155366,392.659155366,392.80136789999995,393.0898426619999,393.0898426619999,393.0898426619999,393.0898426619999,393.0898426619999,393.0898426619999,393.08984401799995,393.08984401799995,393.0898467299999,393.0898467299999,393.23611234799995,393.23611234799995,393.2361150599999,393.2361150599999,393.2361150599999,393.2361150599999,393.2361150599999,393.2361150599999,393.2361150599999,393.2361150599999,393.2361150599999,393.2361150599999,393.3823799999999,393.3823799999999,393.382382034,393.382382034,393.382382034,393.382382034,393.382382034,393.382382034,393.5286469739999,393.52864968599994,393.52864968599994,393.52864968599994,393.5286510419999,393.5286510419999,393.5286510419999,393.5286510419999,393.52865307599996,393.52865307599996,393.52865307599996,393.52865307599996,393.52865511,393.52865511,393.52865511,393.67491801599994,393.6749186939999,393.6749186939999,393.6749186939999,393.6749186939999,393.6749186939999,393.6749186939999,393.6749186939999,393.6749186939999,393.6749186939999,393.6749186939999,393.6749186939999,393.6749186939999,393.6749186939999,393.6749214059999,393.6749214059999,393.6749214059999,393.6749214059999,393.6749214059999,393.6749214059999,393.6749214059999,393.6749214059999,393.6749214059999,393.6749214059999,393.6749214059999,393.6749214059999,393.6749214059999,393.6749214059999,393.6749214059999,393.6749214059999,393.6749214059999,393.6749214059999,393.6749214059999,393.6749214059999,393.6749214059999,393.6749214059999,393.6749214059999,393.6749214059999,393.6749214059999,393.6749214059999,393.821190414,393.821190414,393.821190414,393.821190414,393.821190414,393.821190414,393.96745332,393.96745332,393.96745332,393.96745332,393.96745332,393.96745332,393.96745332,393.96745332,393.96745332,393.96745332,393.96745332,393.96745332,393.96745332,393.96745332,393.96745332,393.96745332,393.96745332,393.96745332,393.96745332,393.96745332,393.96745332,393.96745332,393.96745332,393.96745332,393.96745332,393.96745332,393.967454676,393.967454676,393.967454676,393.967454676,393.967454676,393.967454676,393.967454676,393.967454676,393.967454676,393.967454676,393.967454676,393.967454676,393.967454676,393.967454676,393.967454676,393.967454676,394.10966585399996,394.10966585399996,394.10966585399996,394.10966585399996,394.10966585399996,394.10966585399996,394.10966585399996,394.10966585399996,394.10966585399996,394.10966585399996,394.10966585399996,394.10966585399996,394.10966585399996,394.10966585399996,394.10966585399996,394.10966585399996,394.10966585399996,394.10966585399996,394.10966585399996,394.10966585399996,394.10966585399996,394.10966585399996,394.25593147199993,394.25593147199993,394.25593147199993,394.25593147199993,394.25593147199993,394.25593147199993,394.25593147199993,394.25593147199993,394.25593147199993,394.25593147199993,394.25593147199993,394.25593215000004,394.25593215000004,394.25593215000004,394.25593215000004,394.25593215000004,394.25593215000004,394.25593215000004,394.25593215000004,394.25593215000004,394.25593215000004,394.25593215000004,394.255933506,394.255933506,394.255933506,394.255933506,394.255933506,394.255933506,394.255933506,394.255933506,394.255933506,394.255933506,394.255933506,394.255933506,394.255936218,394.255936218,394.255936218,394.255936218,394.255936218,394.255936218,394.40220048,394.40220048,394.40220048,394.40220048,394.40220048,394.40220048,394.40220048,394.40220048,394.40220048,394.40220048,394.40220048,394.40220048,394.40220048,394.40220048,394.40220048,394.40220048,394.40220048,394.40220048,394.40220048,394.40220048,394.40220048,394.40220048,394.40220048,394.40220048,394.40220048,394.40220048,394.40220048,394.40220048,394.40220048,394.40220048,394.40220048,394.40220048,394.40220048,394.40220048,394.40220048,394.40220048,394.40220048,394.40220048,394.40220048,394.40220115799997,394.40220115799997,394.40220115799997,394.40220386999994,394.40220386999994,394.40220386999994,394.40220386999994,394.40220386999994,394.40220454799993,394.40220454799993,394.40220454799993,394.40220454799993,394.40220454799993,394.40220454799993,394.40220454799993,394.40220454799993,394.40220454799993,394.40220454799993,394.40220454799993,394.54847084399995,394.54847084399995,394.54847084399995,394.54847084399995,394.54847084399995,394.54847084399995,394.54847152199994,394.54847152199994,394.54847152199994,394.54847152199994,394.54847152199994,394.54847152199994,394.54847152199994,394.54847152199994,394.54847626799994,394.54847626799994,394.54847626799994,394.54847626799994,394.54847626799994,394.54847626799994,394.54847626799994,394.54847626799994,394.5484789799999,394.5484789799999,394.5484789799999,394.5484789799999,394.5484789799999,394.5484789799999,394.5484789799999,394.5484789799999,394.5484789799999,394.5484789799999,394.5484789799999,394.5484789799999,394.5484789799999,394.5484789799999,394.5484789799999,394.5484789799999,394.5484789799999,394.5484789799999,394.5484789799999,394.5484789799999,394.5484789799999,394.5484789799999,394.5484789799999,394.5484789799999,394.5484789799999,394.5484789799999,394.83695713199995,394.83695713199995,394.83695713199995,394.83695713199995,394.83695713199995,394.83695713199995,394.83695713199995,394.83695713199995,394.83695713199995,394.83695713199995,394.83695713199995,394.83695713199995,394.83695713199995,394.83695713199995,394.83695713199995,394.83695713199995,394.83695713199995,394.83695713199995,394.83695713199995,394.83695780999994,394.83695780999994,394.83695780999994,394.83695780999994,394.83695780999994,394.83695780999994,394.83695780999994,394.83695780999994,394.83695780999994,394.83695780999994,394.83695780999994,394.83695780999994,394.83695780999994,394.83695780999994,394.83695780999994,394.83695780999994,394.83695780999994,394.83695780999994,394.83695780999994,394.83695780999994,394.83695780999994,394.83695780999994,394.83695780999994,394.83695780999994,394.83695780999994,394.97916898799997,394.97916898799997,394.97916898799997,394.97916898799997,394.97916898799997,394.97916898799997,394.97916898799997,394.97916898799997,394.97916898799997,394.97916898799997,394.97916898799997,394.97916898799997,394.97916898799997,394.97916898799997,394.97916898799997,394.97916898799997,394.97916898799997,394.97916898799997,394.97916898799997,394.97916898799997,394.97916898799997,394.97916898799997,394.97916898799997,394.97916898799997,394.97916898799997,394.97916898799997,394.97916898799997,394.97916898799997,394.97916898799997,394.97916898799997,394.97916898799997,394.97916898799997,394.97916898799997,394.97916898799997,394.97916898799997,394.97916898799997,394.97916898799997,394.97916898799997,394.97916898799997,394.97916898799997,394.97916898799997,394.97916898799997,394.97916898799997,394.97916898799997,394.97916898799997,394.97916898799997,394.97916898799997,394.97916898799997,394.97916898799997,394.97916898799997,394.97916898799997,394.97916898799997,394.97916898799997,394.97916898799997,394.97916898799997,394.97916898799997,394.97916898799997,394.97916898799997,394.97916898799997,394.97916898799997,394.97916898799997,394.97916898799997,394.97916898799997,394.97916898799997,394.97916898799997,394.97916898799997,394.97916898799997,394.97916898799997,394.97916898799997,394.97916898799997,394.97916898799997,394.97916898799997,394.97916898799997,394.97916898799997,394.97916898799997,394.97916898799997,394.97916898799997,394.97916898799997,394.97916898799997,394.97916898799997,394.97916898799997,394.97916898799997,394.97916898799997,394.97916898799997,394.97916898799997,394.97916898799997,394.97916898799997,394.97916898799997,394.97916898799997,394.97916898799997,394.97916898799997,394.97916898799997,394.97916898799997,394.97916898799997,394.97916898799997,394.97916898799997,394.97916898799997,394.97916898799997,394.97916898799997,394.97916898799997,394.97916898799997,394.97916898799997,394.97916898799997,394.97916898799997,394.97916898799997,394.97916898799997,394.97916898799997,394.97916898799997,394.97916898799997,394.97916898799997,394.97916898799997,394.97916898799997,394.97916898799997,394.97916898799997,394.97916898799997,394.97916898799997,394.97916898799997,394.97916898799997,394.97916898799997,394.97916898799997,394.97916898799997,394.97916898799997,394.97916898799997,394.97916898799997,394.97916898799997,394.97916898799997,394.97916898799997,394.97916898799997,394.97916898799997,394.97916898799997,394.97916898799997,394.97916898799997,394.97916898799997,394.97916898799997,394.97916898799997,394.97916898799997,394.97916898799997,394.97916898799997,394.97916898799997,394.97916898799997,394.97916898799997,394.97916898799997,394.97916898799997,394.97916898799997,394.97916898799997,394.97916898799997,394.97916898799997,394.97916898799997,394.97916898799997,394.97916966599996,394.97916966599996,394.97916966599996,394.97916966599996,394.97916966599996,394.97916966599996,394.97916966599996,394.97916966599996,394.97916966599996,394.97916966599996,394.97916966599996,394.97916966599996,394.97916966599996,394.97916966599996,394.97916966599996,394.97916966599996,394.97916966599996,394.97916966599996,394.97916966599996,394.97916966599996,394.97916966599996,394.97917034399995,394.97917034399995,394.97917034399995,394.97917034399995,394.97917034399995,394.97917034399995,394.97917034399995,394.97917034399995,394.97917034399995,394.97917034399995,394.97917034399995,394.97917034399995
51,282.439665684,301.66580863800004,314.657146986,317.808918804,320.724108624,325.14212476800003,328.49527343400007,328.6658256900001,330.0110109120001,332.46919754400005,333.828591612,336.0347330999999,340.00442988,340.081577466,340.4625110879999,341.02381440599993,341.55831096,341.5701142619999,342.266357208,342.33611798399994,342.45740472599994,343.094641332,343.23016268400005,344.598496182,345.937498044,346.17591877800004,346.17591877800004,346.17591877800004,346.3537019040001,346.3537019040001,346.4999444700001,346.77279201000005,347.657118258,347.657118258,347.930416668,347.930416668,347.96422107000006,349.155286722,349.975434846,351.34499416799997,352.79774409000004,352.79774409000004,353.51716514400005,353.51716514400005,354.8378786340001,355.50219117000006,355.5835206600001,355.5835206600001,355.95875365800003,355.95875365800003,355.95875365800003,356.19625705800007,356.19625705800007,356.46763808400004,356.54157534,357.04975329000007,357.04975329000007,357.04975329000007,357.211033218,357.56841515400004,357.90331596600004,358.16033763,358.16033763,359.43283176,359.796294678,360.52516772999996,360.648894594,360.686948022,360.70742769000003,362.007345564,362.39284077,362.49655442999995,362.49655442999995,362.49655442999995,363.340760028,363.682615086,363.827403342,363.827403342,363.93401613000003,363.93401613000003,363.93401613000003,364.29359953200003,364.29359953200003,364.29359953200003,364.666592418,364.666592418,364.91877790800004,365.143780344,365.143780344,365.6351283000001,365.884392966,365.884392966,365.884392966,365.884392966,365.96530887600005,365.96530887600005,365.96530887600005,366.05560966200005,366.50296762199997,366.50296762199997,366.76641808200003,366.962597382,367.10886232200005,367.37701064400005,367.707065112,367.707065112,367.71677475,368.40541528200004,368.40541528200004,368.62963191600005,368.65318970399994,369.029741412,369.029741412,370.02704822400005,370.02704822400005,370.02704822400005,370.05601577399995,370.061876406,370.061876406,370.061876406,370.061876406,370.222090518,370.222090518,370.222090518,370.44630647400004,370.44630647400004,370.49559504000007,370.49559504000007,371.068295538,371.381709852,371.527974792,371.5286710980001,372.250836018,372.250836018,372.250836018,372.475051974,372.49109955600005,373.09384494600005,373.09384494600005,373.881516192,374.168051196,374.41518423,374.59006077,374.59006077,374.788525608,374.788525608,375.556748424,375.556748424,375.556748424,375.556748424,375.556748424,375.556748424,375.556748424,376.04567049599996,376.515148206,377.2173345,377.413511766,377.413511766,377.413511766,377.55401506199996,377.816551578,377.870519022,378.78620344800004,378.78620344800004,378.78620344800004,378.78620344800004,379.13084373,379.13084373,379.13084373,379.13084373,379.168093728,379.38023246999995,379.38023246999995,379.38023246999995,379.97144779199994,380.167626414,380.167626414,380.167626414,381.259021998,381.259021998,381.25902471,381.60146894999997,381.60146962799996,381.797650284,381.797650284,381.797650284,381.797650284,381.797650284,381.797650284,381.939859428,382.13603804999997,382.28230434600005,382.28230434600005,382.624749264,382.624749264,382.84540707599996,382.84540843199994,382.89484344600004,382.89484344600004,382.89484344600004,382.89484344600004,382.89484344600004,383.77395316199994,383.77395316199994,383.773955196,383.773955196,383.773955196,383.773955196,383.773955196,383.773955196,384.390527718,384.6830603099999,384.6830603099999,384.6830603099999,384.6830603099999,384.82932999599996,385.06537976399994,385.06537976399994,385.06537976399994,385.944487446,385.944487446,385.954200474,385.954200474,385.954200474,385.954200474,385.954200474,385.954200474,385.954200474,386.24673035399996,386.24673035399996,386.49955316399996,386.49955316399996,386.984207904,387.27422376000004,387.27422376000004,387.27422376000004,387.27422376000004,387.27422376000004,387.420490056,387.420490056,387.420490056,387.90920127000004,388.63710139200003,388.63710139200003,388.63710139200003,388.63710139200003,388.63710139200003,389.06933046000006,389.06933046000006,389.06933046000006,389.06933046000006,389.06933046000006,389.06933385,389.27312709000006,389.27312709000006,389.27312709000006,389.27312709000006,389.41939203000004,389.41939203000004,389.41939203000004,389.87810649000005,389.87810649000005,389.87810649000005,390.02437075200004,390.02437075200004,390.024374142,390.170640438,390.170640438,390.3169047,390.3169047,390.3169047,390.60538420800003,390.60538420800003,390.60538692,390.60538692,391.04012729999994,391.18639020599994,391.18639020599994,391.18639427399995,391.3326605699999,391.33266396,391.33266396,391.33266396,391.33266396,391.33266396,391.33266396,391.33266396,391.33266396,391.33266396,391.33266396,391.33266396,391.332664638,391.47487445999997,391.47487445999997,391.474875816,391.474875816,391.474875816,391.474875816,391.474875816,391.474875816,391.474875816,391.474875816,391.62113872199996,391.767403662,391.767403662,391.767403662,391.767403662,391.767403662,391.767403662,391.767403662,391.767403662,391.767403662,391.767403662,392.05587706800003,392.055878424,392.055878424,392.055878424,392.05588045799993,392.05588045799993,392.055882492,392.055882492,392.055882492,392.055882492,392.202148788,392.202148788,392.34841372799997,392.34841372799997,392.34841372799997,392.348414406,392.348414406,392.548153206,392.548153206,392.54815659599996,392.54815659599996,392.836632036,392.836632036,392.836632036,392.982899688,392.982900366,392.982900366,392.98290104399996,392.98290104399996,392.98290104399996,392.982901722,392.982901722,392.982901722,393.12511290000003,393.12511290000003,393.12511290000003,393.12511290000003,393.12511290000003,393.12511290000003,393.12511290000003,393.12511357799997,393.12511357799997,393.12511357799997,393.12511357799997,393.12511357799997,393.12511357799997,393.125114934,393.125114934,393.125117646,393.125120358,393.125120358,393.125120358,393.125120358,393.12512307,393.12512307,393.12512307,393.12512307,393.12512307,393.12512307,393.12512374799996,393.12512374799996,393.12512374799996,393.27138665399997,393.27138665399997,393.27138665399997,393.27138665399997,393.27138665399997,393.413597154,393.413597154,393.413597154,393.413597154,393.413597154,393.413597154,393.41359783199994,393.41359783199994,393.41359783199994,393.413600544,393.413600544,393.413600544,393.413600544,393.55986684000004,393.55986684000004,393.55986751800003,393.617393784,393.617396496,393.76366279199993,393.905871258,393.905871258,394.05213552000004,394.05213552000004,394.05214162199997,394.05214162199997,394.05214162199997,394.05214162199997,394.05214162199997,394.05214162199997,394.05214162199997,394.05214162199997,394.05214162199997,394.05214162199997,394.05214162199997,394.05214162199997,394.05214162199997,394.3406170619999,394.3406170619999,394.3406170619999,394.3406170619999,394.340620452,394.34062316399996,394.34062316399996,394.34062316399996,394.34062316399996,394.34062316399996,394.34062316399996,394.34062316399996,394.34062316399996,394.34062316399996,394.34062316399996,394.34062316399996,394.34062316399996,394.340623842,394.340623842,394.34062452,394.34062452,394.34062452,394.34062452,394.34062452,394.34062452,394.34062452,394.34062452,394.34062452,394.34062452,394.34062452,394.34062452,394.34062452,394.34062452,394.34062452,394.34062452,394.34062452,394.34062452,394.34062452,394.34062452,394.34062452,394.34062452,394.340625198,394.340625198,394.340625198,394.340625198,394.340625198,394.340625198,394.340625198,394.340625198,394.340625198,394.340625198,394.340625198,394.340625198,394.340625198,394.340625198,394.340625198,394.340625198,394.340625198,394.340625876,394.340625876,394.340625876,394.340625876,394.340625876,394.340626554,394.340626554,394.340626554,394.340626554,394.340626554,394.340626554,394.340626554,394.340626554,394.34062858799996,394.34062858799996,394.34062858799996,394.34062858799996,394.34062858799996,394.34062858799996,394.34062858799996,394.34062858799996,394.34062858799996,394.34062858799996,394.34062858799996,394.4868908159999,394.4868908159999,394.4868908159999,394.4868908159999,394.4868908159999,394.4868908159999,394.4868908159999,394.4868908159999,394.4868908159999,394.486891494,394.486891494,394.486891494,394.486891494,394.486891494,394.486891494,394.486891494,394.486891494,394.486891494,394.486891494,394.486891494,394.486891494,394.486891494,394.486891494,394.486891494,394.486891494,394.486891494,394.486891494,394.486891494,394.48689217199995,394.48689217199995,394.48689217199995,394.48689217199995,394.48689217199995,394.48689217199995,394.48689217199995,394.48689217199995,394.48689217199995,394.48689217199995,394.48689217199995,394.48689217199995,394.48689217199995,394.48689217199995,394.48689217199995,394.48689217199995,394.48689217199995,394.48689217199995,394.48689217199995,394.48689217199995,394.48689217199995,394.48689217199995,394.48689217199995,394.48689217199995,394.48689217199995,394.63315846800003,394.63315846800003,394.63315846800003,394.63315846800003,394.63315846800003,394.63315846800003,394.63315846800003,394.63315846800003,394.63315846800003,394.63315846800003,394.63315846800003,394.63315846800003,394.63315846800003,394.63315846800003,394.63315846800003,394.63315846800003,394.63315846800003,394.63315846800003,394.63315846800003,394.63315846800003,394.63315846800003,394.779420696,394.779420696,394.779420696,394.779420696,394.779420696,394.779420696,394.779420696,394.779420696,394.779420696,394.779420696,394.779420696,394.779420696,394.779420696,394.779420696,394.779420696,394.779420696,394.779420696,394.779420696,394.779420696,394.779420696,394.779420696,394.779420696,394.779420696,394.779420696,394.779420696,394.779420696,394.779420696,394.779423408,394.779423408,394.779423408,394.779423408,394.779423408,394.779423408,394.779423408,394.77942612,394.77942612,394.77942612,394.77942612,394.77942612,394.77942612,394.77942612,394.77942612,394.77942612,394.77942612,394.77942612,394.77942612,394.77942883199995,394.77942883199995,394.77942883199995,394.77942883199995,394.77942883199995,394.77942883199995,394.77942883199995,394.77942883199995,394.77942883199995,394.77942883199995,394.77942951,394.77942951,394.77942951,394.77942951,394.77942951,394.77942951,394.77942951,394.77942951,394.77942951,394.77942951,394.77942951,394.77942951,394.77942951,394.77942951,394.77942951,394.77942951,394.77942951,394.77942951,394.77942951,394.77942951,394.77942951,394.77942951,394.77942951,394.77942951,394.77942951,394.77942951,394.77942951,394.77942951,394.77942951,394.77942951,394.77942951,394.77942951,394.77942951,394.77942951,394.77942951,394.77942951,394.77942951,394.77942951,394.77942951,394.77943222199997,394.77943222199997,394.77943222199997,394.77943222199997,394.77943222199997,394.77943222199997,394.77943222199997,394.77943222199997,394.77943222199997,394.77943222199997,394.77943222199997,394.77943222199997,394.77943222199997,394.77943222199997,394.77943222199997,394.77943222199997,394.77943222199997,394.77943222199997,394.77943222199997,394.77943222199997,394.77943222199997,394.77943222199997,394.77943222199997,394.77943222199997,394.77943222199997,394.77943222199997,394.77943222199997,394.77943222199997,394.77943222199997,394.77943222199997,394.77943222199997,394.77943222199997,394.77943222199997,394.77943222199997,394.77943222199997,394.77943222199997,394.77943222199997,394.77943222199997,394.77943222199997,394.77943222199997,394.77943222199997,394.77943222199997,394.77943222199997,394.77943222199997,394.77943222199997,394.77943222199997,394.77943222199997,394.77943222199997,394.77943222199997,394.77943222199997,394.77943222199997,394.77943222199997,394.77943222199997,394.77943222199997,394.77943222199997,394.77943222199997,394.77943222199997,394.77943222199997,394.77943222199997,394.77943222199997,394.77943222199997,394.77943222199997,394.77943222199997,394.77943222199997,394.77943222199997,394.77943222199997,394.77943222199997,394.77943222199997,394.77943222199997,394.77943222199997,394.77943222199997,394.77943222199997,394.77943222199997,394.77943222199997,394.77943222199997,394.77943222199997,394.77943222199997,394.77943222199997,394.77943222199997,394.77943222199997,394.77943222199997,394.77943222199997,394.77943222199997,394.77943222199997,394.77943222199997,394.77943222199997,394.77943222199997,394.77943222199997,394.77943222199997,394.77943222199997,394.77943222199997,394.77943222199997,394.77943222199997,394.77943222199997,394.77943222199997,394.77943222199997,394.77943222199997,394.77943222199997,394.77943222199997,394.77943222199997,394.77943222199997,394.77943222199997,394.77943222199997,394.77943222199997,394.77943222199997,394.77943222199997,394.77943222199997,394.77943222199997,394.77943222199997,394.77943222199997,394.77943222199997,394.77943222199997,394.77943222199997,394.77943222199997,394.77943222199997,394.77943222199997,394.77943222199997,394.77943222199997,394.77943222199997,394.77943222199997,394.77943222199997,394.77943222199997,394.77943222199997,394.77943222199997,394.77943222199997,394.77943222199997,394.77943222199997,394.77943222199997,394.77943222199997,394.77943222199997,394.77943222199997,394.77943222199997,394.77943222199997,394.77943222199997,394.77943222199997,394.77943222199997,394.77943222199997,394.77943222199997,394.77943222199997,394.77943222199997,394.77943222199997,394.77943222199997,394.77943222199997,394.77943222199997,394.77943222199997,394.77943222199997,394.77943222199997,394.77943222199997,394.77943222199997,394.77943222199997,394.77943222199997,394.77943222199997,394.77943222199997,394.77943222199997,394.77943222199997,394.77943222199997,394.77943222199997,394.77943222199997,394.77943222199997,394.77943222199997,394.77943222199997,394.77943222199997,394.77943222199997,394.77943222199997,394.77943222199997,394.77943222199997,394.77943222199997,394.77943222199997,394.77943222199997,394.77943222199997,394.77943222199997,394.77943222199997,394.77943222199997,394.77943222199997,394.77943222199997,394.77943222199997,394.77943222199997,394.77943222199997,394.77943222199997,394.77943222199997,394.77943222199997,394.77943222199997,394.77943222199997,394.77943222199997,394.77943222199997,394.77943222199997,394.77943222199997,394.77943222199997,394.77943222199997,394.77943222199997,394.77943222199997,394.77943222199997,394.77943222199997,394.77943222199997,394.77943222199997,394.77943222199997,394.77943222199997,394.77943222199997,394.77943222199997,394.77943222199997,394.77943222199997,394.77943222199997,394.77943222199997,394.77943222199997,394.77943222199997,394.77943222199997,394.77943222199997,394.77943222199997,394.77943222199997,394.77943222199997,394.77943222199997,394.77943222199997,394.77943222199997,394.77943222199997,394.77943222199997,394.77943222199997,394.77943222199997,394.77943289999996,394.77943289999996,394.77943289999996,394.77943289999996,394.77943289999996,394.77943289999996,394.77943289999996,394.77943289999996,394.77943289999996,394.77943289999996,394.77943289999996,394.77943289999996,394.77943289999996,394.77943289999996,394.77943289999996,394.77943289999996,394.77943289999996,394.77943289999996,394.77943289999996,394.77943289999996,394.77943289999996,394.77943289999996,394.77943289999996,394.77943289999996,394.77943289999996,394.77943289999996,394.77943289999996,394.77943289999996,394.77943289999996,394.77943289999996,394.77943289999996,394.77943289999996,394.77943289999996,394.77943289999996,394.77943289999996,394.77943289999996,394.77943289999996,394.77943289999996,394.77943289999996,394.77943289999996,394.77943289999996,394.77943289999996,394.77943289999996,394.77943289999996,394.77943289999996,394.77943289999996,394.77943289999996,394.77943289999996,394.77943289999996,394.77943289999996,394.77943289999996,394.77943289999996,394.77943289999996,394.77943289999996,394.77943289999996,394.77943289999996,394.77943289999996,394.77943289999996,394.77943289999996,394.77943289999996,394.77943289999996,394.77943289999996,394.77943289999996,394.77943289999996,394.77943289999996,394.77943289999996,394.77943289999996,394.77943289999996,394.77943289999996,394.77943289999996,394.77943289999996,394.77943289999996,394.77943289999996,394.77943289999996,394.77943289999996,394.77943289999996,394.77943289999996,394.77943289999996,394.77943289999996,394.77943289999996,394.77943289999996,394.77943289999996,394.77943289999996,394.77943289999996,394.77943289999996,394.77943289999996,394.77943289999996,394.77943289999996,394.77943289999996,394.77943289999996,394.77943289999996,394.8369611999999,394.8369611999999,394.8369611999999,394.8369611999999,394.8369611999999,394.8369611999999,394.8369611999999,394.8369611999999,394.8369611999999,394.8369611999999,394.8369611999999,394.8369611999999,394.8369611999999,394.8369611999999,394.8369611999999,394.8369611999999,394.8369611999999,394.8369611999999,394.8369611999999,394.8369611999999,394.8369611999999,395.125435284,395.125435284,395.125435284,395.125435284
52,289.08038550000003,308.107216116,317.64491602799995,322.753690776,327.359423424,329.603186454,331.93322227199997,334.29827679000005,336.849495192,337.295669364,337.605582486,339.201483972,339.280269606,340.86572311200007,341.96628118800004,342.429833178,343.196680332,343.636751826,345.0612976260001,346.93898676000003,346.9673759760001,347.545870662,348.45153018,348.628429872,348.69765909600005,348.69765909600005,348.73145129400007,349.6387556400001,350.45413471200004,350.839328886,351.64966974000004,352.24145526,352.24145526,352.2421536,352.2421536,353.58807852000007,355.210409124,355.210409124,355.210409124,355.644213864,357.005462262,357.04891189200004,357.04891189200004,357.04891189200004,357.04891189200004,357.04891189200004,357.04891189200004,357.04891189200004,357.04891189200004,357.04891189200004,357.0662700480001,357.0662700480001,357.851414388,358.94852958,358.94852958,358.94852958,358.94852958,358.94852958,358.94852958,358.94852958,358.980251166,358.980251166,358.980251166,359.0824162740001,359.0824162740001,359.58601569000007,359.63530696800007,359.64023602800006,359.65694805000004,359.65694805000004,359.781159006,360.10299340200004,360.11547267000003,361.22082420600003,361.26814996200005,361.26814996200005,361.58011945800007,361.58011945800007,361.8844363680001,361.8844363680001,362.2623420420001,362.2623433980001,362.28650325,362.28650325,362.32481906399994,362.32481906399994,362.32481906399994,362.32481906399994,362.76577670399996,363.017259108,363.017259108,363.12519060599993,363.12519060599993,363.12519060599993,363.415127814,363.415127814,363.621469656,363.621469656,363.621469656,363.621469656,363.621469656,363.621469656,363.65908035,363.65908035,363.946042494,363.946042494,364.404757632,364.404757632,365.00433744,365.00433744,365.23682906399995,365.23682906399995,365.23682906399995,365.35410814799997,365.644514532,365.934530388,365.934530388,366.107010198,366.107010198,366.107010198,366.107010198,366.107010198,366.2302692419999,366.415715124,366.415715124,366.415715124,366.45403229399994,366.45403229399994,366.45403229399994,366.8862627179999,366.8862627179999,366.8862627179999,367.648452012,367.648452012,368.2473816179999,368.99285617799995,369.058249278,369.058249278,369.566398074,369.566398074,370.015400862,370.10435853,370.10435853,370.10435853,370.10435853,370.10435853,370.10435853,370.10435853,370.619003244,370.90008170400006,370.928702118,370.928702118,370.928702118,371.04268544399997,371.72890551599994,371.72890551599994,371.92508346,371.92508346,372.10056748799997,372.10056748799997,372.10056884399995,372.10056884399995,372.10056884399995,372.78975652199995,372.78975652199995,372.78975652199995,372.8472834659999,372.8472834659999,372.8472834659999,372.8472834659999,373.27777143,373.3208671439999,373.3208671439999,373.3208671439999,373.3208671439999,373.3208671439999,373.3208671439999,373.3208671439999,373.34947399799995,373.6379494379999,373.6379507939999,373.6379507939999,373.6379507939999,373.962318198,373.962318198,374.421029946,374.421029946,374.421029946,374.704323432,374.704323432,374.704323432,374.75828816399996,374.75828816399996,374.75828816399996,374.75828816399996,374.75828816399996,374.75828816399996,374.96299128,374.96299128,374.96299128,374.96299128,374.96299128,374.96299128,374.96299128,374.96299128,374.96299128,374.96299128,374.96299128,375.109256898,375.109256898,375.33347488799996,375.530557284,375.530557284,375.530557284,375.53055864000004,375.53055864000004,375.53055864000004,375.800299584,375.800299584,375.94656249,375.94656249,376.00409282399994,376.00409282399994,376.3160609639999,376.3160609639999,376.81357871999995,376.81357871999995,376.86754209599997,376.86754209599997,376.86754209599997,376.86754480799993,376.86754480799993,376.86754480799993,376.86754480799993,376.86754480799993,376.86754480799993,376.86754480799993,376.86754480799993,376.86754480799993,376.86754480799993,376.86754480799993,376.86754480799993,377.00975734199994,377.151969198,377.151969198,377.66011392599995,377.66011392599995,377.66011392599995,377.80179762,377.905019052,377.905019052,377.905019052,377.905019052,377.905019052,377.905019052,378.67021731,378.939093804,379.159751616,379.159751616,379.44822705599995,379.44822705599995,379.44822705599995,379.44822705599995,379.44822705599995,379.590436878,379.590436878,379.64796314399996,379.64796314399996,379.64796314399996,379.64796314399996,379.64796314399996,379.70192855399995,379.70192855399995,379.70192855399995,379.70192855399995,379.70192855399995,379.70192855399995,379.844138376,379.844138376,379.844138376,379.844138376,379.844138376,379.844138376,379.844138376,380.186580582,380.3328434879999,380.3328434879999,380.94858817200003,380.94858817200003,381.36898614,381.36898614,381.711431058,381.711432414,381.76515306600004,381.76515306600004,382.107595272,382.107595272,382.107595272,382.11115545,382.85268947400004,382.94996348999996,383.05533892799997,383.20160454599994,383.20160454599994,383.20160454599994,383.20160454599994,383.34381640199996,383.3438204699999,383.3438204699999,383.3438204699999,383.3438204699999,383.3438204699999,383.3438204699999,383.3438204699999,383.484296646,383.484296646,383.826742242,383.826742242,383.826742242,383.826742242,383.826742242,383.826742242,383.826742242,383.826742242,383.826742242,383.826742242,383.88070765199996,383.88070765199996,384.21391888799997,384.360183828,384.360183828,384.932914836,384.932914836,385.221392988,385.36765996200006,385.36765996200006,385.70961129599993,385.70961129599993,385.70961129599993,385.70961129599993,385.70961129599993,385.70961129599993,386.02610847599993,386.02610847599993,386.02610847599993,386.02610847599993,386.02610847599993,386.02610847599993,386.02610847599993,386.02610847599993,386.02610847599993,386.02610847599993,386.02610847599993,386.02610847599993,386.02610847599993,386.02610847599993,386.0261111879999,386.0261111879999,386.0261111879999,386.07420376199997,386.20302104999996,386.20302104999996,386.20302104999996,386.20302104999996,386.20302104999996,386.20302104999996,386.20302240599995,386.20302240599995,386.427241074,386.427241074,386.876243862,386.876243862,386.876243862,386.876243862,387.02250473400005,387.16471659,387.16471659,387.16471659,387.16471659,387.22224489,387.22224489,387.22224489,387.22224489,387.22224489,387.22224489,387.22224489,387.22224489,387.22224489,387.22224489,387.222246246,387.222246246,387.222246246,387.222247602,387.368510508,387.817514652,387.817514652,387.817514652,387.817514652,387.96378162600007,387.96378162600007,388.15996024800006,388.3062272220001,388.3062272220001,388.3062272220001,388.3062272220001,388.3062272220001,388.30622857800006,388.3062319680001,388.3062319680001,388.30623400200005,388.30623400200005,388.30623400200005,388.30623400200005,388.306237392,388.30623807000006,388.350896574,388.350896574,388.350896574,388.350896574,388.497163548,388.497163548,388.497163548,388.497163548,388.497163548,388.497163548,388.497163548,388.497163548,388.497163548,388.497163548,388.69690506000006,388.69690506000006,388.69690506000006,388.69690506000006,388.69690506000006,388.89308368200005,388.89308368200005,388.89308368200005,389.0393445540001,389.0393445540001,389.0393445540001,389.0393445540001,389.27539635600004,389.27539635600004,389.47157430000004,389.47157430000004,389.47157430000004,389.47157430000004,389.61783856200003,389.61783856200003,389.814017184,389.814017184,389.814017184,389.960281446,389.960281446,389.960281446,389.960281446,389.960281446,389.960281446,390.22281525,390.22281525,390.22281525,390.22281525,390.22281525,390.22281525,390.22281525,390.22281525,390.22281525,390.22281525,390.22281525,390.22281864,390.22281864,390.22281864,390.22281864,390.22281864,390.22281864,390.369084258,390.369084258,390.369084258,390.369084258,390.369084258,390.369084258,390.369084258,390.369084258,390.515350554,390.515350554,390.515350554,390.515350554,390.515350554,390.515350554,390.515350554,390.515350554,390.515350554,391.00405905599996,391.00405905599996,391.00405905599996,391.00405905599996,391.00405905599996,391.00405905599996,391.00405905599996,391.00405905599996,391.00405905599996,391.00405905599996,391.15032331799995,391.15032331799995,391.15032331799995,391.15032331799995,391.15032331799995,391.15032331799995,391.15032331799995,391.15032331799995,391.346501262,391.346501262,391.346501262,391.346501262,391.34650193999994,391.34650193999994,391.49276484599994,391.49276484599994,391.49276484599994,391.49276484599994,391.49276484599994,391.49276484599994,391.49276484599994,391.49276484599994,391.49276484599994,391.49276484599994,391.49276484599994,391.49276688,391.49276688,391.49276688,391.49276688,391.49276688,391.4927675579999,391.4927675579999,391.4927675579999,391.91316416999996,391.91316416999996,391.91316416999996,391.91316416999996,391.91316416999996,391.91316416999996,391.9131668819999,391.9131668819999,391.9131702719999,392.05943453399993,392.05943453399993,392.0594352119999,392.0594352119999,392.0594352119999,392.0594352119999,392.2056994739999,392.2056994739999,392.2056994739999,392.2056994739999,392.2056994739999,392.35196238,392.35196238,392.35196441399995,392.35196441399995,392.35196441399995,392.35196441399995,392.35196780399997,392.35196780399997,392.35196780399997,392.35196780399997,392.35196780399997,392.35196780399997,392.35196780399997,392.35196780399997,392.35196780399997,392.35196780399997,392.35196780399997,392.35196780399997,392.35196780399997,392.35196780399997,392.35196780399997,392.35196780399997,392.35196780399997,392.35196780399997,392.35196780399997,392.35196780399997,392.35196780399997,392.35196780399997,392.35196780399997,392.35196848199996,392.35196848199996,392.35196848199996,392.35196848199996,392.35197051599994,392.35197051599994,392.35197051599994,392.35197051599994,392.35197051599994,392.35197051599994,392.35197051599994,392.35197051599994,392.35197051599994,392.3519718719999,392.409498816,392.409498816,392.409498816,392.409498816,392.409498816,392.409498816,392.409498816,392.409498816,392.409498816,392.409498816,392.409498816,392.409498816,392.409498816,392.409498816,392.409498816,392.46702575999996,392.46702575999996,392.46702575999996,392.46702643799995,392.46702643799995,392.46702643799995,392.46702643799995,392.46702643799995,392.46702643799995,392.46702643799995,392.46702643799995,392.46702643799995,392.46702643799995,392.46702982799997,392.46702982799997,392.46702982799997,392.46702982799997,392.46702982799997,392.46702982799997,392.46702982799997,392.46702982799997,392.46702982799997,392.46702982799997,392.46702982799997,392.46702982799997,392.467031184,392.467033218,392.467033218,392.467033218,392.75551340399994,392.90177969999996,392.90177969999996,392.90177969999996,392.90177969999996,392.90177969999996,393.04804735199997,393.04804735199997,393.04804735199997,393.04804735199997,393.04804735199997,393.04804735199997,393.04804735199997,393.04804735199997,393.04804735199997,393.04804735199997,393.04804735199997,393.04804735199997,393.04804735199997,393.04804735199997,393.04804735199997,393.04804735199997,393.04804735199997,393.04804735199997,393.04804735199997,393.04804735199997,393.04804735199997,393.04804735199997,393.04804735199997,393.04804735199997,393.04804735199997,393.048050064,393.048050064,393.048050064,393.048050064,393.048050064,393.048050064,393.19026124199996,393.19026124199996,393.19026124199996,393.19026124199996,393.19026124199996,393.19026124199996,393.19026124199996,393.19026124199996,393.19026124199996,393.19026124199996,393.19026124199996,393.1902619199999,393.1902619199999,393.1902619199999,393.1902619199999,393.1902619199999,393.1902619199999,393.19026259799995,393.19026259799995,393.19026259799995,393.19026259799995,393.19026259799995,393.19026259799995,393.19026598799996,393.19026598799996,393.19026598799996,393.19026666599996,393.19026666599996,393.19026666599996,393.19026666599996,393.19026666599996,393.19026666599996,393.19026666599996,393.19026666599996,393.19026666599996,393.1902693779999,393.1902693779999,393.1902693779999,393.1902693779999,393.1902693779999,393.1902693779999,393.1902693779999,393.1902693779999,393.1902693779999,393.1902693779999,393.1902693779999,393.1902693779999,393.386448678,393.386448678,393.38644935599996,393.38644935599996,393.3864520679999,393.3864520679999,393.3864520679999,393.3864520679999,393.3864520679999,393.38645478,393.38645478,393.38645478,393.38645478,393.38645478,393.38645478,393.38645478,393.38645478,393.38645478,393.38645478,393.38645478,393.38645749200003,393.38645749200003,393.38645749200003,393.38645749200003,393.38645749200003,393.38645749200003,393.38645749200003,393.38645749200003,393.38645749200003,393.38645749200003,393.38645749200003,393.38645749200003,393.38645749200003,393.38645749200003,393.38645749200003,393.38645749200003,393.38645816999997,393.38645816999997,393.38645816999997,393.38645816999997,393.38645816999997,393.38645816999997,393.38645816999997,393.38645816999997,393.38645816999997,393.38645816999997,393.38645816999997,393.38645816999997,393.38645816999997,393.38645816999997,393.38645816999997,393.38645816999997,393.38645816999997,393.38645816999997,393.38645816999997,393.38645816999997,393.38645816999997,393.38645816999997,393.38645816999997,393.38645816999997,393.38645816999997,393.38645816999997,393.532722432,393.532722432,393.532722432,393.532722432,393.532722432,393.532722432,393.532722432,393.532722432,393.532722432,393.532722432,393.532722432,393.532722432,393.532722432,393.532722432,393.532722432,393.532722432,393.532722432,393.532722432,393.532722432,393.532722432,393.532722432,393.532722432,393.532722432,393.532722432,393.532722432,393.532722432,393.532722432,393.532722432,393.532722432,393.532722432,393.532722432,393.532722432,393.532722432,393.532722432,393.532722432,393.532722432,393.67493361,393.67493361,393.67493361,393.67493361,393.67493361,393.67493361,393.67493361,393.67493361,393.67493361,393.67493361,393.67493361,393.67493361,393.67493361,393.67493361,393.817143432,393.817143432,393.817143432,393.817143432,393.817143432,393.817143432,393.817143432,393.817143432,393.817143432,393.817143432,393.817143432,393.817143432,393.817143432,393.817143432,393.817143432,393.817143432,393.817143432,393.817143432,393.817143432,393.817143432,393.817143432,393.817143432,393.817143432,393.817143432,393.817143432,393.817143432,393.817143432,393.817143432,393.817143432,393.817143432,393.817143432,393.817143432,393.817143432,393.817143432,393.817143432,393.817143432,393.817143432,393.817143432,393.817143432,393.817143432,393.817143432,393.817143432,393.817143432,393.817143432,393.817143432,393.817143432,393.817143432,393.817143432,393.817143432,393.817143432,393.817143432,393.95935393199994,393.95935393199994,393.95935393199994,393.95935393199994,393.95935393199994,393.95935393199994,393.95935393199994,393.95935393199994,393.95935393199994,393.95935393199994,393.95935393199994,393.95935393199994,393.95935393199994,393.95935393199994,393.95935393199994,393.95935393199994,394.105618194,394.105618194,394.105618194,394.105618194,394.105618194,394.105618194,394.105618194,394.105618194,394.105618194,394.1056188719999,394.1056188719999,394.1056188719999,394.1056188719999,394.1056188719999,394.1056188719999,394.1056188719999,394.1056188719999,394.1056188719999,394.1056188719999,394.1056188719999,394.1056188719999,394.1056188719999,394.1056188719999,394.1056188719999,394.1056188719999,394.1056188719999,394.1056188719999,394.1056188719999,394.1056188719999,394.1056188719999,394.1056188719999,394.25188516799994,394.25188516799994,394.25188516799994,394.25188516799994,394.25188516799994,394.25188516799994,394.25188516799994,394.25188516799994,394.25188516799994,394.25188516799994,394.25188516799994,394.25188516799994,394.25188516799994,394.25188516799994,394.25188516799994,394.25188516799994,394.25188516799994,394.25188516799994,394.25188516799994,394.25188516799994,394.25188516799994,394.25188516799994,394.25188516799994,394.25188516799994,394.398147396,394.398147396,394.398147396,394.398147396,394.398147396,394.398147396,394.398147396,394.398147396,394.398147396,394.5444143699999,394.5444143699999,394.5444143699999,394.5444143699999,394.5444143699999,394.5444143699999,394.5444143699999,394.5444143699999,394.5444143699999,394.5444143699999,394.5444143699999,394.5444143699999,394.5444143699999,394.544417082,394.544417082,394.544417082,394.544417082,394.544417082,394.6906799879999,394.6906799879999,394.6906799879999,394.6906799879999,394.836946284,394.836946284,394.836946284,394.836946284,394.836946284,394.836946284,394.836946284,394.836946284,394.836946284
53,275.03295163799993,292.410723534,301.434334692,310.92260094600005,312.787479948,318.15927666,320.305566342,323.58971969400005,326.634356664,329.18181962399996,329.39880199799995,331.04845328999994,333.081809868,333.081809868,334.7571505799999,336.22423138799996,338.112313584,339.447652212,339.60754562999995,339.681154734,340.510477554,340.90106182799997,342.50677261799996,342.6225879,343.26302737799995,343.81809174,344.2658273459999,345.36163670999997,345.36472974599997,346.536242556,346.802262636,347.04132882600004,347.90460453,347.90460453,348.559765422,349.458314754,349.485067278,349.72009326600005,349.72009326600005,350.22318486000006,350.22318486000006,350.50391686200004,351.431745624,352.22672435400005,352.6859046,352.6859046,352.6859046,353.54129245200005,353.54129245200005,353.58616656,353.58616656,353.58616656,353.58616656,354.62886004800004,354.69211270200003,354.78938400600003,355.017737118,355.50031514400007,355.80571143000003,355.81365352200004,355.81365352200004,355.81365352200004,356.28649207800004,356.730831582,356.730831582,356.745258744,356.745258744,356.745258744,357.192182106,357.192182106,358.182652644,358.884664014,359.30476298400004,359.457079074,359.457079074,359.457079074,359.567868342,360.26227594200003,360.51587641800006,360.776148414,360.776148414,361.20997756200006,361.20997756200006,361.782147864,361.782147864,361.782147864,361.782147864,361.98198294,361.98198294,361.98198294,361.98198294,362.095321488,362.095321488,362.09974204800005,362.09974204800005,362.28025683600004,362.28025683600004,362.3011107600001,362.58807290400006,363.13014271800006,363.553184208,363.553185564,363.553185564,364.032686148,364.31201943599996,364.354336806,364.354336806,364.354336806,364.354336806,364.354336806,364.354336806,364.354336806,364.354336806,364.354336806,364.98717793799995,364.98717793799995,364.98717793799995,365.16766018199996,365.16766018199996,365.330292042,366.299200824,366.590270292,366.590270292,366.590270292,367.00392554999996,367.33713949799994,367.33713949799994,367.33713949799994,367.63177524599996,367.63177524599996,368.24309598,368.24309598,368.24309598,368.30758395,368.30758395,368.716605078,368.912783022,369.073002558,369.073002558,369.073002558,369.23910442199997,369.4458896759999,369.4458896759999,369.4458896759999,369.4458896759999,369.4458896759999,369.4458896759999,369.54869685,369.54869685,369.54869685,369.54869685,369.54869685,369.54869685,369.54869685,369.56763474599995,369.6171301019999,369.6171301019999,370.23287681999994,370.23287681999994,370.23287749799994,370.68188028599997,370.68188231999994,371.218066416,371.69349425400003,372.36387082199997,372.36387082199997,372.36387082199997,372.79610056800004,372.79610056800004,372.79610056800004,373.39136490600004,373.39136490600004,373.403197362,373.403197362,373.403197362,373.68138076199995,373.68138076199995,374.4963204899999,374.4963204899999,374.4963204899999,374.76163544999997,374.85453636599993,374.85453636599993,374.90083563,374.90083563,374.90083563,375.27735615,375.88233555,376.479444048,376.479444048,376.479444048,376.479444048,376.479444048,376.479446082,376.479446082,376.82189167800004,377.039577816,377.039577816,377.039577816,377.41981106400004,377.436585462,377.436585462,377.588593062,377.60364873,378.06236047799996,378.2348355419999,378.2348355419999,378.35076472799994,378.35076472799994,378.35076472799994,378.35076472799994,378.35076472799994,378.65090990399995,378.65090990399995,378.66695748599994,378.67733088599994,378.67733088599994,378.67733088599994,378.71005387799994,378.71005387799994,378.8595203339999,380.0539075079999,380.1961186859999,380.1961186859999,380.1961186859999,380.48613386399995,380.63240083799997,380.63240083799997,380.63240083799997,380.6359603379999,380.6359603379999,380.6359603379999,380.6359603379999,380.6359603379999,381.120613044,381.120613044,381.120613044,381.1745798099999,381.1745798099999,381.1745798099999,381.320846106,381.320846106,381.4671103679999,381.4671103679999,381.4671103679999,381.4671103679999,381.4671103679999,381.4671103679999,381.4671103679999,381.61337462999995,381.61337462999995,381.61337462999995,381.61337462999995,381.61337462999995,381.8095539299999,381.8095539299999,381.8095539299999,381.8095539299999,381.8095539299999,381.8095539299999,381.95581683599994,382.23399888,382.23399888,382.23399888,382.23399888,382.23399888,382.23399888,382.376210736,382.376210736,382.376210736,382.376210736,382.376210736,382.522472964,382.522472964,382.522472964,382.52247635399993,382.52247635399993,382.52247635399993,382.52247635399993,382.66874265000007,382.66874265000007,382.66874265000007,382.66874265000007,382.66874265000007,382.70599061400003,382.70599061400003,382.70599061400003,382.70599061400003,382.70599061400003,382.70599061400003,382.70599061400003,382.80329853,382.80330124200003,383.110094208,383.110094886,383.110098276,383.110100988,383.252312844,383.252312844,383.696374368,383.696374368,383.696375724,383.696375724,383.696375724,383.83858690200003,383.83858690200003,383.83858690200003,383.83858690200003,384.258982158,384.258982158,384.258982158,384.405245064,384.405245064,384.405245064,384.405245064,384.405245064,384.405245064,384.405245064,384.405245064,384.405245064,384.405245064,384.405245064,384.405245064,384.405245064,384.405245064,384.405245064,384.405245064,384.405245064,384.40524574200003,384.693717114,384.693717114,385.02693173999995,385.02693173999995,385.44732564,385.44732564,385.44732564,385.44732564,385.44732564,385.44732564,385.44732564,385.44732564,385.44732564,385.44732564,385.44732564,385.44732564,385.44732564,385.44732564,385.44732564,385.688162088,385.688162088,385.688162088,385.846260162,386.26665474000004,386.26665474000004,386.26665474000004,386.26665474000004,386.26665474000004,386.26665474000004,386.26665474000004,386.26665474000004,386.26665474000004,386.408864562,386.408864562,386.55107574,386.55107574,386.55107574,386.55107574,386.693285562,386.693285562,386.693285562,386.693285562,386.693285562,386.693285562,386.693285562,386.69684574,386.696848452,386.696848452,386.696848452,386.696848452,386.696848452,386.696848452,386.696848452,386.696848452,386.69685252000005,386.69685252000005,387.094219506,387.094219506,387.094219506,387.094219506,387.094219506,387.094219506,387.24048648,387.24048648,387.24048648,387.43666577999994,387.43666645800005,387.43666645800005,387.43666645800005,387.43666645800005,387.43666645800005,387.43666645800005,387.436700358,387.436700358,387.436700358,387.729231594,387.729231594,388.149627528,388.149627528,388.2958917899999,388.2958917899999,388.2958917899999,388.29589314599997,388.29589314599997,388.29589314599997,388.29589314599997,388.442156052,388.44215672999997,388.44215672999997,388.44215672999997,388.44215672999997,388.44215672999997,388.44215672999997,388.54537545,388.55614209,388.55614209,388.55614209,389.161122168,389.161122168,389.161122168,389.38533812400004,389.38533948,389.38533948,389.53160645400004,389.95200238800004,389.95200238800004,389.95200238800004,390.09421424400006,390.09421424400006,390.2404791840001,390.2404791840001,390.4366578060001,390.4366578060001,390.72513528,390.72513799200004,390.72513799200004,390.72513799200004,390.72513799200004,390.72513799200004,390.72513799200004,390.72513799200004,390.72513799200004,390.72513799200004,390.72513799200004,390.72513799200004,390.871407,390.871407,391.0176719399999,391.0176719399999,391.0176719399999,391.0176719399999,391.44989897399995,391.50742320599994,391.50742320599994,391.50742320599994,391.50742320599994,391.50742320599994,391.50742320599994,391.50742320599994,391.50742320599994,391.50742320599994,391.50742320599994,391.73164323,391.87385372999995,391.87385372999995,391.873856442,391.873856442,392.070034386,392.070034386,392.070034386,392.21224420799996,392.21224692,392.21224692,392.21224692,392.358513216,392.504779512,392.651046486,392.651046486,392.651046486,392.651046486,392.651046486,392.651046486,392.651046486,392.651046486,392.651046486,392.651046486,392.651046486,392.651046486,392.79325766399995,392.79325766399995,392.93547019799996,392.93547019799996,392.93547019799996,392.93547019799996,392.93547019799996,392.93547019799996,392.93547019799996,392.93547019799996,392.93547019799996,392.93547019799996,392.93547019799996,392.93547019799996,392.93547019799996,392.93547019799996,392.93547019799996,392.93547019799996,392.93547019799996,392.93547019799996,392.93547019799996,392.93547019799996,392.93547019799996,393.08173310399997,393.08173310399997,393.08173310399997,393.08173310399997,393.08173310399997,393.08173310399997,393.08173310399997,393.08173310399997,393.081733782,393.081733782,393.081733782,393.081733782,393.081733782,393.081733782,393.081733782,393.081733782,393.081733782,393.081733782,393.081733782,393.081733782,393.081735816,393.081735816,393.081735816,393.081735816,393.081735816,393.081735816,393.081735816,393.22800075600003,393.22800075600003,393.22800075600003,393.22800143399996,393.22800143399996,393.22800143399996,393.22800143399996,393.22800143399996,393.22800143399996,393.22800143399996,393.22800143399996,393.22800143399996,393.22800143399996,393.22800143399996,393.228003468,393.228003468,393.228003468,393.228003468,393.228003468,393.228003468,393.228003468,393.228003468,393.228003468,393.228003468,393.228003468,393.228003468,393.22800414599993,393.22800414599993,393.22800414599993,393.22800414599993,393.22800618,393.22800618,393.22800618,393.22800618,393.52053538199993,393.52053538199993,393.52053538199993,393.5205360599999,393.5205360599999,393.5205360599999,393.5205360599999,393.666798966,393.666798966,393.813063228,393.813063228,393.813063228,393.81306526199995,393.959329524,393.959329524,393.959329524,393.959329524,393.959329524,393.959329524,393.959329524,393.959329524,393.959329524,393.959329524,393.959329524,393.959329524,393.959329524,393.95933020199993,393.95933020199993,393.95933020199993,394.10559649799995,394.10559649799995,394.10559649799995,394.10559649799995,394.10559649799995,394.10559649799995,394.1055998879999,394.1055998879999,394.1055998879999,394.1055998879999,394.1055998879999,394.1055998879999,394.251862794,394.251862794,394.251862794,394.25186347199997,394.25186347199997,394.25186618399994,394.25186618399994,394.25186618399994,394.25186618399994,394.25186618399994,394.25186618399994,394.25186618399994,394.25186618399994,394.25186618399994,394.25186618399994,394.25186618399994,394.25186618399994,394.2518675399999,394.2518675399999,394.2518675399999,394.2518675399999,394.2518675399999,394.2518675399999,394.2518675399999,394.2518675399999,394.2518675399999,394.2518675399999,394.2518675399999,394.2518675399999,394.2518675399999,394.2518675399999,394.2518675399999,394.2518675399999,394.2518675399999,394.2518675399999,394.2518675399999,394.2518675399999,394.2518675399999,394.2518675399999,394.2518675399999,394.2518675399999,394.2518675399999,394.2518675399999,394.2518675399999,394.2518675399999,394.2518675399999,394.2518675399999,394.2518675399999,394.2518675399999,394.2518675399999,394.2518675399999,394.25186821799997,394.25186821799997,394.25186821799997,394.25186821799997,394.25186821799997,394.25186821799997,394.39813587,394.39813587,394.39813587,394.39813587,394.39813587,394.39813587,394.39813587,394.39813587,394.39813587,394.39813587,394.39813587,394.39813587,394.39813587,394.39813587,394.39813587,394.39813587,394.54439809799993,394.54439809799993,394.54439809799993,394.54439809799993,394.54439809799993,394.54439809799993,394.54439809799993,394.5443987759999,394.54440284399993,394.54440284399993,394.54440284399993,394.54440284399993,394.54440284399993,394.54440284399993,394.54440284399993,394.54440284399993,394.54440284399993,394.54440284399993,394.54440284399993,394.54440284399993,394.54440284399993,394.54440284399993,394.54440284399993,394.54440284399993,394.54440284399993,394.544406234,394.54440759,394.54440759,394.54440759,394.54440759,394.54440759,394.54440759,394.54440759,394.54440759,394.54440759,394.690673208,394.690673208,394.690673208,394.690673208,394.690673208,394.690673208,394.690673208,394.690673208,394.690673208,394.69067388599996,394.69067388599996,394.69067388599996,394.69067388599996,394.69067388599996,394.69067388599996,394.69067388599996,394.69067388599996,394.69067388599996,394.69067388599996,394.69067388599996,394.69067388599996,394.69067388599996,394.69067388599996,394.69067388599996,394.69067388599996,394.69067388599996,394.69067388599996,394.69067388599996,394.69067388599996,394.69067388599996,394.69067388599996,394.69067388599996,394.69067388599996,394.69067388599996,394.69067388599996,394.69067388599996,394.69067388599996,394.69067388599996,394.69067388599996,394.69067388599996,394.69067388599996,394.69067388599996,394.69067388599996,394.69067388599996,394.83288642,394.83288642,394.83288642,394.83288642,394.83288642,394.83288642,394.83288642,394.83288642,394.83288642,394.83288642,394.83288642,394.83288642,394.83288642,394.83288642,394.83288642,394.83288642,394.83288642,394.83288642,394.83288642,394.83288642,394.83288642,394.83288642,394.83288642,394.832889132,394.832889132,394.832889132,394.832889132,394.832889132,394.832889132,394.832889132,394.832889132,394.832889132,394.832889132,394.832889132,394.832889132,394.83289252199995,394.83289252199995,394.83289252199995,394.83289252199995,394.83289252199995,394.83289252199995,394.83289252199995,394.83289252199995,394.83289252199995,394.83289252199995,394.83289252199995,394.97915949599997,394.97915949599997,394.97915949599997,394.97915949599997,394.97915949599997,394.97915949599997,394.97915949599997,394.97915949599997,394.97915949599997,394.97915949599997,394.97915949599997,394.97915949599997,394.97915949599997,394.97915949599997,394.97915949599997,394.97915949599997,394.97915949599997,394.97915949599997,394.97915949599997,394.979162208,394.979162208,394.979162208,394.979162208,394.979162208,394.979162208,394.979162208,394.979162208,394.979162208,395.12542647000004,395.12542647000004,395.12542647000004,395.12542647000004,395.12542647000004,395.12542647000004,395.12542647000004,395.12542647000004,395.12542647000004,395.12542714799997,395.125427826,395.125427826,395.125427826,395.125427826,395.125427826,395.125427826,395.125427826,395.125427826,395.125427826,395.125427826,395.125427826,395.125427826,395.125427826,395.125427826,395.12542985999994,395.12542985999994,395.12542985999994,395.12542985999994,395.12542985999994,395.12542985999994,395.12543053799993,395.12543053799993,395.12543053799993,395.12543053799993,395.12543053799993,395.12543053799993,395.12543053799993,395.12543053799993,395.12543053799993,395.12543053799993,395.12543053799993,395.12543053799993,395.12543053799993,395.12543053799993,395.12543053799993,395.12543053799993,395.12543053799993,395.12543053799993,395.12543053799993,395.12543053799993,395.12543053799993,395.12543053799993,395.12543053799993,395.12543053799993,395.12543053799993,395.12543053799993,395.12543053799993,395.12543053799993,395.125431216,395.125431216,395.125431216,395.125431216,395.125431216,395.125431216,395.125433928,395.125433928,395.125433928,395.125433928,395.125433928,395.125433928,395.125433928,395.125433928,395.125433928,395.125433928,395.125433928,395.125433928,395.27169818999994,395.27169818999994,395.27169818999994,395.27169818999994,395.27169818999994,395.27169818999994,395.27169818999994,395.27169818999994,395.27169818999994,395.27169818999994,395.27169818999994,395.27169818999994,395.27169818999994,395.27169818999994,395.27169818999994,395.27169818999994,395.27169818999994,395.27169818999994,395.27169818999994,395.27169818999994,395.27169818999994,395.27169818999994,395.27169818999994,395.27169818999994,395.27169818999994,395.27169818999994,395.27169818999994,395.27169818999994,395.27169818999994,395.27169818999994,395.27169818999994,395.27169818999994,395.27169818999994,395.27169818999994,395.27169818999994,395.27169818999994,395.27169818999994,395.27169818999994,395.27169818999994,395.27169818999994,395.27169818999994,395.27169818999994,395.27169886799993,395.27169886799993,395.27169886799993,395.27169886799993,395.27169886799993,395.27169886799993,395.27169886799993,395.27169886799993,395.27169886799993,395.27169886799993,395.27169886799993,395.27169886799993,395.27169886799993,395.27169886799993,395.27169886799993,395.27169886799993,395.27169886799993,395.27169886799993,395.27169886799993,395.27169886799993,395.27169886799993,395.27169886799993,395.27169886799993,395.27169886799993,395.27169886799993,395.27169886799993,395.27169886799993,395.27169886799993,395.27169886799993,395.27169886799993,395.27169886799993,395.27169886799993,395.27169886799993,395.27169886799993
54,271.685845308,292.47123028799996,299.92387544400003,309.039411876,318.498337002,323.70185275800003,327.297648132,328.47976554,330.14007906,331.92618734399997,334.7269897500001,337.90702806600007,338.21904637800003,339.776144568,341.84253059400004,344.27089675200006,344.92863472199997,344.95072125,345.489539376,346.032319056,347.389435722,347.72439823199994,347.72439823199994,348.62195293799994,348.62195293799994,348.62195293799994,348.62551176,349.344669072,350.58487955399994,351.08686872,352.20987130799995,352.20987130799995,352.34163925199994,352.585715862,352.585715862,353.222624994,353.371557864,353.72305204799994,353.97151125,354.62736098999994,354.9462854099999,355.2408391199999,355.431647304,355.431647304,355.431647304,355.791035442,356.503984308,356.802067008,357.065988678,357.065988678,357.065988678,357.23188578599996,357.23188578599996,357.23188578599996,357.23188578599996,357.23188578599996,357.23188578599996,357.29713718399995,357.697388382,357.697388382,357.697388382,357.86731280999993,357.878175048,357.878175048,357.878175048,358.86245273400004,359.23611141599997,359.23611141599997,359.23611141599997,359.23611141599997,359.39246363999996,359.40852545999996,360.266294448,360.266294448,360.7566545579999,360.7566545579999,360.7566545579999,360.7566545579999,361.3013082299999,361.3013082299999,361.3013082299999,361.3013082299999,361.61429608199995,361.61429608199995,361.6704344819999,361.8844573859999,362.588177316,362.720874798,362.720874798,363.239844474,363.424453026,363.424453026,363.424453026,363.424453026,363.62419182599996,363.85759332599997,364.008361542,364.008361542,364.008361542,364.008361542,364.008361542,365.11093192199996,365.11093192199996,365.59203801,365.59203801,365.75660691599995,365.75660691599995,365.756613018,365.756613018,365.79892903199993,365.98175240999996,365.98175240999996,366.16016336399997,366.16016336399997,366.16016336399997,366.16016336399997,366.331041738,366.36386643,366.36386643,366.36386643,366.36386643,366.36386643,366.90050004,367.246447506,367.246447506,367.359310776,367.359310776,367.791538488,367.791538488,368.05218270599994,368.45521506,368.475693372,368.504281242,368.700459186,368.700459186,368.700459186,368.70046122,368.70046122,368.852779344,369.00578089199996,369.24062246399996,369.24062246399996,369.24062246399996,369.24062246399996,369.24062246399996,369.241319448,369.31724121,369.31724121,369.381326448,369.381326448,369.52355321999994,369.72155498399997,370.7695239899999,370.7695239899999,370.7695239899999,371.05025667,371.29952404799997,371.29952404799997,371.385658524,371.385658524,371.385658524,372.25358666399995,372.80578850999996,372.80578850999996,372.80578850999996,373.218930522,373.359399918,373.50566621400003,373.50566621400003,373.608919512,373.608919512,373.608919512,373.608919512,373.75518241799995,373.79350026599997,373.79350026599997,373.79350026599997,374.0438829539999,374.39142236400005,374.39142236400005,374.39142236400005,374.917511718,375.16969653,375.16969653,375.16969653,375.208013022,375.208013022,375.208013022,375.20801370000004,375.20801370000004,375.354277962,375.354277962,375.354277962,375.354277962,375.78650906400003,375.78650906400003,376.402251714,376.402251714,376.402251714,376.402251714,376.45977798000007,377.05504367400005,377.055046386,377.055046386,377.10901450800003,377.66332561200005,377.66332561200005,377.66332561200005,377.66332561200005,377.66332561200005,377.66332561200005,377.663329002,377.90925112800005,377.90925112800005,377.90925112800005,378.197726568,378.197726568,378.34399082999994,378.34399082999994,378.34399082999994,378.34399082999994,378.34399082999994,378.67338628199997,378.82568949,379.43066550000003,379.65488416799997,379.65488416799997,379.851058722,380.04723802200004,380.559932808,380.70040491599997,380.70040491599997,380.70040627199995,380.846670534,381.30577891200005,381.50195685600005,381.644168712,381.86482584600003,381.86482584600003,382.289270796,382.43553370199993,382.43553370199993,382.435537092,382.48482701399996,382.48482701399996,382.48482769199995,382.48482769199995,382.48482769199995,382.76301312600003,382.76301312600003,383.18341041599996,383.404066872,383.908051392,383.908051392,383.908051392,384.198067926,384.793335654,384.793335654,384.793335654,384.793335654,384.793335654,384.793335654,384.85442413199996,385.124164398,385.69082662799997,385.69082662799997,385.69082662799997,385.69082662799997,386.029214394,386.029214394,386.029214394,386.029214394,386.029214394,386.17548340200005,386.17548340200005,386.32530513,386.32530513,386.325306486,386.325306486,386.325306486,386.325306486,386.613782604,386.613782604,386.75599446,386.75599446,386.75599446,386.75599446,386.759555316,387.32621686799996,387.32621686799996,387.32621686799996,387.32621686799996,387.32621686799996,387.32621686799996,387.32621686799996,387.326220936,387.52239888,387.52239888,387.52239888,387.86484108600007,387.86484108600007,388.00705429800007,388.00705429800007,388.00705429800007,388.00705429800007,388.00705429800007,388.29553380600004,388.29553380600004,388.63798008000003,388.70337318,388.84558707,388.84558707,388.84558978200005,388.84558978200005,388.98779960400003,388.9878029940001,388.9878029940001,388.9878029940001,388.9878029940001,388.9878029940001,388.9878029940001,389.40819892800005,389.40819892800005,389.40819892800005,389.40819892800005,389.40819892800005,389.40819892800005,389.465729262,389.465729262,389.465729262,389.465729262,389.465729262,389.465729262,389.465729262,389.465729262,389.465729262,389.61199420200006,389.61199420200006,389.75825914200004,389.75825914200004,389.758261176,390.2169756360001,390.2169756360001,390.363240576,390.363243966,390.363243966,390.363243966,390.505452432,390.6517166940001,390.6517166940001,390.6517166940001,390.6517166940001,390.6517166940001,390.797980956,390.79798163400005,390.79798299000004,390.79798299000004,390.79798299000004,390.94019145600004,390.94019145600004,390.94019145600004,391.086453684,391.086453684,391.086453684,391.228660794,391.228660794,391.228660794,391.2286628279999,391.2286628279999,391.370874684,391.37087739599997,391.37087739599997,391.37087739599997,391.37087739599997,391.37087739599997,391.37087739599997,391.37087739599997,391.37087739599997,391.37087739599997,391.37087739599997,391.370883498,391.370883498,391.370883498,391.370883498,391.370883498,391.370883498,391.370883498,391.37088621000004,391.37088621000004,391.37088621000004,391.37088621000004,391.370888922,391.713329772,391.85959403400005,391.85959403400005,391.85959403400005,391.85959403400005,391.85959403400005,391.85959403400005,391.85959403400005,391.85959403400005,391.85959403400005,391.85959403400005,391.85959403400005,391.85959403400005,391.85959403400005,391.85959403400005,391.859594712,391.859594712,391.859594712,391.859594712,392.005861008,392.005863042,392.15212391399996,392.15212391399996,392.15212391399996,392.15212391399996,392.15212730400003,392.348305248,392.348305248,392.348305248,392.49051710399993,392.49051710399993,392.49051710399993,392.49051981599996,392.490522528,392.490522528,392.490522528,392.490522528,392.490522528,392.490522528,392.490522528,392.490522528,392.490522528,392.490522528,392.490523206,392.490523206,392.632733028,392.632733028,392.77899729000006,392.77899729000006,392.77899729000006,392.77899729000006,392.77899729000006,392.77899729000006,392.77899729000006,392.925260196,392.925260196,392.925260196,392.925260196,393.07152716999997,393.21779211,393.21779211,393.21779211,393.21779211,393.21779211,393.21779211,393.21779211,393.21779211,393.21779211,393.21779211,393.364057728,393.364057728,393.364057728,393.364057728,393.364057728,393.364057728,393.364057728,393.364057728,393.364057728,393.364057728,393.364057728,393.364057728,393.364057728,393.364057728,393.364057728,393.364057728,393.364057728,393.53893087800003,393.538932234,393.538932234,393.538932234,393.538932234,393.538932234,393.538932234,393.53893291199995,393.53893291199995,393.53893291199995,393.53893291199995,393.53893291199995,393.53893291199995,393.53893562400003,393.53893562400003,393.53893562400003,393.53893562400003,393.53893562400003,393.53893562400003,393.538938336,393.538938336,393.538938336,393.538938336,393.538938336,393.538938336,393.538938336,393.538939014,393.538939014,393.538939014,393.538939014,393.538939014,393.538939014,393.538939014,394.105599888,394.105599888,394.105599888,394.105599888,394.105599888,394.105599888,394.105599888,394.105599888,394.105599888,394.105599888,394.105599888,394.25186414999996,394.25186414999996,394.394075328,394.394075328,394.394075328,394.394075328,394.394075328,394.394075328,394.394075328,394.394075328,394.394075328,394.394075328,394.394075328,394.394075328,394.394075328,394.394075328,394.394075328,394.394078718,394.394078718,394.394078718,394.394078718,394.394078718,394.394079396,394.394079396,394.394079396,394.394079396,394.394079396,394.394079396,394.394079396,394.394079396,394.394079396,394.394079396,394.394079396,394.394079396,394.394079396,394.394079396,394.394079396,394.394079396,394.394079396,394.394079396,394.394079396,394.394079396,394.394079396,394.394079396,394.394079396,394.394079396,394.394079396,394.394079396,394.394079396,394.394079396,394.394079396,394.394079396,394.54034569199996,394.54034569199996,394.54034569199996,394.54034569199996,394.54034569199996,394.54034569199996,394.54034569199996,394.540348404,394.540348404,394.540348404,394.540348404,394.540348404,394.6866126659999,394.6866126659999,394.83287896199994,394.83287896199994,394.83287896199994,394.83287896199994,394.83287896199994,394.83287896199994,394.83287896199994,394.83287896199994,394.83287896199994,394.83287896199994,394.83287896199994,394.83287896199994,394.83287896199994,394.83287896199994,394.83287896199994,394.83287896199994,394.83287896199994,394.83287896199994,394.83287896199994,394.83287896199994,394.83287896199994,394.83287963999993,394.83287963999993,394.83287963999993,394.83287963999993,394.83287963999993,394.83287963999993,394.83287963999993,394.83287963999993,394.83287963999993,394.83288302999995,394.83288302999995,394.83288302999995,394.83288302999995,394.83288302999995,394.83288302999995,394.83288302999995,394.83288302999995,394.83288302999995,394.83288302999995,394.83288302999995,394.83288302999995,394.83288302999995,394.83288302999995,394.83288302999995,394.97914932599997,394.97914932599997,394.97914932599997,394.97914932599997,394.97914932599997,394.97914932599997,394.97914932599997,394.97915068199995,394.97915068199995,394.97915068199995,394.97915068199995,394.97915068199995,394.97915068199995,394.97915068199995,394.97915068199995,394.97915068199995,394.97915068199995,394.97915068199995,394.97915068199995,394.97915068199995,394.97915068199995,394.9791513599999,394.9791513599999,394.9791513599999,394.9791513599999,394.9791513599999,394.9791513599999,394.9791513599999,394.9791513599999,394.9791513599999,394.9791513599999,394.9791513599999,394.9791513599999,394.9791513599999,394.9791513599999,394.9791513599999,394.9791513599999,394.9791513599999,394.9791513599999,394.9791513599999,394.9791513599999,394.9791513599999,394.9791513599999,394.9791513599999,394.9791513599999,394.9791513599999,394.9791513599999,394.9791513599999,394.9791513599999,394.9791513599999,394.9791513599999,394.9791513599999,394.97915407199986,394.97915407199986,394.97915407199986,394.97915407199986,394.97915407199986,394.97915407199986,394.97915407199986,394.97915407199986,394.97915407199986,394.97915407199986,394.97915474999985,394.97915474999985,394.97915474999985,394.97915474999985,394.97915474999985,394.97915474999985,394.97915474999985,394.97915474999985,394.97915474999985,394.97915474999985,394.97915474999985,394.97915474999985,394.9791581399999,394.9791581399999,394.9791581399999,394.9791581399999,394.9791581399999,394.9791581399999,394.9791581399999,394.9791581399999,394.9791581399999,394.9791581399999,394.9791581399999,394.9791581399999,394.9791581399999,394.9791581399999,394.9791581399999,394.9791588179999,394.9791588179999,394.9791588179999,394.9791588179999,394.9791588179999,394.9791588179999,394.9791588179999,394.9791588179999,394.9791588179999,394.9791588179999,394.9791588179999,394.9791588179999,394.9791588179999,394.9791588179999,394.9791588179999,394.9791588179999,394.9791588179999,394.9791588179999,394.9791588179999,394.9791588179999,394.9791588179999,394.9791588179999,394.9791588179999,394.9791588179999,394.9791588179999,394.9791588179999,394.9791588179999,394.9791588179999,394.9791588179999,394.9791588179999,394.9791588179999,394.9791588179999,394.9791588179999,394.9791588179999,394.9791588179999,394.9791588179999,394.9791588179999,394.9791588179999,394.9791588179999,394.9791588179999,394.9791588179999,394.9791588179999,394.9791588179999,394.9791588179999,394.9791588179999,394.9791588179999,394.9791588179999,394.9791588179999,394.9791594959999,394.9791594959999,394.9791594959999,394.9791594959999,394.9791594959999,394.9791594959999,394.9791594959999,394.9791594959999,394.9791594959999,394.9791594959999,394.9791594959999,394.9791594959999,394.9791594959999,394.9791594959999,394.9791594959999,394.9791594959999,394.9791594959999,394.9791594959999,394.9791594959999,394.9791594959999,394.9791594959999,394.9791594959999,394.9791594959999,394.979162208,394.979162208,394.979162208,394.979162208,394.979162208,394.979162208,395.1254264699999,395.1254264699999,395.1254264699999,395.1254264699999,395.1254264699999,395.1254264699999,395.1254264699999,395.1254264699999,395.1254264699999,395.1254264699999,395.1254264699999,395.1254264699999,395.125427148,395.125427148,395.125427148,395.125427148,395.125427148,395.125427148,395.125427148,395.125427148,395.125427148,395.125427148,395.125427148,395.125427148,395.125427148,395.125427148,395.125427148,395.125427148,395.125427148,395.125427148,395.125427148,395.125427148,395.125427148,395.125427148,395.125427148,395.125427148,395.125427148,395.125427148,395.125427148,395.125427148,395.125427148,395.125427148,395.125427148,395.125427148,395.125427148,395.125427148,395.125427148,395.125427148,395.125427148,395.125427148,395.125427148,395.125427148,395.125427148,395.125427148,395.125427148,395.125427148,395.125427148,395.125427148,395.125427148,395.125427148,395.125427148,395.125427148,395.125427148,395.125427148,395.125427148,395.125427148,395.125427148,395.125427148,395.125427148,395.12542986,395.271694122,395.271694122,395.271694122,395.2716948,395.2716948,395.2716948,395.2716948,395.2716948,395.2716948,395.2716948,395.2716948,395.2716948,395.2716948,395.2716948,395.2716948,395.2716948,395.2716948,395.2716948,395.2716948,395.2716948,395.2716948,395.2716948,395.2716948,395.2716948,395.2716948,395.2716948,395.2716948,395.2716948,395.2716948,395.2716948,395.2716948,395.27169547799997,395.27169547799997,395.27169547799997,395.27169547799997,395.27169547799997,395.27169547799997,395.27169547799997,395.27169547799997,395.27169547799997,395.27169547799997,395.27169547799997,395.27169547799997,395.27169547799997,395.27169547799997,395.27169547799997,395.27169547799997,395.27169547799997,395.27169547799997,395.41796041799995,395.41796041799995,395.41796041799995,395.41796041799995,395.41796041799995,395.41796041799995,395.41796041799995,395.41796041799995,395.41796041799995,395.41796041799995,395.41796041799995,395.41796041799995,395.41796041799995,395.41796041799995,395.41796041799995,395.41796041799995,395.41796041799995,395.41796041799995,395.41796041799995,395.41796041799995,395.41796041799995,395.41796041799995,395.41796041799995,395.41796041799995,395.41796041799995,395.41796041799995,395.41796041799995,395.41796041799995,395.41796041799995,395.41796041799995,395.41796041799995,395.41796041799995,395.41796109599994,395.41796109599994,395.41796109599994,395.41796109599994,395.41796109599994,395.41796109599994,395.41796109599994,395.41796109599994,395.41796109599994,395.41796109599994,395.41796109599994,395.41796109599994,395.41796109599994,395.41796109599994,395.41796109599994,395.41796109599994,395.41796109599994,395.41796109599994,395.41796109599994,395.41796109599994,395.41796109599994,395.41796109599994,395.41796109599994,395.41796109599994,395.41796109599994,395.41796109599994,395.41796109599994,395.41796109599994,395.41796109599994,395.41796109599994,395.41796109599994,395.41796109599994,395.41796109599994,395.41796109599994,395.41796109599994,395.41796109599994,395.41796109599994,395.41796109599994,395.41796109599994,395.41796109599994,395.41796109599994,395.41796109599994,395.41796109599994,395.41796109599994,395.41796109599994,395.41796109599994,395.41796109599994,395.41796109599994,395.41796109599994,395.41796109599994
55,276.098680854,295.240321956,303.420545862,314.038658436,318.081565656,320.63734089599996,322.87951943999997,327.05719543199996,329.386123398,331.81582114799994,334.624411062,335.26097577,336.59051004,336.851439018,338.082165636,338.737379412,339.917447904,341.46105864,341.96548250399997,342.25402506600005,342.511003338,344.136042552,345.79700152799995,346.924242972,348.53995833,349.587401886,349.819425012,349.819425012,350.316486474,350.37975879,350.37975879,350.698545576,350.698545576,351.438817164,351.438817164,351.438817164,352.589243496,353.07650582400004,353.747382756,353.953326612,353.953326612,353.953326612,353.953326612,353.953326612,354.66703483799995,354.7650058380001,354.7650058380001,354.841620516,355.41763575600004,355.461240648,355.461240648,355.7857917900001,355.87043805600007,355.87043805600007,356.29872862200006,356.64844644600004,356.64844644600004,356.64844644600004,357.26419045200004,357.3121921740001,357.3121921740001,357.3121921740001,357.3989700720001,357.39897956400006,357.39897956400006,357.66785605800004,357.66785605800004,357.66785605800004,357.66785605800004,357.73226199000004,358.373930004,359.0839227900001,359.0839227900001,359.0839227900001,359.0839227900001,359.0839227900001,359.37774358200005,359.507501256,359.62495051800005,359.62495051800005,359.62495051800005,359.91894081000004,360.34346034000004,361.145221782,361.8315849120001,361.95334625400005,361.95334625400005,362.26175150400013,362.26175150400013,362.6602222740001,362.6602222740001,362.6602222740001,362.6602222740001,362.6602222740001,362.6602222740001,362.8112366040001,362.8112366040001,363.4806999060001,363.4806999060001,363.4806999060001,363.4806999060001,363.4806999060001,363.4806999060001,363.4806999060001,363.4806999060001,363.4806999060001,363.4806999060001,363.4806999060001,363.4806999060001,363.885842196,363.8858435520001,363.8858435520001,363.8858435520001,363.8858435520001,363.8858435520001,364.754413758,364.77488935800005,364.77488935800005,365.97579278999996,365.97579278999996,365.97579278999996,366.5156333400001,366.5156333400001,366.5156333400001,367.18289110800004,367.308786216,367.308786216,367.308786216,367.398237468,367.67642425800005,367.67642425800005,367.67642425800005,368.054753682,368.054753682,368.66607170400005,368.66607170400005,369.03443859600003,369.41383858200004,369.7797694200001,369.7797694200001,370.51908638400005,370.99451083200006,371.11883772600004,371.11883772600004,371.11883772600004,371.11883772600004,371.358348684,371.802970914,371.94964197600007,371.94964197600007,371.94964197600007,371.94964197600007,372.1742077800001,372.1742077800001,372.1742077800001,372.17420845800007,372.17420845800007,372.23330022600004,372.331270548,372.331270548,372.331270548,372.331270548,372.667663638,372.667667028,372.667667028,373.11667185,373.11667185,373.170635226,373.1706372600001,373.841415204,373.841415204,373.841415204,373.841415204,374.06130009599997,374.07100973400003,374.213224302,374.213224302,374.38521934199997,374.38522001999996,374.4767737499999,374.526208764,374.94660469799993,375.004129608,375.004129608,375.004129608,375.06720191399995,375.193094988,375.193094988,375.193094988,375.526311648,375.526311648,375.526311648,375.75381251399995,375.75381251399995,376.17420777,376.75681994999997,376.75681994999997,377.2698517019999,377.597781318,377.597781318,377.651748084,377.651748084,377.651748084,377.651748084,377.651748084,378.163949286,378.163949286,378.42648512399995,378.42648512399995,378.464801616,378.464801616,378.464801616,378.464801616,378.91380643799994,378.91380643799994,379.48720527599994,379.48720527599994,379.48720527599994,379.48720527599994,379.717152366,380.001574722,380.001574722,380.001574722,380.625095388,380.625095388,380.96754030599993,381.1138066019999,381.1138066019999,381.1138066019999,381.4063330919999,381.4063330919999,381.67427530199996,381.67427597999995,381.67427597999995,381.67427597999995,382.07941962599995,382.07941962599995,382.0794223379999,382.0794223379999,382.0794223379999,382.0794223379999,382.0794223379999,382.0794223379999,382.0794223379999,382.0794223379999,382.0794223379999,382.22163690599996,382.55485221000004,382.55485221000004,382.55485221000004,382.833036288,382.833039678,383.0292176220001,383.0292189780001,383.0292189780001,383.29175345999994,383.291757528,383.291757528,383.291757528,383.58023500200005,383.58023500200005,383.64563962799997,383.64563962799997,383.93411778,383.93411778,383.93411778,383.93411778,383.93411778,384.280124232,384.280124232,384.280124232,384.700520166,384.700520166,384.700520166,384.73877835,384.88504532400003,384.911464272,385.107640182,385.702909944,385.702910622,385.702910622,385.702910622,385.702911978,386.15547969,386.15547969,386.15547969,386.15547969,386.15547969,386.29769425800004,386.43990272400004,386.636078634,386.636078634,386.778289812,386.778289812,386.778289812,386.778289812,386.778291168,386.778291168,386.77829388000004,386.77829388000004,386.77829388000004,386.77829388000004,386.77829388000004,386.794343496,387.04716901800003,387.193435992,387.193435992,387.193435992,387.193435992,387.193435992,387.193435992,387.193435992,387.79841539200004,387.944682366,388.271952966,388.27195364399995,388.27195364399995,388.27195499999993,388.27195499999993,388.41822129599996,388.41822129599996,388.41822129599996,388.41822129599996,388.418224008,388.418224008,388.564486236,388.564486236,388.710751854,388.710751854,388.857016116,388.857016116,388.857016116,388.857016116,388.857016116,388.857016116,388.857016116,389.277414084,389.277414084,389.28924654,389.28924654,389.28924654,389.28924654,389.28924654,389.28924654,389.43551148,389.43551148,389.577721302,389.577721302,389.577721302,389.57772401399995,389.57772401399995,389.57772401399995,389.77390128,389.773901958,389.773901958,389.773901958,389.773901958,389.773901958,389.773901958,389.773901958,389.773901958,390.11634348599995,390.11634552,390.11634552,390.11634552,390.258553986,390.67894924200004,390.82521553799995,390.971482512,390.971482512,390.9714831900001,390.9714831900001,390.9714831900001,391.19569914600004,391.19569914600004,391.19569914600004,391.19570118,391.19570321400005,391.19570321400005,391.34196612,391.34196612,391.34196612,391.34196612,391.34196612,391.34196612,391.34196612,391.34196612,391.34196612,391.488232416,391.488232416,391.488232416,391.63450142399995,391.63450142399995,391.63450142399995,391.63450142399995,391.63450142399995,391.830679368,391.830679368,391.97694430800004,391.97694430800004,391.97694430800004,391.97694430800004,391.97694430800004,391.97694430800004,391.97694430800004,391.97694430800004,391.97694430800004,391.97694430800004,391.97694430800004,391.97694430800004,391.97694430800004,391.97694430800004,391.97694430800004,391.97694430800004,392.1232085700001,392.1232085700001,392.1232085700001,392.2654183920001,392.2654183920001,392.2654183920001,392.2654183920001,392.2654183920001,392.26541974800006,392.26541974800006,392.26541974800006,392.26541974800006,392.26541974800006,392.26542110400004,392.41168401000004,392.41168401000004,392.41168401000004,392.41168401000004,392.41168401000004,392.41168401000004,392.411686722,392.411686722,392.411686722,392.411689434,392.411689434,392.411689434,392.411689434,392.411689434,392.411692824,392.411692824,392.411692824,392.5579577639999,392.557958442,392.557958442,392.557958442,392.557958442,392.557958442,392.557958442,392.557958442,392.557958442,392.557958442,392.557958442,392.557958442,392.55796047599995,392.55796047599995,392.55796047599995,392.55796047599995,392.75413909799994,392.754140454,392.754140454,392.75414113200003,392.75414113200003,392.75414113200003,392.75414113200003,392.75414113200003,392.75414113200003,392.90040607200007,392.90040607200007,392.90040607200007,392.90040607200007,392.90040607200007,392.90040607200007,392.90040607200007,392.90040607200007,392.90040607200007,392.90040607200007,392.90040607200007,392.90040607200007,393.178594218,393.178594218,393.178594218,393.178594218,393.178594218,393.178594896,393.178594896,393.17859760799996,393.17859760799996,393.17859760799996,393.17859760799996,393.17859760799996,393.17859760799996,393.17859760799996,393.17859760799996,393.17859760799996,393.17859760799996,393.17859760799996,393.17859760799996,393.17859760799996,393.17859760799996,393.17859760799996,393.17859760799996,393.17859760799996,393.17859760799996,393.32486051399997,393.32486051399997,393.32486051399997,393.471127488,393.471127488,393.471127488,393.471127488,393.471127488,393.471127488,393.47113019999995,393.47113019999995,393.47113019999995,393.47113019999995,393.47113019999995,393.471132912,393.471132912,393.471132912,393.471132912,393.471132912,393.471132912,393.471132912,393.617399208,393.617399208,393.617399208,393.617399208,393.617399208,393.61740192,393.61740192,393.61740192,393.61740192,393.61740192,393.61740192,393.61740192,393.61740192,393.61740531,393.61740531,393.61740531,393.61740531,393.61740531,393.61740598800003,393.61740598800003,393.61740598800003,393.61740598800003,393.61740598800003,393.61740598800003,393.61740598800003,393.61740598800003,393.61740598800003,393.61740598800003,393.61740598800003,393.61740598800003,393.61740598800003,393.61740598800003,393.617410056,393.617410056,393.617410056,393.617410056,393.617410056,393.617410056,393.617410056,393.617410056,393.617410056,393.617410056,393.674938356,393.674938356,393.674938356,393.82120261800003,393.96341108400003,393.96341108400003,393.96341108400003,393.96341108400003,393.96341108400003,394.10561955000003,394.10561955000003,394.10561955000003,394.10561955000003,394.10561955000003,394.10561955000003,394.25188177800004,394.25188177800004,394.25188177800004,394.25188177800004,394.25188177800004,394.25188177800004,394.39409227799996,394.39409227799996,394.39409227799996,394.39409227799996,394.39409227799996,394.39409227799996,394.39409227799996,394.39409227799996,394.39409227799996,394.39409227799996,394.39409227799996,394.39409227799996,394.39409227799996,394.39409227799996,394.39409227799996,394.394094312,394.394094312,394.394094312,394.394094312,394.394094312,394.394094312,394.394094312,394.394094312,394.394094312,394.394094312,394.394094312,394.394094312,394.394097024,394.394097024,394.394097024,394.394097024,394.394097024,394.394097024,394.394097024,394.394097024,394.54036399800003,394.686630294,394.686630294,394.686630294,394.686630294,394.686630294,394.686630294,394.686630294,394.686630294,394.686630294,394.68663300599997,394.68663300599997,394.68663300599997,394.68663300599997,394.68663300599997,394.68663300599997,394.68663300599997,394.68663300599997,394.68663300599997,394.68663300599997,394.68663300599997,394.68663300599997,394.83289930199993,394.83289930199993,394.83289930199993,394.83289930199993,394.83289998,394.83289998,394.83289998,394.83289998,394.83289998,394.83289998,394.83289998,394.83289998,394.83289998,394.83289998,394.83289998,394.83289998,394.83289998,394.83289998,394.83289998,394.83289998,394.83289998,394.83289998,394.83289998,394.97916559799995,394.97916559799995,394.97916559799995,394.97916627599994,394.97916627599994,394.97916627599994,394.97916627599994,394.97916627599994,394.97916627599994,394.97916627599994,394.97916627599994,394.97916627599994,394.97916627599994,394.97916627599994,394.97916627599994,394.97916627599994,394.97916627599994,394.97916627599994,394.97916627599994,394.97916627599994,394.97916627599994,394.97916627599994,394.97916627599994,394.97916627599994,394.97916627599994,394.97916627599994,394.97916627599994,394.97916627599994,394.97916627599994,394.97916627599994,394.97916627599994,394.97916627599994,394.97916627599994,394.97916627599994,394.97916627599994,394.97916627599994,394.97916627599994,394.97916627599994,394.97916627599994,394.97916627599994,394.97916627599994,394.97916627599994,394.97916627599994,394.97916627599994,394.97916627599994,394.97916627599994,394.97916627599994,394.97916627599994,394.97916627599994,394.97916627599994,394.97916627599994,394.97916627599994,394.97916627599994,394.97916627599994,394.97916627599994,394.97916627599994,394.97916627599994,394.97916627599994,394.97916627599994,394.97916627599994,394.97916627599994,394.97916627599994,394.97916627599994,394.97916627599994,394.97916627599994,394.97916627599994,394.97916627599994,394.97916627599994,394.97916627599994,394.97916627599994,394.97916627599994,394.97916627599994,394.97916627599994,394.97916627599994,394.97916627599994,394.97916627599994,394.97916627599994,394.97916627599994,394.97916627599994,394.97916627599994,394.97916627599994,394.97916627599994,394.97916627599994,394.97916627599994,394.97916627599994,394.97916627599994,394.97916627599994,394.97916627599994,394.97916627599994,394.97916627599994,394.97916627599994,394.97916627599994,394.97916627599994,394.97916627599994,394.97916627599994,394.97916627599994,394.97916627599994,394.97916627599994,394.97916627599994,394.97916627599994,394.97916627599994,394.97916627599994,394.97916627599994,394.97916627599994,394.97916627599994,394.97916627599994,394.97916627599994,394.97916695400005,394.97916695400005,394.97916695400005,394.97916695400005,394.9791676319999,394.9791676319999,394.9791676319999,394.9791676319999,394.9791676319999,394.9791676319999,394.9791676319999,394.9791676319999,394.9791676319999,394.9791676319999,394.9791676319999,394.9791676319999,394.9791676319999,394.9791676319999,394.9791676319999,394.9791676319999,394.9791676319999,394.9791676319999,394.9791676319999,394.9791676319999,394.9791676319999,394.9791676319999,394.9791676319999,394.9791676319999,394.9791676319999,394.9791676319999,394.9791676319999,394.9791676319999,394.9791676319999,394.9791676319999,394.9791676319999,394.9791676319999,394.9791676319999,394.9791676319999,394.9791676319999,394.9791676319999,394.9791676319999,394.9791676319999,394.9791676319999,394.9791676319999,394.9791676319999,394.9791676319999,394.9791676319999,394.9791676319999,394.9791676319999,394.9791676319999,394.9791676319999,394.9791676319999,394.9791676319999,394.9791676319999,394.9791676319999,394.9791676319999,394.9791676319999,394.9791676319999,394.9791676319999,394.9791676319999,394.9791676319999,394.9791676319999,394.9791676319999,394.9791676319999,394.9791676319999,394.9791676319999,394.9791676319999,394.9791676319999,394.9791676319999,394.9791676319999,394.9791676319999,394.9791676319999,394.9791676319999,394.9791676319999,394.9791676319999,394.9791676319999,394.9791676319999,394.9791676319999,394.9791676319999,394.9791676319999,394.9791676319999,394.9791676319999,394.9791676319999,394.9791676319999,394.9791676319999,394.9791676319999,394.9791676319999,394.9791676319999,394.9791676319999,394.9791676319999,394.9791676319999,394.97917034399995,394.97917034399995,394.97917034399995,394.97917034399995,394.979171022,394.979171022,394.979171022,394.979171022,394.979171022,394.979171022,394.979171022,394.979171022,394.979171022,394.979171022,394.979171022,394.979171022,394.979171022,394.979171022,394.979171022,394.979171022,394.979171022,394.979171022,394.979171022,394.979171022,394.979171022,394.979171022,394.979171022,394.979171022,394.979171022,394.979171022,394.979171022,394.979171022,394.979171022,394.979171022,394.979171022,394.979171022,394.979171022,394.979171022,394.979171022,394.979171022,394.979171022,394.979171022,394.979171022,394.979171022,394.979171022,395.125435962,395.125435962,395.125435962,395.125435962,395.125435962,395.125435962,395.125435962,395.27169886799993,395.27169886799993,395.27169886799993,395.27169886799993,395.27169886799993,395.27169886799993,395.2717002239999,395.2717002239999,395.2717002239999,395.2717002239999,395.2717002239999,395.2717002239999,395.2717002239999,395.2717002239999,395.2717002239999,395.2717002239999,395.2717002239999,395.2717002239999,395.2717002239999,395.2717002239999,395.2717002239999,395.2717002239999,395.2717002239999,395.2717002239999,395.2717002239999,395.2717002239999,395.2717002239999,395.2717002239999,395.2717002239999,395.2717002239999,395.2717002239999,395.2717002239999,395.2717002239999,395.2717002239999,395.2717002239999,395.2717002239999,395.271702258,395.271702258,395.271702258,395.271702258,395.271702258,395.271702258,395.271702258,395.271702258,395.271702258,395.4179665199999,395.4179665199999,395.4179665199999,395.4179665199999,395.4179665199999,395.4179665199999,395.4179665199999,395.4179665199999,395.4179665199999,395.4179665199999,395.4179665199999,395.4179665199999,395.4179665199999,395.4179665199999,395.4179665199999,395.4179665199999,395.4179665199999,395.4179665199999,395.4179665199999,395.4179665199999,395.4179665199999,395.4179665199999,395.4179665199999,395.4179665199999,395.4179665199999,395.4179665199999,395.4179665199999,395.4179665199999,395.4179665199999,395.4179665199999,395.4179665199999,395.4179665199999,395.4179665199999,395.4179665199999
56,282.00293266200003,298.204392186,311.628835578,315.80881744800007,320.741192868,325.791038568,327.99010716,330.101538828,331.69402455000005,332.56559287199997,333.792738972,335.130862146,336.79260421199996,337.17089227799994,338.513222442,340.185593514,340.555188942,341.6814737279999,343.8001932179999,344.1361178099999,345.05441592599993,346.14124517999994,346.68518763,347.04993807,347.11676446199994,347.56494347999995,348.01775934,349.252220382,349.252220382,349.29453707399995,350.37935266799997,351.28328870999997,351.593917122,351.94917963,351.974437842,351.974437842,351.974437842,352.13066056799994,352.27368670199996,352.27368670199996,352.5712303919999,352.5712303919999,352.69472809199993,352.9943979899999,353.74654678199994,353.78646131999994,353.8245723779999,354.237102834,354.3569034,354.46587901800007,354.492711546,354.66294921,354.66294921,354.97067781600003,355.196146038,355.93538571,355.93538571,356.305581846,358.17354981599993,358.36375661399995,358.36375661399995,358.808062218,358.808062218,358.808062218,358.9700831999999,359.20653163199995,359.38659148200003,359.38659148200003,359.38659148200003,359.81514172199996,359.94286336199997,359.94286336199997,359.94286336199997,360.336415242,360.336415242,360.336415242,360.336415242,360.336415242,360.336415242,360.336415242,360.336415242,360.336415242,360.720810732,360.720810732,360.86802215999995,360.86802215999995,361.04904544799996,361.04904544799996,361.04904544799996,361.75276469999994,361.75276469999994,361.84904680200003,361.84904680200003,361.84904680200003,362.2220085,362.63325617999993,362.813318742,363.56938569600004,363.56938569600004,363.56938569600004,363.56938569600004,363.56938569600004,365.30337815400003,365.30337815400003,365.30337815400003,365.30337815400003,365.37788154000003,365.37788154000003,365.37788154000003,365.37788154000003,365.37788154000003,365.37788154000003,365.667898752,365.991948174,366.03426418799995,366.03426418799995,366.03426418799995,366.03426418799995,366.1407142559999,366.68543301599993,366.68543301599993,366.68543301599993,367.31503737599996,367.31503737599996,367.790460468,367.839694116,367.839694116,367.839694116,367.89366088199995,367.89366088199995,367.89366088199995,368.26665309,368.26665309,368.26665309,368.26665309,368.26665309,368.38861376399996,368.38861376399996,368.38861376399996,368.38861376399996,368.38861376399996,368.49338713799995,368.60672975399996,368.60672975399996,368.60672975399996,368.61028722,368.61028722,368.763289446,369.22198220999996,369.22198220999996,369.22198220999996,369.30973846200004,369.3813033959999,369.3813033959999,369.3813033959999,369.3813033959999,369.3813033959999,369.643835166,369.66177640200004,369.66177640200004,369.66177640200004,370.33447579799997,370.33447579799997,370.734446982,370.734446982,370.734446982,370.734446982,370.734446982,370.79969499,370.79969499,370.79969499,371.06856877199994,371.06856877199994,371.068570128,371.068570128,371.068570128,371.068570128,371.068570128,371.068570128,372.24582220800005,372.83242035,372.83242035,372.83242035,372.83242035,372.83242035,372.974632884,372.974632884,372.974632884,372.974632884,372.990596394,372.990596394,373.132810284,373.45661494800004,373.498779768,373.52740153800005,374.1255453420001,374.151066618,374.493508824,374.493508824,374.493508824,374.493508824,374.493508824,374.493508824,374.70795073200003,374.70795073200003,374.70795073200003,374.70795073200003,374.70795073200003,374.70795073200003,374.70795073200003,374.70795073200003,374.70795073200003,374.70795073200003,374.70795073200003,374.85016326600004,374.9967956820001,374.9967956820001,374.9967956820001,375.2980609140001,375.72858006600006,375.817244838,375.8747711040001,375.8747711040001,375.8747711040001,375.8747711040001,375.8747711040001,375.8747711040001,375.8747711040001,375.8747711040001,375.8747711040001,375.8747711040001,375.8747711040001,376.6075623180001,376.6075623180001,376.74977417400004,376.74977553,376.74977553,376.782601578,376.782601578,376.782601578,376.97878155600006,376.97878155600006,377.3991727440001,378.15713131800004,378.15713131800004,378.15713131800004,378.15713131800004,378.15713131800004,378.15713131800004,378.35331061799997,379.072972362,379.072972362,379.072972362,379.072972362,379.072972362,379.1152910880001,379.1152910880001,379.1152910880001,379.1152910880001,379.68802209600005,379.74554971800006,380.50608198000003,380.50608198000003,380.50608198000003,380.50608198000003,380.50608198000003,380.50608198000003,380.50608198000003,380.50608198000003,380.50608198000003,380.50608198000003,381.0090522120001,381.0090522120001,381.0090522120001,381.2680292280001,381.2680292280001,381.26803329600006,381.60124656600004,381.60124656600004,381.79742518800003,382.0334749560001,382.0334749560001,382.09872364200004,382.09872364200004,382.09872364200004,382.09872364200004,382.09872364200004,382.54772846400004,382.54772846400004,382.54772846400004,382.54772846400004,382.547730498,382.547730498,382.547730498,382.547730498,382.74390912,382.74390912,382.74390912,382.74390912,383.23117077,383.23117077,383.37743706599997,383.47288929600006,383.47288929600006,383.47288929600006,383.47288929600006,383.62234287,383.62234287,383.62234287,383.62234287,383.62234287,383.62234287,383.62234287,383.62234287,383.62234287,383.62234287,383.62234287,383.62234287,383.62234287,383.67986778,383.67986778,383.67986778,383.904083736,383.904083736,383.904083736,384.149346168,384.149346168,384.149346168,384.149346168,384.4275309240001,384.71600907600003,384.71600907600003,384.71601246599994,384.7160138219999,384.773538732,384.773538732,384.773538732,384.773538732,384.82750482000006,384.82750482000006,384.82750685400003,385.1699544840001,385.1699544840001,385.1699544840001,385.1699544840001,385.31216430600006,385.31216430600006,385.31216430600006,385.31216430600006,385.31216430600006,385.4543714160001,385.4543714160001,385.454374806,385.454374806,385.454374806,385.454374806,385.454374806,385.454374806,386.015240136,386.015240136,386.015240136,386.015240136,386.161505076,386.161505076,386.161507788,386.161507788,386.161507788,386.161507788,386.30777408399996,386.30777408399996,386.30777408399996,386.596252236,386.596252236,386.596252236,386.596252236,386.596252236,386.596252236,386.596252236,386.59625494799997,386.59625494799997,386.59625494799997,386.59625494799997,386.59625494799997,386.59625494799997,386.73846883799996,386.8847331,386.8847331,386.8847331,386.8847331,387.17320786199997,387.31947348,387.31947348,387.31947348,387.31947348,387.352195794,387.49846005599994,387.49846005599994,387.49846005599994,387.552426144,387.83061157799995,387.83061157799995,387.98282393400007,387.98282393400007,387.98282393400007,387.98282393400007,388.12503511200003,388.12503511200003,388.13686688999996,388.42534504199995,388.42534504199995,388.42534504199995,388.42534504199995,388.42534504199995,388.42534504199995,388.42534504199995,388.42534504199995,388.42534504199995,388.42534504199995,388.42534504199995,388.42534504199995,388.42534504199995,388.42534504199995,388.425348432,388.71382116,388.71382116,388.71382116,388.71382116,388.71382116,388.860088134,389.00635104,389.006353752,389.022404046,389.022404046,389.022404046,389.02240608,389.02240608,389.02240608,389.02240608,389.02240608,389.02240608,389.168670342,389.168670342,389.168670342,389.197275162,389.197275162,389.417933652,389.417933652,389.417933652,389.417933652,389.564197914,389.564197914,389.564197914,389.564197914,389.564197914,389.564197914,389.564197914,390.033675624,390.033675624,390.033675624,390.17994192,390.17994192,390.17994192,390.17994463199994,390.17994463199994,390.326211606,390.326211606,390.472477902,390.47247858,390.47247993599996,390.52644466799995,390.52644466799995,390.52644466799995,390.52644466799995,390.52644466799995,390.52644466799995,390.52644466799995,390.52644466799995,390.52644466799995,390.52644466799995,390.52644466799995,390.52644466799995,390.52644466799995,390.52644466799995,390.668656524,390.668656524,390.668656524,390.668656524,390.668656524,390.668656524,390.668656524,390.668656524,390.668656524,390.668656524,390.668656524,390.668656524,390.668656524,390.668656524,390.726182112,390.726182112,390.726182112,390.726182112,390.726182112,390.726182112,390.726182112,390.72618279,390.72618279,390.72618414600004,390.72618414600004,390.72618414600004,390.72618414600004,390.72618414600004,390.87244840799997,390.87244840799997,390.87244840799997,390.87244840799997,390.87244840799997,390.87244840799997,390.87244840799997,390.87244840799997,390.87244840799997,390.87244840799997,390.87244840799997,390.87244840799997,390.87244840799997,390.8724490860001,390.87245112,390.87245112,390.87245112,390.87245112,390.87245112,390.87245112,390.87245112,390.87245112,390.87245112,390.87245112,390.87245112,390.87245112,390.87245112,391.164979644,391.164979644,391.164979644,391.164979644,391.164979644,391.16498167800006,391.16498167800006,391.16498167800006,391.16498167800006,391.16498439000003,391.16498439000003,391.16498439000003,391.45346118599997,391.45346118599997,391.45346118599997,391.45346118599997,391.45346118599997,391.45346118599997,391.453463898,391.453463898,391.453463898,391.453463898,391.453463898,391.453463898,391.453463898,391.599730872,391.599730872,391.599730872,391.599730872,391.599730872,391.599730872,391.599730872,391.599730872,391.599730872,391.599730872,391.599730872,391.599730872,391.599730872,391.599730872,391.599730872,391.599730872,391.599730872,391.599730872,391.599730872,391.599730872,391.599730872,391.599730872,391.599730872,391.599730872,391.599730872,391.599730872,391.599730872,391.599730872,391.599730872,391.599730872,391.599730872,391.599730872,391.59973155,391.74599852399996,391.74599852399996,391.746000558,391.746000558,391.746000558,391.746000558,391.746000558,391.746000558,391.746000558,391.746000558,391.746000558,391.746000558,391.746000558,391.746000558,391.746000558,391.746000558,391.746000558,391.746001236,391.746001236,391.746001236,391.746001236,391.746001236,391.746001236,391.746001236,391.746001236,391.746001236,391.746001236,391.892266176,391.892266176,391.892266176,391.892266176,391.892266176,391.892266176,391.892266176,391.892266176,392.038532472,392.038532472,392.180745006,392.180745006,392.180745006,392.32295754,392.32295754,392.32295754,392.32295754,392.32295754,392.32295754,392.32295754,392.32295754,392.32295754,392.46922248000004,392.46922248000004,392.6154874200001,392.6154874200001,392.6154874200001,392.6154874200001,392.761751682,392.761751682,392.761751682,392.761751682,392.761751682,392.761751682,392.76175303800005,392.76175303800005,392.76175303800005,392.76175303800005,392.76175303800005,392.7617557500001,392.7617557500001,392.7617557500001,392.76175710600006,392.76175710600006,392.76175710600006,392.76175710600006,392.76175710600006,392.76175710600006,392.76175710600006,392.76175710600006,392.76175710600006,392.76175710600006,392.76175710600006,392.76175710600006,392.76175710600006,392.76175710600006,392.76175710600006,392.76175710600006,392.76175710600006,392.7617598180001,392.7617598180001,392.7617598180001,392.76176253000006,392.76176253000006,392.76176253000006,392.76176253000006,392.76176253000006,392.908028826,392.908028826,392.908028826,392.908028826,392.908028826,393.0502393260001,393.0502393260001,393.0502393260001,393.0502393260001,393.0502393260001,393.0502393260001,393.0502393260001,393.0502393260001,393.0502393260001,393.0502393260001,393.61690223400007,393.61690223400007,393.61690223400007,393.61690223400007,393.61690223400007,393.61690223400007,393.616902912,393.616902912,393.616902912,393.61690562399997,393.61690562399997,393.61690562399997,393.61690562399997,393.76317192000005,393.76317192000005,393.76317192000005,393.76317192000005,393.76317192000005,393.76317192000005,393.76317192000005,393.76317192000005,393.76317192000005,393.76317192000005,393.76317192000005,393.76317192000005,393.76317192000005,393.76317259800004,393.76317259800004,393.76317259800004,393.76317259800004,393.76317259800004,393.76317259800004,393.76317259800004,393.76317531,393.76317531,393.76317531,393.76317531,393.76317531,393.76317531,393.76317531,393.76317531,393.76317531,393.76317531,393.76317531,393.76317531,393.76317531,393.76317531,393.76317531,393.90944025,393.90944025,393.90944025,393.90944025,393.90944025,393.90944025,393.90944025,394.251885168,394.251885168,394.251885168,394.251885168,394.251885168,394.251885168,394.398148074,394.398148074,394.398148074,394.398148074,394.398148074,394.398148074,394.398148074,394.398148074,394.398148074,394.398148752,394.398148752,394.398148752,394.398148752,394.398148752,394.398148752,394.398148752,394.398148752,394.398148752,394.398148752,394.398148752,394.398148752,394.398148752,394.398148752,394.398148752,394.398148752,394.398148752,394.398148752,394.398148752,394.398148752,394.398148752,394.398148752,394.398148752,394.5403545059999,394.5403545059999,394.5403545059999,394.5403545059999,394.5403545059999,394.5403545059999,394.68662012399994,394.68662012399994,394.68662012399994,394.68662012399994,394.68662012399994,394.68662012399994,394.68662012399994,394.68662012399994,394.68662012399994,394.68662012399994,394.68662012399994,394.68662012399994,394.68662012399994,394.68662012399994,394.68662012399994,394.68662012399994,394.68662012399994,394.68662012399994,394.68662012399994,394.68662012399994,394.68662012399994,394.68662012399994,394.68662012399994,394.68662012399994,394.68662012399994,394.68662012399994,394.68662012399994,394.68662012399994,394.68662012399994,394.68662012399994,394.68662012399994,394.68662012399994,394.68662012399994,394.68662012399994,394.68662012399994,394.68662012399994,394.68662012399994,394.68662283599997,394.68662283599997,394.832888454,394.832888454,394.832888454,394.832888454,394.832888454,394.832888454,394.832888454,394.832888454,394.832888454,394.83288913200005,394.83288913200005,394.83288913200005,394.83288913200005,394.83288913200005,394.83288913200005,394.83288913200005,394.97915203800005,394.97915203800005,394.97915203800005,394.97915203800005,394.97915203800005,394.97915203800005,394.97915203800005,394.97915203800005,394.97915203800005,394.97915203800005,394.97915203800005,395.125419012,395.125419012,395.125419012,395.125419012,395.125419012,395.125419012,395.125419012,395.125419012,395.125419012,395.12542307999996,395.12542307999996,395.12542307999996,395.125423758,395.125423758,395.125423758,395.125423758,395.125423758,395.125423758,395.125423758,395.125423758,395.125423758,395.125423758,395.125423758,395.125423758,395.125423758,395.125423758,395.125423758,395.125423758,395.125423758,395.125423758,395.125423758,395.125423758,395.125423758,395.12542511400005,395.12542511400005,395.12542511400005,395.12542511400005,395.12542511400005,395.12542511400005,395.12542511400005,395.12542511400005,395.12542511400005,395.12542511400005,395.12542511400005,395.12542511400005,395.12542511400005,395.12542511400005,395.12542511400005,395.12542511400005,395.12542511400005,395.12542511400005,395.12542511400005,395.12542511400005,395.12542511400005,395.12542511400005,395.12542511400005,395.12542511400005,395.12542511400005,395.12542579200004,395.12542579200004,395.12542579200004,395.12542579200004,395.12542579200004,395.12542579200004,395.12542579200004,395.12542579200004,395.12542579200004,395.12542579200004,395.12542579200004,395.12542579200004,395.12542579200004,395.12542579200004,395.27169073199997,395.27169073199997,395.27169073199997,395.27169073199997,395.27169073199997,395.27169073199997,395.27169073199997,395.27169073199997,395.27169073199997,395.27169073199997,395.27169073199997,395.27169073199997,395.27169073199997,395.27169073199997,395.27169073199997,395.27169073199997,395.27169073199997,395.27169073199997,395.27169073199997,395.27169140999996,395.27169140999996,395.27169140999996,395.27169140999996,395.271692088,395.271692088,395.271692088,395.271692088,395.271692088,395.271692088,395.271692088,395.271692088,395.271692088,395.271692088,395.271692088,395.271692088,395.271692088,395.271692088,395.271692088,395.271692088,395.271692088,395.271692088,395.271692088,395.271692088,395.271692088,395.271692088,395.271692088,395.41795634999994,395.41795634999994,395.41795634999994,395.41795634999994,395.41795634999994,395.41795634999994,395.41795634999994,395.41795634999994,395.4179590619999,395.4179590619999,395.4179590619999,395.4179590619999
57,276.172223514,293.83106302199997,303.534171204,309.17271074399997,313.690621374,316.661146842,323.999896134,325.05648184200004,325.707600498,327.5537667,327.99071803799995,329.516533308,331.43601978600003,332.39236454999997,333.08614364400006,336.44628181199994,337.707411306,338.167902804,339.2400221699999,342.49868339999995,343.3854457019999,343.568863008,345.00807259199996,346.618416834,347.577085104,347.74826247600004,347.889492588,347.920733472,348.51680395200003,349.06302448200006,349.976266752,350.57099682600006,350.57099682600006,350.716564782,350.716564782,352.21054795200007,352.527504816,352.527504816,352.950688008,353.54353731000003,353.63555547000004,353.63555547000004,353.739764748,353.739764748,354.142565904,354.85799014799994,354.85799014799994,355.804059822,355.804059822,356.60393235600003,356.92398903599997,356.92398903599997,357.893000874,357.893000874,358.123320864,358.33683865800003,358.33683865800003,358.33683865800003,358.33683865800003,358.60657689,359.01617025,359.52757005599994,359.52757005599994,360.031549152,360.677767224,360.677767224,360.677767224,360.83387808,361.051806942,361.7382216,362.1057993,362.1057993,362.1057993,362.1057993,362.1057993,362.1057993,362.1057993,362.1057993,362.1057993,362.1057993,362.1057993,362.1057993,362.1057993,362.1057993,362.1057993,362.266018836,362.266018836,362.266018836,362.266018836,362.269906488,362.34216705,362.34216705,362.869289676,363.310980912,363.310980912,363.310980912,363.310980912,363.310980912,363.310980912,363.310980912,363.61370926800004,363.61370926800004,364.19498172,364.19498172,364.19498172,364.19498172,364.4650664099999,364.4650664099999,364.465068444,364.465068444,364.74583909200004,364.951448016,364.951448016,365.274910968,365.274910968,365.274910968,365.274910968,365.274910968,365.854862676,365.98235176199995,366.560653218,366.560653218,366.94158548400003,366.94158548400003,366.94158548400003,366.94158548400003,366.94158548400003,366.94158548400003,366.99037233,366.99037233,366.99037233,366.99037233,367.431182844,367.754643762,367.754643762,367.75464444,367.75464444,367.75464444,367.75464444,367.779836208,367.779836208,367.779836208,367.779836208,367.779836208,367.779836208,367.779836208,367.779836208,367.779836208,367.920306282,367.92100530000005,367.92100530000005,367.92100530000005,367.92100530000005,368.31866992799996,368.51484990599994,368.564283564,368.564283564,368.564283564,369.38833357799996,369.38833357799996,369.38833357799996,369.38833357799996,369.681911646,369.681911646,369.92546009399996,370.07172639,370.07172639,370.07172639,370.563105534,370.563105534,371.33045372999993,371.33045372999993,371.33045372999993,371.59932615599996,372.1234323599999,372.1234323599999,372.1234323599999,372.16809221999995,372.617095008,372.91564213799995,372.97317043799995,373.235704242,373.235704242,373.235704242,373.235704242,373.245415914,373.245415914,373.256179164,373.320732222,373.92571162199994,373.92571162199994,374.071976562,374.071976562,374.236850568,374.236850568,374.78131100999997,375.20170694399997,376.49964709200003,376.7524699019999,376.927402716,376.927402716,376.927402716,377.2698456,377.2698456,377.2698456,377.61228983999996,377.612290518,377.612290518,377.612290518,377.612290518,377.612290518,377.612290518,377.612290518,377.612290518,377.612290518,377.91647589599995,377.97044401799997,378.232977822,378.42915644400006,378.42915644400006,378.42915644400006,378.42915644400006,378.62533438800006,378.913813218,379.191995262,379.191995262,379.191995262,379.191995262,379.53444085800004,379.53444085800004,379.812395772,379.812395772,380.154842046,380.154842046,380.30714660999996,380.30714660999996,380.30714660999996,380.503325232,380.503325232,380.52974757,380.529748926,380.529748926,380.529748926,380.66601675600003,380.86931844599997,380.86931844599997,380.86931844599997,380.881152936,381.08089309200005,381.08089309200005,381.3434329980001,381.39740112,381.39740112,381.4217758980001,381.4217758980001,381.4217758980001,381.4217758980001,381.4217758980001,381.4217758980001,381.61795113,381.61795113,381.61795113,381.61795113,381.61795113,382.358409846,382.358409846,382.358409846,382.358409846,382.358409846,382.358409846,382.358409846,382.482104844,382.482104844,382.482104844,382.482104844,382.482104844,382.546655868,382.546655868,382.546655868,382.546655868,382.546655868,382.546655868,382.546655868,383.009895978,383.009895978,383.009895978,383.009895978,383.009895978,383.28558433800004,383.28558433800004,383.28558433800004,383.53484900399997,383.53484900399997,383.53484900399997,383.68111530000004,383.827379562,384.194302992,384.614695536,384.92504868000003,384.979018836,384.979018836,384.979018836,384.979018836,384.979018836,384.979018836,384.979018836,384.979018836,385.12528309800007,385.12528309800007,385.55596564800004,385.55596564800004,385.55596564800004,385.55596564800004,385.58879101800005,385.58879101800005,385.58879101800005,385.58879101800005,385.58879101800005,385.58879101800005,385.877265102,386.113314192,386.113314192,386.113314192,386.170842492,386.170845204,386.170845204,386.31710811,386.31710811,386.31710811,386.31710811,386.31710811,386.6595489600001,387.0019979460001,387.1482601740001,387.1482601740001,387.1482601740001,387.1482601740001,387.1482601740001,387.1482601740001,387.14826153000007,387.14826153000007,387.14826153000007,387.29452782600015,387.29452782600015,387.29452782600015,387.29452782600015,387.4407920880001,387.4407927660001,387.4407927660001,387.4407927660001,387.4407927660001,387.4407927660001,387.4407927660001,387.4407927660001,387.6369713880001,387.76069757400006,388.2257513340001,388.2257513340001,388.2797181,388.2797181,388.2797181,388.2797181,388.2797181,388.42192927800005,388.42192927800005,388.42192927800005,388.42192927800005,388.42192995600004,388.564140456,388.564140456,388.564140456,388.564140456,388.564140456,388.564140456,388.564140456,388.5641424900001,388.7063536680001,388.7063536680001,388.706354346,388.706354346,388.848565524,388.848565524,388.848565524,388.84856755800007,388.84856755800007,388.84856755800007,388.84856755800007,388.84856755800007,388.906092468,388.90609450200003,388.90609721400006,388.90609857000004,388.90609857000004,389.1063302760001,389.41312731000005,389.41312731000005,389.41312731000005,389.41312731000005,389.41312731000005,389.41312731000005,389.64561757800004,389.64561757800004,389.64561757800004,389.64561757800004,389.64561757800004,389.787832146,389.787832146,389.787832146,389.787832146,389.787832146,389.787832146,389.787832146,389.787832146,389.787832146,389.787832146,389.787832146,389.787832146,389.93409505200003,389.93409505200003,389.93409505200003,389.93409505200003,390.2225664240001,390.2225664240001,390.222568458,390.368835432,390.368835432,390.51104796600004,390.51104796600004,390.51104796600004,390.51104796600004,390.51104796600004,390.51104796600004,390.51104796600004,390.65325846600007,390.65325846600007,390.65325846600007,390.65325846600007,390.65325846600007,390.65325846600007,390.65325846600007,390.65325846600007,390.65325846600007,390.65325846600007,390.65325846600007,390.65325846600007,390.65325846600007,390.65325846600007,390.65325846600007,390.65326389000006,390.65326389000006,390.65326389000006,390.71078676600007,390.71078676600007,390.71078676600007,390.71078676600007,390.71078676600007,390.71078676600007,390.71078676600007,390.71078676600007,390.71078676600007,390.710787444,390.7107894780001,390.7107894780001,390.7107894780001,391.003318002,391.003318002,391.003320714,391.003320714,391.003320714,391.14958768800005,391.14958836599993,391.14958836599993,391.14958836599993,391.14958836599993,391.14958836599993,391.14958836599993,391.14958836599993,391.14958836599993,391.14958836599993,391.14958836599993,391.14958836599993,391.14958836599993,391.29585127199994,391.29585127199994,391.29585127199994,391.29585127199994,391.29585127199994,391.29585127199994,391.29585127199994,391.29585127199994,391.29585127199994,391.29585127199994,391.29585127199994,391.29585127199994,391.2958526279999,391.44211824599995,391.44211824599995,391.44211824599995,391.4421216359999,391.4421216359999,391.4421216359999,391.4421216359999,391.4421216359999,391.4421216359999,391.4421216359999,391.4421216359999,391.4421216359999,391.4421216359999,391.4421216359999,391.4421216359999,391.4421216359999,391.4421216359999,391.44212434799994,391.4421250259999,391.4421250259999,391.4421250259999,391.4421250259999,391.4421250259999,391.4421250259999,391.4421277379999,391.58433823799993,391.58433823799993,391.58433823799993,391.58433823799993,391.58434094999996,391.58434094999996,391.58434094999996,391.58434094999996,391.7265514499999,391.7265514499999,391.7265514499999,391.7265514499999,391.7265514499999,391.7265514499999,391.7265514499999,391.7265514499999,392.01908200799994,392.01908200799994,392.01908200799994,392.01908200799994,392.01908200799994,392.01908200799994,392.01908200799994,392.01908200799994,392.01908200799994,392.01908200799994,392.01908200799994,392.01908200799994,392.311609176,392.311609176,392.311609176,392.311609176,392.311609176,392.31161120999997,392.31161120999997,392.31161120999997,392.31161120999997,392.31161120999997,392.31161120999997,392.45787547199996,392.45787547199996,392.45787547199996,392.45787547199996,392.69748745199996,392.69748745199996,392.69748745199996,392.69748745199996,392.69748745199996,392.69748745199996,392.69748745199996,392.69748745199996,392.69748745199996,392.69748745199996,392.69748745199996,392.84375239199994,392.84375239199994,392.84375239199994,392.84375239199994,392.84375239199994,392.84375239199994,392.84375239199994,392.84375239199994,392.84375239199994,392.84375239199994,392.84375239199994,392.84375239199994,392.84375239199994,392.84375239199994,392.84375307000005,392.84375307000005,392.84375307000005,392.84375307000005,392.84375307000005,392.84375307000005,392.99002004399995,393.1861986659999,393.33246157199994,393.33246157199994,393.33246157199994,393.332464962,393.332464962,393.332464962,393.332464962,393.332464962,393.47872719,393.47872719,393.532694634,393.532694634,393.532694634,393.532694634,393.532694634,393.532694634,393.532694634,393.532694634,393.5326966679999,393.82117617599994,393.9633927779999,393.9633927779999,393.9633927779999,393.9633927779999,393.963394812,393.963394812,393.963394812,393.963394812,393.96339887999994,393.96339887999994,393.96339887999994,393.96339887999994,393.96339887999994,393.96339887999994,393.96339887999994,393.96339887999994,393.96339887999994,393.96339887999994,393.96339887999994,393.96339887999994,393.96339887999994,393.96339887999994,393.96339887999994,393.96339887999994,393.96339887999994,393.96339887999994,393.96339887999994,393.96339887999994,393.96339955799994,393.96339955799994,393.96339955799994,393.96339955799994,394.1096644979999,394.1096644979999,394.1096644979999,394.1096644979999,394.1096644979999,394.1096644979999,394.1096644979999,394.1096644979999,394.1096644979999,394.1096644979999,394.1096644979999,394.10966721,394.10966721,394.10966721,394.10966721,394.10966721,394.10966721,394.10966721,394.255934862,394.255934862,394.255934862,394.255934862,394.255934862,394.255934862,394.25593553999994,394.25593553999994,394.25593553999994,394.2559382519999,394.2559382519999,394.2559382519999,394.2559382519999,394.2559409639999,394.2559409639999,394.2559409639999,394.2559409639999,394.2559409639999,394.2559409639999,394.2559409639999,394.2559409639999,394.2559409639999,394.2559409639999,394.2559409639999,394.2559409639999,394.2559409639999,394.2559409639999,394.2559409639999,394.2559409639999,394.2559409639999,394.2559409639999,394.2559409639999,394.2559409639999,394.2559409639999,394.2559409639999,394.2559409639999,394.2559409639999,394.3981507859999,394.3981507859999,394.39815281999995,394.39815281999995,394.39815281999995,394.39815281999995,394.39815281999995,394.39815281999995,394.39815281999995,394.39815281999995,394.39815281999995,394.39815281999995,394.39815281999995,394.39815281999995,394.39815281999995,394.39815281999995,394.39815281999995,394.39815281999995,394.39815281999995,394.39815281999995,394.39815281999995,394.39815281999995,394.5444191159999,394.5444191159999,394.5444191159999,394.5444191159999,394.5444191159999,394.5444191159999,394.5444191159999,394.5444191159999,394.5444191159999,394.5444191159999,394.5444191159999,394.5444191159999,394.5444191159999,394.5444191159999,394.5444218279999,394.5444218279999,394.5444218279999,394.5444218279999,394.5444218279999,394.5444218279999,394.5444218279999,394.544422506,394.544422506,394.544422506,394.544422506,394.544422506,394.544422506,394.544422506,394.544422506,394.544422506,394.5444231839999,394.5444231839999,394.5444231839999,394.5444231839999,394.5444231839999,394.5444231839999,394.5444231839999,394.5444231839999,394.5444231839999,394.5444231839999,394.5444231839999,394.5444231839999,394.5444231839999,394.5444231839999,394.5444231839999,394.5444231839999,394.5444231839999,394.5444231839999,394.5444231839999,394.5444231839999,394.5444231839999,394.5444231839999,394.5444231839999,394.544423862,394.544423862,394.544423862,394.544423862,394.5444245399999,394.5444245399999,394.5444245399999,394.5444245399999,394.5444245399999,394.5444245399999,394.5444245399999,394.5444245399999,394.5444245399999,394.5444245399999,394.5444245399999,394.5444245399999,394.5444245399999,394.5444245399999,394.5444245399999,394.5444245399999,394.5444245399999,394.5444245399999,394.5444245399999,394.5444245399999,394.5444245399999,394.5444245399999,394.5444245399999,394.5444245399999,394.5444245399999,394.5444245399999,394.5444245399999,394.5444245399999,394.5444245399999,394.5444245399999,394.5444245399999,394.5444245399999,394.5444245399999,394.5444245399999,394.5444245399999,394.54442521799996,394.54442521799996,394.54442521799996,394.54442521799996,394.54442521799996,394.54442521799996,394.54442521799996,394.54442521799996,394.54442521799996,394.54442521799996,394.54442521799996,394.54442521799996,394.54442521799996,394.54442521799996,394.54442521799996,394.54442521799996,394.54442521799996,394.5444272519999,394.5444272519999,394.5444272519999,394.5444272519999,394.5444272519999,394.5444272519999,394.5444272519999,394.5444272519999,394.5444272519999,394.5444272519999,394.5444272519999,394.5444272519999,394.5444272519999,394.5444272519999,394.5444272519999,394.5444272519999,394.5444272519999,394.5444272519999,394.5444272519999,394.5444272519999,394.5444272519999,394.5444272519999,394.5444272519999,394.5444272519999,394.5444272519999,394.5444272519999,394.5444272519999,394.5444272519999,394.5444272519999,394.5444272519999,394.5444272519999,394.5444272519999,394.5444272519999,394.5444272519999,394.5444272519999,394.5444272519999,394.5444272519999,394.5444272519999,394.5444272519999,394.5444272519999,394.5444272519999,394.5444272519999,394.5444272519999,394.5444272519999,394.5444272519999,394.5444272519999,394.5444272519999,394.5444272519999,394.5444272519999,394.5444272519999,394.5444272519999,394.5444272519999,394.5444272519999,394.5444272519999,394.5444272519999,394.5444272519999,394.5444272519999,394.5444272519999,394.5444272519999,394.5444272519999,394.5444272519999,394.5444272519999,394.5444272519999,394.5444272519999,394.5444272519999,394.5444272519999,394.5444272519999,394.5444272519999,394.6866384299999,394.6866384299999,394.6866384299999,394.6866384299999,394.6866384299999,394.6866384299999,394.6866384299999,394.6866384299999,394.6866384299999,394.6866384299999,394.6866384299999,394.6866384299999,394.6866384299999,394.6866384299999,394.6866384299999,394.8329047259999,394.8329047259999,394.8329047259999,394.8329047259999,394.8329047259999,394.8329047259999,394.8329047259999,394.8329047259999,394.8329047259999,394.8329047259999,394.8329047259999,394.8329047259999,394.8329047259999,394.8329047259999,394.8329047259999,394.8329047259999,394.8329047259999,394.8329047259999,394.8329047259999,394.8329047259999,394.8329047259999,394.8329047259999,394.8329047259999,394.8329047259999,394.97916898799997,394.97916898799997,394.97916898799997,394.97916898799997,394.97916898799997,394.97916898799997,394.97916898799997,394.97916898799997,394.97916898799997,394.97916898799997,394.97916898799997,394.97916898799997,394.97916898799997,394.97916898799997,394.97916898799997,394.97916898799997,394.97916898799997,394.97916898799997,394.97916898799997,394.97916898799997,394.97916898799997,394.97916898799997,394.97916898799997,395.1254339279999,395.1254339279999,395.27169683399995,395.27169683399995,395.27169683399995,395.27169683399995,395.27169683399995,395.27169683399995,395.27169683399995,395.27169683399995,395.27169683399995,395.27169683399995,395.27169683399995,395.27169683399995,395.27169683399995,395.27169683399995,395.27169683399995,395.27169683399995,395.27169683399995,395.27169683399995,395.27169683399995,395.27169683399995,395.27169751199995,395.27169751199995,395.27169751199995,395.27169751199995,395.27169751199995,395.27169751199995,395.27169751199995,395.27169751199995,395.27169751199995,395.27169751199995,395.27169751199995,395.27169751199995,395.27169751199995,395.27169751199995
58,273.463631142,295.157256108,300.704716518,306.855045714,316.459087926,320.240027472,322.70230786800005,327.03940945799997,329.084176098,332.320488414,332.641446834,334.52713026600003,336.03032338800006,338.206084374,340.238928384,341.25457238399997,342.52751331599995,343.69485981599996,345.109442406,345.772252494,348.02111544,348.929034732,350.359560492,350.359560492,350.424807822,350.591305638,351.261274728,351.923073918,351.923073918,353.134965696,354.10900964999996,354.257046882,354.257046882,354.396796242,354.396796242,354.4105718459999,355.10351225399995,355.99134037199997,355.99134037199997,355.99134037199997,355.99134037199997,357.06306582,357.68637698399993,357.68637698399993,357.68637698399993,357.7342349699999,358.11916336799993,358.508275026,358.5334993379999,358.5334993379999,358.5334993379999,359.0804358359999,359.2492971599999,359.32379918999993,359.32379918999993,359.40041522399986,359.43968972999994,359.43968972999994,359.43968972999994,359.43968972999994,359.43968972999994,359.48701209599994,359.48701209599994,359.48701209599994,359.48701209599994,359.9697548759999,360.01927260599996,360.415400886,360.415400886,360.7477598759999,360.7477598759999,360.91232471399996,361.9248973739999,361.9630267379999,361.9630267379999,362.80723233599986,362.8152808739999,363.685025376,363.70873300200003,364.456320888,364.456320888,364.456320888,364.55203414799996,364.55203414799996,364.55203414799996,364.55203414799996,364.55203414799996,364.55203414799996,364.906900026,364.906900026,365.072941548,365.28501249,365.483905146,365.57751592799997,365.667810612,365.667810612,365.667810612,365.667810612,365.667810612,365.87957103,365.87957103,365.925108222,366.35629317,366.67130756399996,366.893019666,367.220040084,367.220040084,367.220040084,367.23675075,367.55959401,367.55959401,367.55959401,367.55959401,367.55959401,368.008600188,368.008600188,368.0845158479999,368.80417894799996,368.80417894799996,369.000358926,369.00146677799995,369.0586865879999,369.20376163799995,369.20376163799995,369.20376163799995,369.220536036,369.362745858,369.618586446,369.676111356,369.676111356,369.774081,369.97878275999994,369.97878275999994,369.98542783799996,369.98542783799996,369.98542783799996,369.98542783799996,369.985428516,370.313358132,370.313358132,370.313358132,370.65580033799995,371.910981738,371.910981738,371.957181336,371.96445831,372.170699808,372.170699808,372.42781164599995,372.46052921399996,372.46052921399996,372.46052921399996,373.059456786,373.059456786,373.38130203000003,373.42449944400005,373.42449944400005,373.75917787199995,373.90138972799997,374.47412277,374.47412277,374.76414201600005,374.76414201600005,374.76414201600005,374.76414201600005,374.76414201600005,374.76414201600005,374.76414201600005,374.76414201600005,374.76414201600005,374.9046426,375.21661006200003,375.31391526600004,375.78481067399997,375.78481067399997,375.78481067399997,375.78481067399997,375.78481067399997,375.784812708,375.784812708,376.24986511200007,376.24986511200007,376.24986511200007,376.24986511200007,376.24986511200007,376.24986511200007,376.474082424,376.474082424,376.50056374800005,376.50056374800005,376.50056374800005,376.68338441399993,377.10524754,377.20542475200006,377.54673402000003,377.54673402000003,377.595415098,377.595415098,377.595415098,377.669090646,377.81130046799996,378.099777942,378.099777942,378.54480765000005,378.54480765000005,379.123298946,379.70325472200005,379.84951966200003,379.849522374,380.45450313000003,380.45450313000003,380.45450313000003,380.60076942600006,380.60076942600006,380.60076942600006,380.60076942600006,380.85496925399997,381.27672050999996,381.276722544,381.6971164440001,382.02438636600004,382.60134063600003,382.60134063600003,382.60134063600003,382.60134063600003,382.601344026,382.601344026,382.601344704,382.601344704,382.601344704,382.797524682,382.797524682,382.94379165600003,382.94379165600003,383.168006934,383.168006934,383.168006934,383.168006934,383.223036804,383.223036804,383.223036804,383.45908792800003,383.45908792800003,383.45908792800003,383.45908792800003,383.45908792800003,383.601299784,383.60130385200006,383.784122484,383.78412384,383.78412384,383.78412384,383.78412384,383.78412384,383.78412384,383.78412384,383.78412384,383.78412384,384.354340824,384.50060373,384.554569818,384.69678099600003,384.69678099600003,384.69678099600003,384.754307262,384.754307262,385.044324474,385.044324474,385.044324474,385.32251058599996,385.32251058599996,385.32251058599996,385.32251058599996,385.51868853,385.51869192,385.51869192,385.71487054199997,385.71487054199997,386.17358296799995,386.17358296799995,386.17358296799995,386.17358296799995,386.17358296799995,386.319847908,386.319847908,386.31985062,386.31985062,386.31985129799995,386.31985129799995,386.31985129799995,386.31985129799995,386.31985129799995,386.31985129799995,386.31985129799995,386.31985129799995,386.373821454,386.373821454,386.98956207000003,386.98956207000003,386.98956207000003,387.14360502599993,387.36782098200007,387.36782098200007,387.37137980399996,387.37137980399996,387.37137980399996,387.517645422,387.71382539999996,387.73820017799994,387.73820017799994,387.73820017799994,387.73820017799994,387.73820017799994,387.73820017799994,387.73820017799994,387.73820017799994,387.73820017799994,387.884469186,387.884469186,388.03073616,388.03073616,388.03073616,388.03073616,388.31920888799993,388.319210244,388.319210244,388.319210244,388.319210244,388.319210244,388.319210244,388.319210244,388.319210244,388.319210244,388.319210244,388.461420744,388.74989686199996,388.946072094,388.946072094,389.09233499999993,389.09233499999993,389.09233635600003,389.09233635600003,389.23860333,389.23860333,389.238605364,389.238607398,389.380818576,389.380818576,389.380818576,389.380818576,389.43478534200005,389.43478534200005,389.58104757,389.58104757,389.58104757,389.581050282,389.581050282,389.581050282,389.581050282,389.581050282,389.72731318800004,389.72731318800004,389.72731318800004,389.72731318800004,389.72731318800004,389.72731318800004,390.0157913400001,390.0157913400001,390.0157913400001,390.01579405200005,390.01579405200005,390.01579405200005,390.01579405200005,390.015796764,390.293979486,390.358565766,390.358565766,390.358565766,390.358565766,390.358565766,390.50077762200004,390.50077762200004,390.50077762200004,390.50077762200004,390.50077762200004,390.50077762200004,390.50077762200004,390.50077830000004,390.50077830000004,390.50077830000004,390.64704323999996,390.64704323999996,390.67976148599996,390.67976148599996,390.821969952,390.821969952,390.821969952,390.821969952,390.821969952,390.821969952,390.821969952,390.821969952,390.821969952,390.821969952,391.29739643400006,391.29739643400006,391.29739643400006,391.29739643400006,391.29739643400006,391.29739643400006,391.29739846800004,391.29739846800004,391.297400502,391.297400502,391.297400502,391.443663408,391.443663408,391.443663408,391.585872552,391.585872552,391.585874586,391.58587729799996,391.58587729799996,391.585878654,391.72809118799995,391.72809118799995,391.72809118799995,391.72809118799995,391.72809118799995,391.72809118799995,391.72809186599994,391.72809186599994,391.72809186599994,391.72809186599994,391.72809186599994,391.72809186599994,391.72809186599994,391.72809186599994,391.72809186599994,391.72809186599994,391.72809186599994,391.72809186599994,391.72809186599994,391.72809186599994,391.72809186599994,391.72809186599994,391.72809186599994,391.72809186599994,391.72809186599994,391.72809186599994,391.72809186599994,391.87435884,391.87435884,391.87435884,391.87435884,391.87435884,391.87435884,391.87435884,392.02062377999994,392.02062377999994,392.02062377999994,392.02062377999994,392.02062377999994,392.02062377999994,392.02062377999994,392.166888042,392.166888042,392.31315433799995,392.31315501599994,392.45536348199994,392.45536348199994,392.45536348199994,392.45536348199994,392.455365516,392.455365516,392.455365516,392.455365516,392.455365516,392.455365516,392.45536619399996,392.45536619399996,392.45536619399996,392.45536619399996,392.45536619399996,392.45536619399996,392.45536619399996,392.45536619399996,392.5975787279999,392.5975787279999,392.74384502399994,392.74384502399994,392.74384502399994,392.8901099639999,393.03232114199994,393.03232114199994,393.03232385399997,393.03232385399997,393.03232385399997,393.03232385399997,393.03232453199996,393.03232453199996,393.03232453199996,393.03232453199996,393.03232453199996,393.03232453199996,393.032325888,393.032329278,393.032329278,393.032329278,393.03233199000005,393.03233199000005,393.03233199000005,393.03233199000005,393.03233199000005,393.03233199000005,393.03233199000005,393.03233199000005,393.03233199000005,393.03233199000005,393.03233199000005,393.03233199000005,393.17859828599995,393.17860235399996,393.17860235399996,393.17860235399996,393.17860235399996,393.17860235399996,393.324867294,393.324867294,393.324867294,393.324867294,393.46707915,393.46707915,393.46707915,393.46707915,393.46707915,393.46707915,393.46707915,393.46707915,393.46707915,393.46707915,393.46707915,393.46707915,393.46707915,393.46707915,393.46707915,393.46707915,393.46707915,393.46707915,393.46707915,393.46707915,393.46707915,393.46707915,393.46707915,393.46707915,393.46707915,393.46707915,393.46707915,393.46707915,393.46708118400005,393.46708118400005,393.46708118400005,393.613348158,393.613348158,393.613348158,393.613348158,393.613348158,393.613348158,393.613348158,393.613348158,393.613348158,393.759613098,393.759613098,393.759613098,393.759613098,393.759613098,393.759613098,393.759613098,393.759613098,393.759613098,393.759613098,393.759613098,393.905878038,393.905878038,393.905878038,393.905878038,393.905878038,393.905878038,393.90588075,393.90588075,393.90588075,394.052147724,394.052147724,394.052147724,394.052147724,394.052147724,394.052147724,394.109671956,394.109671956,394.109671956,394.109671956,394.109671956,394.109672634,394.109672634,394.109672634,394.109672634,394.109672634,394.109672634,394.109672634,394.10967331200004,394.1096739900001,394.1096739900001,394.10967670200006,394.10967670200006,394.10967670200006,394.10967670200006,394.10967670200006,394.251888558,394.251888558,394.251888558,394.251888558,394.251888558,394.251888558,394.251888558,394.251888558,394.25188923600007,394.25188923600007,394.25188923600007,394.251889914,394.251889914,394.251889914,394.251889914,394.25189194800004,394.25189194800004,394.25189194800004,394.25189194800004,394.25189194800004,394.25189194800004,394.25189194800004,394.25189194800004,394.25189194800004,394.25189194800004,394.25189194800004,394.25189194800004,394.25189194800004,394.25189194800004,394.25189194800004,394.25189194800004,394.25189194800004,394.25189194800004,394.25189194800004,394.25189194800004,394.25189194800004,394.25189194800004,394.25189194800004,394.25189194800004,394.25189194800004,394.25189194800004,394.25189194800004,394.25189194800004,394.25189194800004,394.25189194800004,394.25189194800004,394.25189194800004,394.25189194800004,394.25189194800004,394.251893982,394.251893982,394.251893982,394.251893982,394.251893982,394.251893982,394.251893982,394.251893982,394.251893982,394.398158922,394.398158922,394.398158922,394.398158922,394.3981596,394.3981596,394.3981596,394.3981596,394.3981596,394.3981596,394.398162312,394.398162312,394.398162312,394.398162312,394.398162312,394.398162312,394.398162312,394.398162312,394.398162312,394.54442521799996,394.54442521799996,394.54442521799996,394.54442521799996,394.54442521799996,394.54442521799996,394.54442521799996,394.54442521799996,394.54442521799996,394.54442521799996,394.54442521799996,394.54442521799996,394.54442521799996,394.54442521799996,394.54442521799996,394.54442521799996,394.54442521799996,394.54442521799996,394.54442521799996,394.54442521799996,394.54442521799996,394.54442521799996,394.54442521799996,394.54442521799996,394.54442521799996,394.54442521799996,394.54442521799996,394.54442521799996,394.54442521799996,394.54442521799996,394.54442657399994,394.54442657399994,394.54442657399994,394.54442657399994,394.54442657399994,394.54442657399994,394.54442657399994,394.54442657399994,394.54442657399994,394.54442657399994,394.54442657399994,394.54442657399994,394.54442657399994,394.54442657399994,394.54442657399994,394.54442657399994,394.54442657399994,394.54442657399994,394.54442657399994,394.690691514,394.690691514,394.690691514,394.690691514,394.690691514,394.690691514,394.690691514,394.690691514,394.69069354799996,394.8369598439999,394.8369598439999,394.8369598439999,394.8369598439999,394.8369598439999,394.8369598439999,394.8369598439999,394.8369598439999,394.8369598439999,394.8369598439999,394.8369598439999,394.8369598439999,394.8369598439999,394.8369598439999,394.8369598439999,394.8369598439999,394.8369598439999,394.8369598439999,394.8369598439999,394.8369598439999,394.8369598439999,394.8369598439999,394.8369598439999,394.8369598439999,394.8369598439999,394.8369598439999,394.8369598439999,394.8369598439999,394.8369598439999,394.8369598439999,394.8369598439999,394.8369598439999,394.8369598439999,394.8369598439999,394.8369598439999,394.8369598439999,394.8369598439999,394.8369598439999,394.8369598439999,394.8369598439999,394.8369598439999,394.8369598439999,394.8369598439999,394.8369598439999,394.8369598439999,394.8369598439999,394.8369598439999,394.8369598439999,394.8369598439999,394.8369598439999,394.8369598439999,394.8369598439999,394.8369598439999,394.8369598439999,394.8369598439999,394.8369598439999,394.8369598439999,394.8369598439999,394.8369598439999,394.8369598439999,394.8369598439999,394.8369598439999,394.8369598439999,394.8369598439999,394.8369598439999,394.83696255599995,394.83696255599995,394.83696255599995,394.83696255599995,394.83696255599995,394.83696255599995,394.83696255599995,394.83696255599995,394.83696255599995,394.83696255599995,394.83696255599995,394.83696255599995,394.9832247839999,394.9832247839999,394.9832247839999,394.9832247839999,394.9832247839999,394.9832247839999,394.9832247839999,394.9832247839999,394.9832247839999,394.9832247839999,394.9832247839999,394.9832247839999,394.9832247839999,394.9832247839999,394.9832247839999,394.9832247839999,394.9832247839999,394.9832247839999,394.9832247839999,394.9832247839999,394.9832247839999,394.9832247839999,394.9832247839999,394.9832247839999,394.9832247839999,394.9832247839999,394.9832247839999,394.9832247839999,394.9832247839999,394.9832247839999,394.9832247839999,394.9832247839999,394.9832247839999,394.9832247839999,394.9832247839999,394.9832247839999,394.9832247839999,394.9832247839999,394.9832247839999,394.9832247839999,394.9832247839999,394.9832247839999,394.9832247839999,394.9832247839999,394.9832247839999,394.9832247839999,394.9832247839999,394.9832247839999,394.9832247839999,394.9832247839999,394.9832247839999,394.9832247839999,394.9832247839999,394.9832247839999,394.9832247839999,394.9832247839999,394.9832247839999,394.9832247839999,394.9832247839999,394.9832247839999,394.9832247839999,394.9832247839999,394.9832247839999,394.9832247839999,394.9832247839999,394.9832247839999,394.9832247839999,394.9832247839999,394.9832247839999,394.9832247839999,394.9832247839999,394.9832247839999,394.9832247839999,394.9832247839999,394.9832247839999,394.9832247839999,394.9832247839999,394.9832247839999,394.9832247839999,394.9832247839999,394.9832247839999,394.9832247839999,394.9832247839999,394.98322546199995,394.98322546199995,394.98322546199995,394.98322546199995,394.98322546199995,394.98322546199995,394.98322546199995,394.98322546199995,394.98322546199995,394.98322546199995,394.98322546199995,394.98322546199995,394.98322546199995,394.98322546199995,394.98322546199995,394.98322546199995,394.98322546199995,394.98322546199995,394.98322546199995,394.98322546199995,394.98322546199995,394.98322546199995,394.98322546199995,394.98322546199995,394.98322546199995,394.98322546199995,394.98322546199995,394.98322546199995,394.98322546199995,394.98322546199995,394.98322546199995,394.98322546199995,394.98322546199995,394.98322546199995,394.98322546199995,394.98322546199995,394.98322546199995,394.98322546199995,394.98322546199995,394.98322546199995,394.98322546199995,394.98322546199995,394.98322546199995,394.983228174,394.983228174,394.983228174,394.983228174,394.983228174,394.983228174,394.983228174,395.1294931139999,395.1294931139999,395.1294931139999,395.1294931139999,395.1294931139999,395.1294931139999,395.1294931139999,395.1294931139999,395.1294931139999,395.1294931139999,395.1294931139999,395.1294931139999,395.1294931139999,395.1294931139999,395.1294931139999,395.1294931139999,395.1294931139999,395.1294931139999,395.1294931139999,395.1294931139999,395.1294931139999,395.1294931139999,395.1294931139999,395.1294931139999,395.1294931139999,395.1294931139999,395.1294931139999,395.1294931139999,395.1294931139999,395.1294931139999,395.1294931139999,395.1294931139999,395.1294931139999,395.1294931139999,395.1294931139999,395.1294931139999,395.1294931139999,395.1294931139999
59,275.247038952,300.51740139000003,308.04436958400004,319.268239224,320.629546608,323.55074554199996,328.913293656,331.36043431200005,333.447013212,335.881743756,336.492490902,339.40402901399995,341.7671302140001,343.37432514600005,343.37432514600005,343.6107932400001,343.98947522400005,343.98947522400005,344.65423456200006,344.78283488999995,345.5431068,346.2074166239999,346.5135159959999,346.84991518799995,347.0619712139999,348.1486194419999,348.1486194419999,348.3194964599999,348.5626211579999,348.7670415479999,348.7962348719999,349.5651085679999,351.25902919199996,351.25902919199996,351.8532812759999,352.771476336,354.41564667599994,354.701738946,354.701738946,354.8785274459999,354.89494318199996,354.89494318199996,355.26146184600003,356.077447728,356.10752923199993,356.32001510999993,357.085212012,357.439176828,357.439176828,357.439176828,357.439176828,357.777169998,358.00884598799996,358.41930244199995,358.800388614,358.800388614,359.958796362,359.958796362,360.74461531199995,360.777440682,361.129978308,361.16625876599994,361.16625876599994,361.16625876599994,361.16625876599994,361.16625876599994,361.32381647400007,361.32381647400007,362.091167382,362.091167382,362.28035040000003,362.28035040000003,362.28035040000003,362.28035040000003,362.579665026,362.579665026,362.796513834,362.796513834,363.57455544600003,363.57455544600003,363.623988426,363.623988426,363.640688244,363.640688244,363.640688244,363.640688244,364.12524264,364.586949114,364.586949114,364.586949114,364.586949114,364.586949114,364.586949114,364.630588584,364.630588584,364.630590618,365.00530562399996,365.35366948200004,365.35366948200004,366.19669061400003,366.19669061400003,366.19669061400003,366.685615398,366.685615398,366.685615398,366.685615398,366.685615398,366.68628255,366.68628255,367.09067158199997,367.09067158199997,367.16039778,367.25267425799996,367.25267425799996,367.25267425799996,367.25267425799996,367.623877902,367.99686943200004,368.16934449599995,368.16934449599995,368.16934449599995,368.16934449599995,368.6925421799999,368.6925421799999,368.708589084,369.153809988,369.422686482,369.4949145,369.560309634,369.560309634,369.82325973,369.963764382,369.963764382,370.280266986,370.280266986,370.280266986,370.56874445999995,370.64595645599996,370.79222275199993,370.847253978,371.27948169,371.27948169,371.27948169,371.94985690199996,371.94985690199996,371.94985690199996,371.94985690199996,371.94985690199996,372.23987411400003,372.23987411400003,372.23987411400003,372.89429056200004,372.89429056200004,372.920777988,372.920777988,372.920777988,372.920777988,373.318175484,373.76718234,373.76718234,373.76718234,373.76718573,373.76718573,373.767187764,373.767187764,373.767187764,373.767187764,374.554104396,374.8424618640001,374.8424618640001,375.31193957400006,375.31193957400006,375.33482004000007,375.33482004000007,375.4009725000001,375.69098496600003,375.888538572,376.1544461040001,376.1544461040001,376.1544461040001,376.2966559260001,376.2966559260001,376.2966559260001,376.2966559260001,376.2966559260001,376.52087120400006,376.52087120400006,376.69080241200004,376.9256514420001,377.24215811400006,377.24215811400006,377.24216014800004,377.46087481200004,377.46087481200004,377.46087481200004,377.525362782,377.525364138,377.525364138,378.1762190520001,378.45440245200007,378.5949620220001,378.5949620220001,378.88527484200006,378.88527484200006,378.88527484200006,378.88527484200006,378.88527484200006,378.88527484200006,378.88527484200006,378.88527484200006,378.88527484200006,378.88527484200006,379.4902542420001,379.4902542420001,379.4902542420001,379.7970458520001,380.25193842600015,380.25193842600015,380.4481170480001,380.44811908200006,380.44811908200006,380.633177826,381.51846480000006,381.51846480000006,381.51846480000006,381.567543186,381.567543186,381.71380948200004,381.71380948200004,381.71380948200004,382.37631786000003,382.37631786000003,382.37631786000003,382.37631786000003,382.6545053280001,382.94297941200006,382.94297941200006,383.14271346600003,383.14271346600003,383.14271346600003,383.14271346600003,383.14271346600003,383.33889344400006,383.33889344400006,383.33889344400006,383.33889344400006,383.33889344400006,383.33889344400006,383.33889344400006,383.33889344400006,383.377209936,383.8526364179999,383.8526364179999,383.8526364179999,383.8526391299999,383.8526391299999,383.8526391299999,383.8526391299999,384.2889965399999,384.2889965399999,384.2889965399999,384.2889965399999,384.2889965399999,384.2889965399999,384.431208396,384.431208396,384.431208396,384.431208396,384.47430410999993,384.47430410999993,384.616515966,385.485914688,385.485914688,385.48591536600003,385.54344231000005,385.5434429879999,385.68970724999997,385.68970724999997,385.68970724999997,385.83597422400004,385.83597422400004,386.03977085400004,386.03977085400004,386.488775676,386.757650136,386.757650136,386.757650136,386.757650136,386.953827402,386.953827402,386.953827402,386.953827402,386.953827402,386.953827402,386.953827402,386.953827402,386.953827402,386.953827402,387.09603722400004,387.24230352000006,387.24230352000006,387.24230352000006,387.24230352000006,387.242304198,387.466518798,387.466518798,387.466518798,387.466518798,387.466518798,387.61278577199994,387.61278577199994,387.61278645,387.61278645,387.61278645,387.61278645,387.61278645,387.61278645,387.61278645,387.75904867799994,387.75904867799994,387.75904867799994,387.905313618,388.10149088399993,388.24775785799994,388.25746546199997,388.25746546199997,388.25746546199997,388.25746817399994,388.25746817399994,388.25746817399994,388.25746817399994,388.25746817399994,388.45720493999994,388.45720493999994,388.45720493999994,388.60347055799997,388.60347055799997,388.60347055799997,388.60347123599996,388.60347123599996,388.60347123599996,388.60347123599996,388.74973685399993,388.74973685399993,388.74973685399993,388.74973685399993,388.74973685399993,388.891947354,389.48721575999997,389.48721575999997,389.63348205599993,389.89601924999994,389.89601924999994,389.89601924999994,389.89601924999994,389.89601924999994,389.89601924999994,389.89601924999994,389.89601924999994,389.89601924999994,389.896021284,389.896021284,389.896021284,389.89602196199996,389.89602196199996,390.042288258,390.042288258,390.042288258,390.04229232599994,390.04229232599994,390.04229232599994,390.04229232599994,390.0422936819999,390.23847365999995,390.23847365999995,390.23847365999995,390.23847365999995,390.23847365999995,390.23847365999995,390.23847365999995,390.23847365999995,390.23847365999995,390.23847365999995,390.23847365999995,390.23847365999995,390.23847365999995,390.23847365999995,390.23847365999995,390.23847365999995,390.23847365999995,390.23847365999995,390.23847365999995,390.23847433799995,390.296000604,390.296000604,390.296000604,390.296000604,390.296000604,390.296000604,390.296000604,390.296000604,390.296000604,390.716394504,390.716394504,390.716394504,390.716397216,391.004873334,391.147087902,391.29335284199993,391.29335284199993,391.293355554,391.293355554,391.293355554,391.293355554,391.293355554,391.43961778199997,391.43961778199997,391.43961778199997,391.43961778199997,391.581827604,391.581828282,391.581828282,391.581828282,391.581828282,391.581828282,391.581828282,391.581828282,391.581828282,391.581828282,391.581828282,391.581828282,391.581828282,391.581828282,391.728095256,391.728095256,391.87030575599994,391.87030575599994,391.87030575599994,392.016570018,392.016570018,392.158781874,392.15878458599997,392.15878458599997,392.15878458599997,392.15878458599997,392.15878458599997,392.15878661999994,392.15878661999994,392.15878661999994,392.300998476,392.300998476,392.300998476,392.30099915399995,392.30099915399995,392.3010018659999,392.3010018659999,392.3010018659999,392.3010018659999,392.3010018659999,392.3010018659999,392.4432103319999,392.4432103319999,392.4432103319999,392.4432103319999,392.4432103319999,392.4432103319999,392.4432103319999,392.4432103319999,392.4432103319999,392.4432103319999,392.58947527199996,392.58947527199996,392.58947527199996,392.58947527199996,392.58947527199996,392.58947527199996,392.58947527199996,392.58947527199996,392.58947527199996,392.58947527199996,392.58947527199996,392.58947527199996,392.58947527199996,392.58947527199996,392.589477306,392.589477306,392.589477306,392.589477306,392.589477306,392.589477306,392.589477984,392.589477984,392.7357429239999,392.7357429239999,392.7357429239999,392.7357429239999,392.88200582999997,392.88200582999997,392.88200582999997,392.88200582999997,392.88200786399995,392.88200786399995,392.88200786399995,392.88200786399995,392.88200786399995,392.88200786399995,392.88200786399995,392.88200786399995,392.88200786399995,392.88200786399995,392.88200786399995,392.88200786399995,392.88200786399995,392.939536164,392.939536164,392.939536164,392.939536164,392.939536164,392.939536164,392.939536164,392.939536164,392.939536164,392.939536164,392.939536164,392.939536164,392.939536164,392.939536164,392.939536164,392.939536164,392.939536164,392.939536164,392.939536164,392.939536164,392.939536164,392.939536164,392.939536164,392.939536164,392.939536164,392.939536164,392.939536164,392.939536164,392.939536164,392.939536164,392.939536164,392.939536164,392.939536164,392.939536164,392.939536164,393.081747342,393.081747342,393.081747342,393.081747342,393.081747342,393.228013638,393.228013638,393.228013638,393.228013638,393.228013638,393.228013638,393.228013638,393.228013638,393.228013638,393.228014316,393.228014316,393.228014316,393.228014316,393.228014316,393.228014316,393.228014316,393.374280612,393.37428128999994,393.37428128999994,393.37428128999994,393.37428128999994,393.37428128999994,393.37428128999994,393.37428128999994,393.37428128999994,393.37428128999994,393.37428128999994,393.37428128999994,393.37428128999994,393.37428128999994,393.37428128999994,393.37428128999994,393.37428128999994,393.37428128999994,393.37428128999994,393.37428128999994,393.520545552,393.520545552,393.520545552,393.520545552,393.520545552,393.52054758599996,393.52054758599996,393.52054758599996,393.52054758599996,393.52054758599996,393.52054758599996,393.52054758599996,393.52054758599996,393.52054758599996,393.52054758599996,393.52054758599996,393.52054758599996,393.52054758599996,393.52054826399996,393.520548942,393.520550298,393.520550298,393.520550298,393.520550298,393.520550298,393.520550298,393.520550298,393.520550298,393.520550298,393.520550298,393.520550298,393.520550298,393.520550298,393.520550298,393.520550298,393.520550298,393.520550298,393.520550298,393.6668145599999,393.6668145599999,393.6668145599999,393.6668145599999,393.6668145599999,393.6668145599999,393.6668145599999,393.6668145599999,393.6668145599999,393.6668145599999,393.6668145599999,393.66681659399995,393.66681659399995,393.66681659399995,393.66681659399995,393.66681659399995,393.66681659399995,393.66681659399995,393.66681659399995,393.66681659399995,393.66681659399995,393.66681659399995,393.66681659399995,393.66681659399995,393.66681998399986,393.66681998399986,393.66681998399986,393.66681998399986,393.66681998399986,393.66681998399986,393.66681998399986,393.66681998399986,393.66681998399986,393.8130842459999,393.8130849239999,393.8130849239999,393.8130849239999,393.95935189799997,393.95935189799997,393.95935189799997,393.95935189799997,393.95935189799997,393.95935189799997,393.95935189799997,393.95935189799997,394.105614126,394.105614126,394.105614126,394.105614126,394.105614126,394.105614126,394.105614126,394.105614126,394.105614126,394.105614126,394.105616838,394.105616838,394.105616838,394.105616838,394.105616838,394.105616838,394.105616838,394.105616838,394.105616838,394.105616838,394.105616838,394.24782801599997,394.24782801599997,394.24782801599997,394.2478286939999,394.2478286939999,394.2478286939999,394.2478286939999,394.2478286939999,394.2478286939999,394.2478286939999,394.2478286939999,394.2478286939999,394.2478286939999,394.2478286939999,394.2478286939999,394.247830728,394.247830728,394.247830728,394.247830728,394.247830728,394.247830728,394.247830728,394.247830728,394.247830728,394.247830728,394.247830728,394.247830728,394.247830728,394.39409499,394.39409499,394.39409499,394.39409499,394.39409499,394.39409499,394.39409499,394.39409499,394.39409499,394.39409499,394.39409499,394.39409499,394.39409499,394.39409499,394.39409499,394.39409499,394.39409499,394.39409499,394.39409499,394.39409499,394.39409499,394.39409499,394.39409499,394.39409499,394.39409499,394.39409499,394.39409499,394.39409499,394.39409499,394.39409499,394.39409499,394.39409499,394.39409499,394.39409499,394.39409499,394.39409499,394.39409499,394.39409499,394.39409499,394.39409499,394.3940956679999,394.540357896,394.540357896,394.540357896,394.54036060799996,394.54036060799996,394.54036060799996,394.54036060799996,394.54036060799996,394.54036060799996,394.54036060799996,394.54036060799996,394.54036060799996,394.54036060799996,394.54036060799996,394.54036060799996,394.54036060799996,394.54036060799996,394.54036060799996,394.54036060799996,394.54036060799996,394.54036060799996,394.54036060799996,394.54036060799996,394.68662486999995,394.68662486999995,394.68662486999995,394.68662486999995,394.68662486999995,394.68662486999995,394.68662486999995,394.68662486999995,394.686625548,394.686625548,394.686625548,394.686625548,394.686625548,394.686625548,394.686625548,394.686625548,394.686625548,394.686625548,394.686625548,394.68662622599993,394.68662622599993,394.68662622599993,394.68662622599993,394.68662622599993,394.68662622599993,394.68662622599993,394.68662622599993,394.68662622599993,394.68662622599993,394.68662622599993,394.68662622599993,394.68662622599993,394.68662622599993,394.68662622599993,394.68662622599993,394.68662622599993,394.68662622599993,394.68662622599993,394.68662622599993,394.68662622599993,394.83289252199995,394.83289252199995,394.83289252199995,394.83289252199995,394.83289252199995,394.83289252199995,394.83289252199995,394.83289252199995,394.97915475,394.97915475,394.97915475,394.97915475,394.97915475,394.979157462,394.979157462,394.979157462,394.979157462,394.979157462,394.979157462,394.979157462,394.979157462,394.979157462,394.979157462,394.979157462,394.979157462,394.979157462,394.979157462,395.12542375799995,395.12542375799995,395.12542375799995,395.12542375799995,395.12542375799995,395.12542375799995,395.12542375799995,395.12542375799995,395.12542375799995,395.12542375799995,395.12542375799995,395.12542375799995,395.12542375799995,395.12542375799995,395.12542375799995,395.12542375799995,395.12542375799995,395.12542375799995,395.12542375799995,395.12542375799995,395.12542375799995,395.12542375799995,395.12542375799995,395.12542375799995,395.12542579199993,395.12542579199993,395.12542579199993,395.12542850399996,395.12542850399996,395.12542850399996,395.12542918199995,395.12542918199995,395.12542918199995,395.12542918199995,395.12542985999994,395.12542985999994,395.12542985999994,395.12542985999994,395.12542985999994,395.12542985999994,395.12542985999994,395.12542985999994,395.12542985999994,395.12542985999994,395.12542985999994,395.12542985999994,395.12542985999994,395.12542985999994,395.12542985999994,395.12542985999994,395.12542985999994,395.12542985999994,395.12542985999994,395.12542985999994,395.12542985999994,395.12542985999994,395.12542985999994,395.12542985999994,395.12542985999994,395.12542985999994,395.12542985999994,395.12542985999994,395.12542985999994,395.12542985999994,395.12542985999994,395.12542985999994,395.12542985999994,395.12542985999994,395.12542985999994,395.12542985999994,395.12542985999994,395.12542985999994,395.12542985999994,395.12542985999994,395.12542985999994,395.12542985999994,395.12543257199997,395.12543257199997,395.12543257199997,395.12543257199997,395.12543257199997,395.12543257199997,395.12543257199997,395.12543257199997,395.12543257199997,395.12543257199997,395.12543257199997,395.12543257199997,395.12543257199997,395.12543257199997,395.12543257199997,395.12543257199997,395.12543257199997,395.12543257199997,395.12543257199997,395.12543257199997,395.12543257199997,395.12543257199997,395.12543257199997,395.12543257199997,395.12543257199997,395.12543257199997,395.12543257199997,395.12543257199997,395.12543257199997,395.12543257199997,395.12543257199997,395.12543257199997,395.12543257199997,395.12543257199997,395.12543257199997,395.12543257199997,395.12543257199997,395.12543257199997,395.12543257199997,395.12543257199997,395.12543257199997,395.12543257199997,395.12543257199997,395.12543257199997,395.12543257199997,395.12543257199997,395.12543257199997,395.12543257199997,395.12543257199997,395.12543257199997,395.12543257199997,395.12543257199997,395.12543257199997,395.12543257199997,395.12543257199997,395.12543257199997,395.12543257199997,395.12543257199997,395.1254332499999,395.1254332499999,395.1254332499999,395.1254332499999,395.1254332499999,395.1254332499999,395.1254332499999,395.1254332499999,395.1254332499999,395.1254332499999,395.1254332499999,395.1254332499999,395.1254332499999,395.1254332499999
60,275.02663471200003,291.52250082,300.763476744,312.112146522,319.641922314,324.092706198,327.717850158,329.89866834599997,332.454500538,335.462614326,336.935300838,337.98717037800003,339.028680078,340.4677981319999,340.4677981319999,340.88643940199995,340.99865043599993,341.39159550599993,342.46811441399996,343.80752171999995,344.45452694999994,345.089039352,345.38359034999996,346.685623584,346.74489841199994,346.97017476,347.46643686000004,347.539278468,348.20117800200006,349.068707478,349.068707478,349.097239074,349.198309212,350.75085259800005,351.00902143800005,351.48225052199996,351.48225052199996,352.568308212,352.83053894999995,352.90570542,353.268755436,354.23404437600004,354.23404437600004,354.85860306,355.34265166800003,355.34265166800003,355.34265166800003,355.34265166800003,355.449098346,355.449098346,355.449098346,356.086262406,356.086262406,356.086262406,356.086262406,356.336049132,356.336049132,356.336049132,356.7117492720001,356.731831632,356.731831632,356.79859225800004,356.79859225800004,356.9481021060001,356.9481021060001,357.042843792,357.042843792,357.20173444799997,357.531788916,357.531788916,357.92876673,358.18871803200005,358.18871803200005,358.18871803200005,358.85692974600005,358.85692974600005,358.85692974600005,358.85692974600005,358.94543247600006,358.94543247600006,358.993289106,359.010869646,359.010869646,359.010869646,359.010869646,359.010869646,359.010869646,359.70815942400003,359.70815942400003,359.78848208400007,359.78848208400007,359.78848208400007,359.78848208400007,359.78848208400007,359.808604446,359.808604446,359.808604446,359.808604446,359.808604446,359.808604446,359.808604446,359.808604446,360.13764327000007,360.462841902,360.868230306,360.868230306,360.868230306,360.868230306,360.868230306,360.868230306,361.18164801,361.18164801,361.35835786200005,361.623837576,361.63890137999994,361.93943030400004,361.93943030400004,361.93943030400004,362.3207517420001,362.3207517420001,363.022513608,364.132891158,364.132891158,364.4068553640001,364.728386694,365.10493908000007,365.10493908000007,365.169428406,365.169428406,365.169428406,365.169428406,365.169428406,365.169428406,365.661911334,365.661911334,365.661911334,366.25718041799996,366.4084212,366.4561957920001,366.4561957920001,366.4561957920001,366.4561957920001,366.4561957920001,366.4561957920001,366.4561957920001,366.4561957920001,366.65237577000005,366.8508073860001,366.8508073860001,366.900239688,367.4344386,367.4344386,367.4344386,367.59900140400003,367.59900140400003,367.59900140400003,367.78826035799995,367.78826035799995,367.78826035799995,367.78826035799995,368.311460754,368.36542752,368.36543091,370.047336696,370.473018996,370.473018996,370.61523017400003,370.61523017400003,370.661808096,370.83428316000004,370.83428316000004,370.83428316000004,370.83428316000004,370.83428316000004,370.850335488,370.850335488,370.850335488,370.85033887800006,370.85033887800006,371.12007914400004,371.163684714,371.363424192,371.83885203,371.83885203,371.83885203,371.83885203,371.83885203,371.83885203,371.83885203,371.83885203,371.83885203,372.746086542,372.918555504,372.918555504,373.06482518999997,373.06482518999997,373.297315458,373.297315458,373.7434679340001,373.7434679340001,373.7434679340001,373.7434679340001,373.859497464,373.859497464,373.859497464,373.859497464,373.8702654600001,374.398828158,374.86457890200006,374.86457890200006,375.29509873200004,375.29509873200004,375.29509873200004,375.29509873200004,375.8333222520001,376.09585537800007,376.4383002960001,376.4383002960001,376.4383002960001,376.4383002960001,376.4958285960001,376.51260231599997,376.51260231599997,376.51260231599997,376.51260231599997,376.51260231599997,376.51260231599997,376.51260231599997,376.51260231599997,376.51260231599997,376.51260231599997,376.51260231599997,376.51260435000006,376.51260435000006,376.570131294,376.570131294,376.570131294,376.574345742,376.574347098,377.05106856,377.19328177200003,377.19328177200003,377.4817599240001,377.4817599240001,377.4817599240001,377.48531942400007,377.48531942400007,377.7883976280001,377.7883976280001,377.7883976280001,377.984576928,377.984576928,377.984576928,377.984576928,377.984576928,377.984576928,378.5512391580001,379.11707287200005,379.11707287200005,379.11707287200005,379.11707287200005,379.11707287200005,379.6837323900001,379.72996182,379.72996182,379.72996182,379.729963176,379.729963176,379.74033318600004,379.74033318600004,380.46509552400005,380.46509552400005,380.46509552400005,380.61135978600004,380.61135978600004,380.61135978600004,380.61135978600004,380.61135978600004,380.61135978600004,380.61135978600004,380.61135978600004,380.61135978600004,380.61135978600004,380.61135978600004,380.61135978600004,380.66507637,380.66507637,380.66507637,380.66507637,380.66507637,381.408448452,381.408448452,381.408448452,381.408448452,381.53224108200004,381.532242438,381.532242438,381.532242438,381.5322451500001,381.5322451500001,381.5322451500001,381.5322451500001,381.5322451500001,381.6462325440001,381.6462325440001,381.6462325440001,381.6462325440001,381.6462325440001,381.6462325440001,381.6462325440001,381.6462325440001,381.6462325440001,381.6622808040001,382.0047257220001,382.0047257220001,382.0047257220001,382.0047257220001,382.0047257220001,382.14519511800006,382.14519511800006,382.14519511800006,382.28740629600003,382.28740629600003,382.28740629600003,382.28740629600003,382.42961747400005,382.65179943000004,382.97907138600004,382.97907138600004,382.97907138600004,383.3215156260001,383.3215156260001,383.3215156260001,383.3215156260001,383.59726907400005,383.59726907400005,383.9040586500001,383.9040586500001,383.9040586500001,383.9040586500001,383.9040586500001,383.9040586500001,383.9040586500001,383.90406136200016,383.90406136200016,383.90406136200016,383.90406136200016,383.90406136200016,384.3244572960001,384.6144731520001,384.61447586400004,384.61447586400004,384.61447586400004,384.61447654200015,384.61447654200015,384.61447654200015,384.61447654200015,384.61447654200015,384.61447654200015,384.61447654200015,384.61447654200015,384.71666063400005,384.71666063400005,384.71666063400005,384.71666063400005,384.7166633460001,384.8629303200001,384.8629303200001,384.8629303200001,384.8629303200001,384.8629303200001,384.9380317020001,384.9380317020001,385.50469393200007,385.50469393200007,385.50469393200007,385.50469393200007,385.64690782200006,385.8466473000001,385.8466473000001,385.8466473000001,385.846647978,385.846647978,385.846647978,385.846647978,385.846647978,385.846647978,385.846647978,385.846647978,385.846647978,385.846647978,385.846647978,385.846647978,385.846647978,385.846647978,385.8466513680001,385.8466513680001,385.8466513680001,385.9929163080001,385.9929163080001,385.9929163080001,386.338918014,386.338918014,386.338918014,386.338918014,386.338918014,386.338918014,386.6273968440001,386.6273968440001,386.6273968440001,386.6273968440001,386.85161347800005,387.60668580600003,387.60668580600003,387.60668580600003,387.60668580600003,387.60668580600003,387.60668580600003,387.60668580600003,387.60668580600003,387.60668580600003,387.89670098400006,387.89670098400006,387.89670098400006,387.89670166200005,387.89670166200005,388.04296592400004,388.04296592400004,388.04296592400004,388.04296592400004,388.38541016400006,388.38541016400006,388.38541016400006,388.38541016400006,388.38541016400006,388.38541016400006,388.38541016400006,388.38541016400006,388.38541016400006,388.6738883160001,388.6738883160001,388.673888994,388.673888994,388.673888994,388.673888994,388.673888994,389.01633391200005,389.01633391200005,389.01633391200005,389.01633391200005,389.01633391200005,389.01633391200005,389.01633391200005,389.01633391200005,389.01633391200005,389.01633391200005,389.01633391200005,389.01633391200005,389.01633391200005,389.01633391200005,389.01633391200005,389.03310831000005,389.17937189400004,389.17937189400004,389.17937189400004,389.17937189400004,389.17937189400004,389.17937189400004,389.17937189400004,389.17937189400004,389.3755471260001,389.3755471260001,389.3755471260001,389.3755471260001,389.3755471260001,389.3755471260001,389.3755471260001,389.5177569480001,389.5177569480001,389.51775898200003,389.51775898200003,389.51775898200003,389.51775898200003,389.51775898200003,389.51775898200003,389.66402188800004,389.66402188800004,389.66402527800005,389.66402527800005,389.66402527800005,389.66402527800005,389.66402799,389.66402799,389.810290896,389.810290896,389.810290896,389.810290896,389.810290896,389.810290896,389.810290896,389.810290896,389.810290896,389.95250546400007,389.95250546400007,389.95250546400007,389.95250546400007,389.95250546400007,389.95250546400007,389.95250546400007,389.95250546400007,389.95250546400007,389.95250546400007,390.010033764,390.010033764,390.010033764,390.15224494200004,390.15224494200004,390.15224494200004,390.15224494200004,390.15224494200004,390.15224494200004,390.15224494200004,390.15224494200004,390.29445340800004,390.29445340800004,390.29445340800004,390.29445340800004,390.29445340800004,390.29445340800004,390.29445340800004,390.2944567980001,390.2944567980001,390.2944567980001,390.2944567980001,390.44072377200007,390.44072377200007,390.44072377200007,390.44072377200007,390.73074708600006,390.73074708600006,390.73074708600006,390.87700999200007,390.87700999200007,390.87700999200007,390.87700999200007,390.87700999200007,390.8770120260001,390.8770120260001,391.02327967800005,391.02327967800005,391.02327967800005,391.02327967800005,391.02327967800005,391.02327967800005,391.02327967800005,391.02327967800005,391.02327967800005,391.02327967800005,391.02327967800005,391.02327967800005,391.02327967800005,391.169544618,391.169544618,391.169544618,391.169544618,391.169544618,391.169544618,391.169544618,391.169544618,391.169544618,391.169544618,391.169544618,391.16954733000006,391.16954868600004,391.16954868600004,391.16954868600004,391.16954868600004,391.16954868600004,391.31176054200006,391.45397239799996,391.45397239799996,391.45397239799996,391.45397239799996,391.45397239799996,391.45397239799996,391.45397239799996,391.45397239799996,391.45397239799996,391.45397239799996,391.45397239799996,391.45397239799996,391.45397239799996,391.45397239799996,391.45397239799996,391.45397239799996,391.45397239799996,391.45397239799996,391.45397239799996,391.45397239799996,391.45397239799996,391.45397239799996,391.45397239799996,391.45397239799996,391.600235304,391.74650227800004,391.74650227800004,391.74650227800004,391.74650227800004,391.74650227800004,391.74650227800004,391.74650227800004,391.74650499,391.74650499,391.74650499,391.74650499,391.74650499,391.74650499,391.74650499,391.74650499,391.74650770200003,391.74650770200003,391.74650770200003,391.74650770200003,391.74650770200003,391.74650770200003,391.74650770200003,391.74650770200003,391.89277264200007,391.89277264200007,391.89277264200007,391.89277264200007,391.89277264200007,391.89277264200007,391.89633417600004,391.89633417600004,391.89633417600004,391.89633417600004,392.462995728,392.462995728,392.462995728,392.462995728,392.462995728,392.462995728,392.462995728,392.462995728,392.605204194,392.605204194,392.605204194,392.605204194,392.605204194,392.75146710000007,392.75146710000007,392.75146710000007,392.75146710000007,392.75146710000007,392.75146710000007,392.75146710000007,392.75146710000007,392.75146710000007,392.75146710000007,392.75146710000007,392.8977293280001,392.8977293280001,392.8977293280001,392.8977293280001,392.8977293280001,392.8977293280001,392.8977293280001,392.89773271800004,392.89773271800004,392.89773271800004,392.9516981280001,392.9516981280001,392.9516981280001,392.9516981280001,392.9516981280001,392.9516981280001,392.9516981280001,392.9516981280001,392.9516981280001,392.9516981280001,392.9516981280001,392.9516981280001,392.95170151800005,392.95170151800005,392.95170151800005,392.95170423000013,392.95170423000013,392.95170423000013,392.95170423000013,392.95170423000013,392.95170423000013,392.95170423000013,392.95170423000013,392.95170423000013,392.95170423000013,392.95170423000013,392.95170423000013,392.95170423000013,392.951706264,392.951706264,392.951706264,392.951706264,392.951706264,392.951706264,392.951706264,393.097970526,393.097970526,393.097970526,393.097970526,393.097970526,393.097970526,393.097970526,393.244234788,393.532707516,393.532707516,393.532707516,393.532707516,393.532707516,393.532707516,393.532707516,393.532708194,393.532708194,393.532708194,393.532708194,393.532708194,393.532708194,393.532708194,393.532708194,393.532708194,393.532708194,393.532708194,393.532708194,393.532708194,393.532708194,393.532710228,393.532710228,393.532710228,393.532710228,393.532710228,393.532710228,393.532710228,393.532710228,393.532710228,393.532710228,393.532710228,393.532710228,393.532710228,393.532710228,393.532710228,393.532710228,393.532710228,393.532710228,393.532710228,393.532710228,393.532710228,393.532710228,393.532710228,393.532710228,393.532710228,393.532710228,393.532710228,393.532710228,393.678977202,393.678977202,393.678977202,393.678977202,393.678977202,393.678977202,393.678977202,393.678977202,393.678977202,393.678977202,393.678977202,393.678977202,393.678977202,393.678977202,393.678977202,393.678977202,393.678977202,393.67897923600003,393.67897923600003,393.678979914,393.678979914,393.678979914,393.678979914,393.678979914,393.678979914,393.678979914,393.678979914,393.678979914,393.678979914,393.82524281999997,393.82524281999997,393.82524621,393.82524621,393.967456032,393.967456032,393.967456032,393.967456032,393.967456032,393.967456032,393.967456032,393.967456032,393.96745874399994,393.96745874399994,393.96746010000004,393.96746010000004,393.96746010000004,393.96746010000004,393.96746010000004,393.96746010000004,393.96746010000004,393.96746010000004,393.96746010000004,393.96746010000004,393.96746010000004,393.967460778,393.967460778,393.967460778,393.967460778,394.255937574,394.255937574,394.255937574,394.255937574,394.255937574,394.255937574,394.255937574,394.255937574,394.255937574,394.255937574,394.255937574,394.255937574,394.255937574,394.255937574,394.255941642,394.255941642,394.255941642,394.255941642,394.255941642,394.255941642,394.255941642,394.255941642,394.255941642,394.255941642,394.255941642,394.255941642,394.255941642,394.255941642,394.40220454799993,394.40220454799993,394.40220454799993,394.40220454799993,394.40220454799993,394.40220454799993,394.40220454799993,394.40220454799993,394.40220454799993,394.40220454799993,394.40220454799993,394.40220454799993,394.40220454799993,394.40220454799993,394.40220454799993,394.40220454799993,394.40220454799993,394.40220454799993,394.40220454799993,394.40220454799993,394.40220454799993,394.40220454799993,394.40220454799993,394.40220454799993,394.40220454799993,394.40220454799993,394.40220454799993,394.402207938,394.54441979399996,394.54441979399996,394.69068269999997,394.69068269999997,394.69068269999997,394.69068269999997,394.69068269999997,394.69068269999997,394.69068269999997,394.69068269999997,394.83694492800004,394.83694492800004,394.83694492800004,394.83694492800004,394.83694492800004,394.83694492800004,394.836946962,394.836946962,394.836946962,394.836946962,394.836946962,394.836946962,394.836946962,394.836946962,394.836946962,394.836946962,394.836946962,394.836946962,394.836946962,394.836946962,394.836946962,394.836946962,394.836949674,394.836949674,394.836949674,394.836949674,394.836949674,394.836949674,394.836949674,394.836949674,394.836949674,394.836949674,394.836949674,394.836949674,394.836949674,394.836949674,394.836949674,394.836949674,394.836949674,394.836949674,394.836949674,394.836949674,394.83695170799996,394.83695170799996,394.83695170799996,394.83695170799996,394.83695170799996,394.83695170799996,394.83695170799996,394.83695170799996,394.83695170799996,394.83695170799996,394.83695170799996,394.83695170799996,394.83695170799996,394.83695170799996,394.83695170799996,394.83695170799996,394.83695170799996,394.83695170799996,394.83695170799996,394.83695170799996,394.83695170799996,394.83695170799996,394.83695170799996,394.83695170799996,394.83695170799996,394.83695170799996,394.83695170799996,394.83695170799996,394.83695170799996,394.83695170799996,394.83695170799996,394.9832180039999,394.9832180039999,394.9832180039999,394.9832180039999,394.9832180039999,394.9832180039999,394.9832180039999,394.9832180039999,394.9832180039999,394.9832180039999,394.98321868200003,394.98322071599995,394.98322071599995,394.98322071599995,394.98322071599995,394.98322071599995,394.98322071599995,394.98322071599995,394.98322071599995,394.98322071599995,394.98322071599995,394.98322071599995,394.98322071599995,394.98322071599995,394.98322071599995,394.98322071599995,394.98322071599995,394.98322071599995,394.98322071599995,394.98322071599995,394.98322071599995,394.983221394,394.983221394,394.983221394,394.983221394,394.983221394,394.983221394,394.983221394,394.983221394,394.983221394
61,281.15869791,297.33770343,303.09322847999994,310.676025906,313.723716588,316.100191338,319.42687563,321.880939344,323.47339997999995,325.60773991199994,326.994713664,327.244691586,328.11007248000004,329.200768368,331.80992187000004,333.40183535999995,335.39870875800005,336.059682822,337.89121236,339.02775257400003,339.29404927800005,340.188769266,340.67683163400005,340.724860476,340.923181578,342.20445987600004,343.05330638400005,344.40541669800007,345.554563644,345.951384162,347.241603246,347.4224983920001,347.96915419799996,348.21002861399995,349.65816949199996,350.6294180519999,351.21839461799993,351.226961826,351.71425534199994,351.71425534199994,351.99013964399995,351.99013964399995,352.2776367299999,352.2776367299999,352.6985045519999,352.92543589799993,352.945910142,353.40868378799996,353.40868378799996,353.44469711399995,353.44469711399995,353.44469711399995,353.45484406199995,353.6760361379999,354.41624941799984,354.691316052,355.635818868,355.6696144559999,355.6696144559999,355.9087443779999,355.9087443779999,357.20252296199993,357.20252296199993,357.765486024,357.765486024,357.765486024,358.6133128199999,358.8195536399999,358.9413129479999,358.9413129479999,358.9413129479999,359.0520981479999,359.1729441899999,359.3861785799999,359.4793527299999,359.60967653399996,359.60967653399996,359.60967653399996,359.60967653399996,359.60967653399996,360.27914593799994,360.27914593799994,360.45224611799995,360.45224611799995,360.45224611799995,360.45224611799995,360.45224611799995,360.45224611799995,360.45224611799995,360.45224611799995,360.63600784799996,360.645720198,360.645720198,362.39094169199996,362.449089006,362.449089006,362.739552342,362.92251809999993,362.9332698239999,363.02265192,363.02265192,363.025921914,363.289581198,363.289581198,363.797725926,363.797725926,364.262696292,364.467400764,364.467400764,364.467400764,364.467400764,364.467400764,364.82314533,364.82314533,364.82314533,365.01232766999993,365.01232766999993,365.18688351599997,365.18688351599997,365.18688351599997,365.40866002799993,365.40866002799993,365.62655159999997,366.44549085,366.61153711800006,366.61153711800006,367.20680688,367.20680688,367.26595221,368.03850202199993,368.03850202199993,368.61119912999993,368.61119912999993,368.61119912999993,369.06285289799996,369.252039984,369.252039984,369.252039984,369.4992598019999,369.4992598019999,370.15367082599994,370.15367082599994,370.61566545,370.868493684,370.868493684,370.885268082,370.885268082,370.885268082,370.885268082,370.885268082,370.885268082,371.50825244999993,371.50825244999993,371.50825244999993,371.50825244999993,371.50825244999993,371.61473777400005,371.91547552199995,372.533107758,372.67357647599994,372.67357647599994,372.67357647599994,372.82588104,372.82588104,372.82588104,372.82588104,372.82588104,372.82588104,372.82588104,373.25032938,373.25032938,373.25032938,374.080261044,374.408189304,374.60436928200005,374.60436928200005,374.60436928200005,374.60436928200005,374.60436928200005,374.80054654800006,374.80054654800006,374.9492753400001,374.97499933800015,374.97499933800015,375.5476991580001,375.5476991580001,375.5476998360001,375.8005287480001,375.99670872600007,375.99670872600007,376.0374694080001,376.0374694080001,376.0374694080001,376.0374694080001,376.0374694080001,376.70783987400006,376.70783987400006,376.70783987400006,376.7078405520001,376.7078405520001,376.7078405520001,376.7078405520001,376.7078405520001,376.880315616,376.880315616,376.880315616,376.880315616,376.88031765000005,376.88031765000005,376.88031765000005,376.88031765000005,376.88031765000005,376.88031765000005,376.88031765000005,376.90250113200005,377.151763764,377.71437019800004,378.7825741140001,378.7825741140001,378.7825741140001,379.12501496400006,379.12501496400006,379.415032176,379.709026536,379.709026536,379.709026536,379.709026536,379.709027214,379.709027214,379.709027214,380.39016635400003,380.39016635400003,380.39016635400003,380.39016635400003,380.45581777199993,380.45581777199993,380.51334607200005,380.74939787400007,380.74939787400007,380.74939787400007,380.74939787400007,380.74939787400007,380.74939787400007,380.74939787400007,380.74939787400007,381.181626264,381.19834032000006,381.344606616,381.344606616,381.344606616,381.344606616,381.344606616,381.38292310800006,381.525135642,382.120401336,382.120401336,382.120401336,382.39964851799994,382.54591278,383.124406788,383.124406788,383.124406788,383.124406788,383.124408822,383.173841124,383.320106742,383.320106742,383.320106742,383.320106742,383.320106742,383.598293532,383.598293532,383.598293532,384.16495440599994,384.16495440599994,384.16495508399987,384.16495643999997,384.168516618,384.168516618,384.168516618,384.168516618,384.5109662819999,385.1561483699999,385.1561483699999,385.1561483699999,385.15615176,385.15615176,385.302416022,385.302418734,385.302418734,385.30242009,385.30242009,385.30242009,385.30242009,385.30242009,385.30242009,385.907402202,385.907402202,385.907402202,385.907402202,385.907402202,385.907402202,386.06373950999995,386.06373950999995,386.06373950999995,386.06373950999995,386.06373950999995,386.06373950999995,386.06373950999995,386.09235043200005,386.238614694,386.238614694,386.238614694,386.238614694,386.5039303319999,387.080882568,387.080882568,387.22309442399995,387.22309442399995,387.22309442399995,387.22309442399995,387.22309442399995,387.22309442399995,387.643491036,387.86770970399994,387.86770970399994,388.31458967399993,388.31458967399993,388.31459035200004,388.314593064,388.314593064,388.314593064,388.314593064,388.314593064,388.51077100799995,388.65703527,388.65703527,388.65703527,388.65703798199996,388.65703798199996,388.65703798199996,388.65703798199996,388.94551070999995,388.94551070999995,388.94551070999995,388.94551070999995,388.94551070999995,388.94551070999995,388.94551070999995,388.94551070999995,389.091777006,389.091777006,389.091777006,389.091777006,389.091777006,389.091777006,389.091777006,389.091777006,389.233988184,389.233988184,389.233988184,389.233988184,389.233988184,389.233988184,389.233988184,389.23398954,389.23398954,389.23398954,389.43016545,389.5764303899999,389.81248286999994,389.81248286999994,389.81248286999994,389.81248286999994,389.81248286999994,389.8124849039999,389.8124849039999,389.8243173599999,389.9705836559999,389.9705836559999,389.9705836559999,389.970586368,389.97058907999997,389.97058907999997,389.97058907999997,389.97058907999997,389.97058907999997,390.11280229199997,390.11280229199997,390.11280229199997,390.11280229199997,390.11280229199997,390.11280432599995,390.11280432599995,390.11280432599995,390.11280432599995,390.11280432599995,390.11280432599995,390.30898227,390.30898227,390.45524924399996,390.45524924399996,390.601514184,390.601514184,390.601514184,390.601514184,390.601514184,390.601514184,390.60151689599996,390.747781836,390.894042708,390.894042708,390.894042708,391.31443457399996,391.31443457399996,391.4607008699999,391.83118108799994,391.83118108799994,391.83118108799994,391.83118108799994,391.83118108799994,391.83118108799994,391.83118108799994,391.83118108799994,391.83118108799994,391.9774460279999,391.9774460279999,391.9774460279999,391.9774460279999,391.9774460279999,391.9774460279999,391.97744738399996,392.1237136799999,392.1237136799999,392.1237136799999,392.1237143579999,392.1237143579999,392.1237143579999,392.1237143579999,392.26998065399994,392.41624694999996,392.41624694999996,392.41624694999996,392.41624694999996,392.41624694999996,392.41624694999996,392.41624694999996,392.41624694999996,392.41624694999996,392.41624694999996,392.41624694999996,392.41624694999996,392.41624694999996,392.41624694999996,392.41624694999996,392.416249662,392.56251392400003,392.56251392400003,392.56251392400003,392.56251392400003,392.56251392400003,392.56251392400003,392.56251460199996,392.70472442399995,392.70472442399995,392.70472442399995,392.70472442399995,392.70472442399995,392.70472442399995,392.70472442399995,392.70472442399995,392.70472442399995,392.7047271359999,392.7047271359999,392.7047271359999,392.7047271359999,392.7047271359999,392.7047271359999,392.7047271359999,392.7047271359999,392.7047271359999,392.7047271359999,392.704729848,392.704729848,392.704729848,392.704729848,392.704729848,392.704729848,392.704729848,392.704729848,392.704729848,392.704729848,392.704729848,392.704729848,392.704729848,392.704729848,392.704729848,392.704729848,392.70473255999997,392.70473255999997,392.70473255999997,392.70473255999997,392.70473255999997,392.70473255999997,392.70473255999997,392.758696614,392.758696614,392.758696614,392.90091118199996,392.90091118199996,392.90091118199996,392.90091118199996,392.90091118199996,393.50588787,393.563414814,393.563414814,393.563414814,393.563414814,393.563414814,393.563414814,393.563414814,393.563414814,393.563414814,393.563414814,393.563414814,393.563415492,393.75959614799996,393.759596826,393.759596826,393.759597504,393.759597504,393.759597504,393.759597504,393.759597504,393.759597504,393.759598182,393.759598182,393.90586108799994,393.90586108799994,393.90586108799994,393.90586108799994,393.90586108799994,393.90586108799994,393.90586108799994,393.90586108799994,393.90586108799994,393.90586108799994,393.90586108799994,393.90586108799994,393.90586176599993,393.90586176599993,393.90586176599993,393.9058631219999,393.9058631219999,393.9058631219999,393.9058631219999,393.9058631219999,393.9058631219999,393.9058631219999,393.9058631219999,393.9058631219999,393.9058631219999,393.9058631219999,393.90586583399994,393.90586583399994,394.052130096,394.052130096,394.052130096,394.052130096,394.052130096,394.052130096,394.052130096,394.052130096,394.19839707,394.198397748,394.255926048,394.255926048,394.255926048,394.255926048,394.255926048,394.255926048,394.255926048,394.255926048,394.255926048,394.255926048,394.255926048,394.255926048,394.255926048,394.255926048,394.255926048,394.255926048,394.255926048,394.255926048,394.255926048,394.255926048,394.255926048,394.255926048,394.255926048,394.402191666,394.402191666,394.402191666,394.402191666,394.402191666,394.402191666,394.402191666,394.402191666,394.402191666,394.402191666,394.402191666,394.402191666,394.402191666,394.402191666,394.402191666,394.402191666,394.402191666,394.402191666,394.402191666,394.402191666,394.402191666,394.402191666,394.402191666,394.402191666,394.4021937,394.402194378,394.402194378,394.402194378,394.402194378,394.402194378,394.402194378,394.402194378,394.402194378,394.402194378,394.402194378,394.402194378,394.402194378,394.402194378,394.54846067399995,394.54846067399995,394.54846067399995,394.54846067399995,394.54846067399995,394.54846067399995,394.54846067399995,394.54846067399995,394.54846067399995,394.54846067399995,394.54846067399995,394.54846067399995,394.54846067399995,394.54846067399995,394.54846067399995,394.54846067399995,394.54846067399995,394.54846067399995,394.54846067399995,394.54846067399995,394.54846067399995,394.54846067399995,394.548462708,394.548462708,394.548462708,394.548462708,394.548462708,394.54846542,394.54846542,394.54846542,394.54846542,394.54846542,394.54846542,394.54846542,394.54846542,394.54846542,394.54846542,394.54846542,394.54846542,394.5484660979999,394.5484660979999,394.5484660979999,394.5484660979999,394.5484660979999,394.5484660979999,394.5484660979999,394.5484660979999,394.5484660979999,394.548468132,394.548468132,394.548468132,394.548468132,394.548468132,394.69472900399995,394.69472900399995,394.69472900399995,394.69472900399995,394.69472900399995,394.69472900399995,394.69472900399995,394.69472900399995,394.69472900399995,394.69472900399995,394.69472900399995,394.69472900399995,394.69472900399995,394.69472900399995,394.69472900399995,394.694731716,394.694731716,394.694731716,394.694731716,394.694731716,394.694731716,394.694731716,394.694731716,394.694731716,394.694731716,394.69473375,394.69473375,394.69473375,394.69473375,394.69473375,394.69473375,394.69473375,394.69473375,394.69473375,394.69473375,394.694736462,394.694736462,394.694736462,394.694736462,394.694736462,394.694736462,394.694736462,394.694736462,394.694736462,394.694736462,394.694736462,394.694736462,394.694736462,394.694736462,394.694736462,394.694736462,394.694737818,394.694737818,394.694737818,394.694737818,394.694737818,394.694737818,394.694739852,394.694739852,394.694739852,394.694739852,394.694739852,394.694739852,394.694739852,394.694739852,394.694739852,394.694739852,394.694739852,394.694739852,394.694739852,394.694739852,394.69474256399997,394.69474256399997,394.69474256399997,394.69474256399997,394.69474324199996,394.69474324199996,394.69474324199996,394.69474324199996,394.69474324199996,394.69474324199996,394.69474324199996,394.69474324199996,394.69474324199996,394.69474324199996,394.69474324199996,394.69474324199996,394.69474324199996,394.69474324199996,394.69474324199996,394.69474324199996,394.69474324199996,394.69474324199996,394.69474324199996,394.69474324199996,394.69474324199996,394.69474324199996,394.69474324199996,394.69474324199996,394.69474324199996,394.69474324199996,394.69474324199996,394.69474324199996,394.69474324199996,394.69474324199996,394.69474324199996,394.69474324199996,394.69474324199996,394.69474324199996,394.69474324199996,394.69474391999995,394.69474391999995,394.69474391999995,394.69474391999995,394.69474391999995,394.69474391999995,394.69474391999995,394.69474391999995,394.69474391999995,394.69474391999995,394.69474391999995,394.69474391999995,394.69474391999995,394.69474391999995,394.69474391999995,394.69474391999995,394.69474391999995,394.69474391999995,394.69474391999995,394.69474391999995,394.69474391999995,394.69474391999995,394.69474391999995,394.69474391999995,394.69474391999995,394.69474459799994,394.69474459799994,394.69474459799994,394.69474459799994,394.69474459799994,394.69474459799994,394.69474459799994,394.69474459799994,394.69474459799994,394.69474459799994,394.69474459799994,394.69474459799994,394.69474459799994,394.69474459799994,394.69474459799994,394.69474459799994,394.69474459799994,394.69474459799994,394.69474459799994,394.69474459799994,394.69474459799994,394.69474459799994,394.69474459799994,394.69474459799994,394.69474459799994,394.69474459799994,394.69474459799994,394.69474459799994,394.69474459799994,394.69474459799994,394.69474459799994,394.69474459799994,394.69474459799994,394.69474459799994,394.69474459799994,394.69474459799994,394.69474459799994,394.69474459799994,394.69474459799994,394.69474459799994,394.69474459799994,394.69474459799994,394.69474459799994,394.69474459799994,394.83695645399996,394.83695645399996,394.83695645399996,394.83695645399996,394.83695645399996,394.83695645399996,394.83695645399996,394.83695645399996,394.83695645399996,394.83695645399996,394.83695645399996,394.83695645399996,394.83695645399996,394.83695645399996,394.83695645399996,394.83695645399996,394.83695645399996,394.83695645399996,394.83695645399996,394.83695645399996,394.83695645399996,394.83695645399996,394.83695645399996,394.83695645399996,394.83695645399996,394.83695645399996,394.83695645399996,394.83695645399996,394.83695645399996,394.83695645399996,394.83695645399996,394.83695645399996,394.83695645399996,394.83695645399996,394.83695645399996,394.83695645399996,394.83695645399996,394.83695645399996,394.83695645399996,394.83695645399996,394.83695645399996,394.83695645399996,394.83695645399996,394.83695848799994,394.83695848799994,394.83695848799994,394.83695848799994,394.83695916599993,394.83695916599993,394.83695916599993,394.83695916599993,394.83695916599993,394.83695916599993,394.83695916599993,394.83695916599993,394.83695916599993,394.83695916599993,394.83695916599993,394.83695916599993,394.83695916599993,394.83695916599993,394.83695916599993,394.83695916599993,394.83695916599993,394.983223428,394.983223428,394.983223428,394.983223428,394.983223428,394.983223428,394.983223428,394.983223428,394.983223428,394.983223428,394.983223428,394.983223428,394.983223428,394.983223428,394.983223428,394.983223428,394.983223428,394.983223428,394.983223428,394.983223428,394.983223428,395.12948836799995,395.12948836799995,395.12948836799995,395.12948836799995,395.12948836799995,395.12948836799995,395.12948836799995,395.12948836799995,395.12948904599995,395.12948904599995,395.12948904599995,395.12948972399994,395.12948972399994,395.12948972399994,395.12948972399994,395.12948972399994,395.12948972399994,395.12948972399994,395.12948972399994,395.12948972399994,395.12948972399994,395.12948972399994,395.12948972399994,395.12948972399994,395.12948972399994,395.1294924359999,395.1294924359999,395.1294924359999,395.1294924359999,395.1294924359999,395.1294924359999,395.1294924359999,395.1294924359999,395.1294924359999,395.1294924359999,395.1294924359999,395.1294924359999,395.1294924359999,395.1294924359999,395.1294924359999,395.1294924359999,395.1294924359999,395.1294924359999,395.1294924359999,395.1294924359999,395.1294924359999,395.1294924359999
62,282.240241476,299.889344904,307.34481799799994,312.709192644,315.732511938,319.10835055199993,321.81502960800003,323.71674367199995,326.282236008,329.503988274,330.495239868,331.85707880399997,333.323131764,334.343693298,337.68343383599995,337.74516438,338.89968447599995,339.362687286,339.62324743199997,340.455820584,341.257114884,341.623810506,343.07334535199993,343.07334535199993,344.66442015600006,344.74410278400006,345.1568718960001,345.7237524420001,346.05752709600006,346.05752709600006,346.6545555900001,347.1597815280001,347.42124612600014,347.54304679200004,347.56961015400003,347.5725445380001,348.09700601400004,348.6806297700001,348.6806297700001,348.7669893420001,349.90018227,350.4799204080001,350.789920992,351.657834216,351.70026074400005,353.399257554,353.41257822000006,353.715307254,353.715307254,353.927951784,353.927951784,353.92795381800005,354.9393386220001,354.9393386220001,354.9393386220001,354.98741967,354.99336844200013,354.99336844200013,355.45448437800013,356.00949585600006,356.00949585600006,357.94744224000004,358.2761135880001,358.33414293000004,358.33414293000004,358.33414293000004,358.415527338,358.415527338,358.77840175200015,358.77840175200015,358.77840175200015,359.1973094760001,359.1973094760001,359.48864946600014,359.48864946600014,359.48864946600014,359.48864946600014,359.6090954880001,359.6497985400001,359.6497985400001,359.6497985400001,359.72489992200013,360.23987821200006,360.23987821200006,360.23987821200006,360.23987821200006,360.67210660200004,360.67210660200004,361.26737772000007,361.4635549860001,361.4635549860001,361.4635549860001,361.4635549860001,361.4635549860001,361.4635549860001,362.3416517700001,362.3416517700001,362.4943014360001,362.4943014360001,362.4943014360001,363.1279114200001,363.5155687680001,363.5155687680001,364.160670174,364.4017337520001,364.4017337520001,364.9324185900001,364.9324185900001,364.9324185900001,364.9324185900001,364.9324185900001,364.9324185900001,364.9324185900001,364.9324185900001,365.51707087200003,365.51707087200003,365.526335742,365.526335742,365.65427773200014,365.65427773200014,365.65427773200014,366.1453653360001,366.1453653360001,366.1453653360001,366.3975501480001,366.62787013800005,367.00509035400006,367.00509035400006,367.00509035400006,367.28473077600006,367.415720376,367.415720376,367.845634752,367.845634752,368.09781820800004,368.09781820800004,368.09781820800004,368.42508745200007,368.4568287,368.61704823599996,368.61704823599996,368.984038788,368.984038788,369.37826121000006,369.37826121000006,369.37826121000006,369.37826121000006,369.37826121000006,369.37826121000006,369.4859377800001,369.4859377800001,369.682115724,370.40428335599995,370.40428335599995,370.63239849000007,370.63239849000007,370.81230646800003,370.81230646800003,370.822015428,370.822015428,370.822015428,370.822015428,370.84249035,371.94726219599994,371.94726219599994,372.782524296,372.782524296,372.83161013999995,372.91908366599995,372.91908366599995,373.6279136819999,373.6279136819999,374.08597319399996,374.234521638,375.19775013599997,375.21452724599993,375.21452724599993,375.243139524,375.243139524,376.02303614399995,376.02303614399995,376.02303614399995,376.02303614399995,376.02303614399995,376.62801350999996,376.62801350999996,377.701778382,377.701778382,378.297047466,378.37053317400006,378.37053317400006,378.37053317400006,378.37053317400006,378.37053317400006,378.82924221,378.82924221,378.82924221,378.82924221,378.82924221,379.872786588,380.067440388,380.067440388,380.067440388,380.067440388,380.48783496600004,380.487837,380.487837,380.487837,380.487837,380.634106008,381.19622360399995,381.19622360399995,381.19622360399995,381.19622360399995,381.19622360399995,381.67293964199996,381.869120298,381.869120298,381.869120298,381.869120298,381.869120298,382.015390662,382.17349077,382.17349077,382.555387152,382.701652092,382.701652092,382.701652092,382.843862592,382.843862592,383.15582869800005,383.15582869800005,383.30209296,383.44835925600006,383.59056907800004,383.59056907800004,383.736831984,383.736831984,383.736831984,383.791861854,383.791861854,383.791861854,384.08033661600007,384.08033661600007,384.08033661600007,384.08033661600007,384.08033661600007,384.08033661600007,384.08033661600007,384.08033661600007,384.08033661600007,384.226599522,384.226599522,384.226599522,384.226599522,384.226599522,384.226599522,384.37959903600006,384.3796017480001,384.3796017480001,384.3796017480001,384.521812248,384.521812248,384.521812248,384.521812248,384.521812248,384.521812248,384.66807651000005,384.66807651000005,384.81028497600005,384.81028497600005,385.00646563199996,385.00646563199996,385.063993254,385.35247140600006,385.35247140600006,385.35247140600006,386.089368588,386.089368588,386.089368588,386.089368588,386.089368588,386.285549244,386.28555059999997,386.28555059999997,386.28555331200005,386.28555331200005,386.28555331200005,386.28555331200005,386.28555331200005,386.28555466800003,386.28555466800003,386.43182164200005,386.43182164200005,386.43182164200005,386.85221757600004,386.85221757600004,386.85221757600004,386.85221757600004,386.85221757600004,386.85221757600004,386.85221757600004,387.096532842,387.096532842,387.096532842,387.096532842,387.096532842,387.096532842,387.096532842,387.096532842,387.096534876,387.273244728,387.273244728,387.273244728,387.273244728,387.273244728,387.273245406,387.273245406,387.273245406,387.419511702,387.41951238,387.41951238,387.41951238,387.41951238,387.561722202,387.561722202,387.85019696399996,387.85019696399996,387.85019696399996,387.85019696399996,387.85019696399996,387.85019696399996,387.85019696399996,387.85019696399996,387.85019696399996,387.85019696399996,387.85019696399996,387.85019696399996,387.85019696399996,387.99646393800003,387.99646393800003,387.99646393800003,387.99646393800003,387.99646393800003,387.99646393800003,387.99646393800003,387.99646393800003,388.05398817,388.278204126,388.278204126,388.278204126,388.27820480400004,388.278205482,388.278205482,388.56668499,388.56668566800005,388.68070357199997,388.68070357199997,388.68070357199997,388.680706284,388.680706284,388.680706284,388.826970546,388.96918308,388.96918308,388.96918308,388.96918308,388.96918308,388.96918308,388.96918308,388.96918308,389.02670799,389.02670799,389.17297632000003,389.17297632000003,389.17297632000003,389.17297632000003,389.17297632000003,389.43194994600003,389.431953336,389.431953336,389.431953336,389.431953336,389.431953336,389.431953336,389.431953336,389.431953336,389.431953336,389.43551487,389.43551487,389.43551487,389.43551487,389.43551487,389.43551487,389.43551487,389.43551487,389.43551622600006,389.57772740400003,389.798386572,389.798386572,389.798386572,389.798386572,389.994562482,389.994562482,389.994562482,389.994562482,389.994562482,389.994562482,389.994562482,389.994562482,389.99456587199995,389.9945685839999,389.9945685839999,389.9945685839999,389.9945685839999,389.9945685839999,389.9945685839999,389.9945685839999,389.9945685839999,389.9945685839999,389.9945685839999,389.9945685839999,389.9945685839999,389.9945685839999,389.9945685839999,389.9945685839999,389.9945685839999,389.9945685839999,389.9945685839999,389.9945685839999,389.9945685839999,389.9945685839999,389.9945685839999,389.9945685839999,389.9945685839999,389.9945685839999,389.9945685839999,389.9945685839999,389.9945685839999,390.052096884,390.052096884,390.052096884,390.052096884,390.106062294,390.106062294,390.106062972,390.106062972,390.106062972,390.106062972,390.248274828,390.39454112399994,390.59071906800006,390.59071906800006,390.59071906800006,390.59071906800006,390.594280602,390.594280602,390.594280602,390.594280602,390.59428128,390.59428128,390.59428128,390.59428128,390.59428128,390.59428128,390.594283992,390.594283992,390.594283992,390.594283992,390.73649449199996,390.73649449199996,390.932668368,390.932668368,391.22519689200004,391.22519689200004,391.367408748,391.367408748,391.367408748,391.367408748,391.367408748,391.367408748,391.367408748,391.367408748,391.367408748,391.367408748,391.367408748,391.367408748,391.367408748,391.367408748,391.367408748,391.367408748,391.59162606000007,391.733837916,391.733837916,391.733837916,391.733837916,391.880103534,391.880103534,391.880103534,391.880103534,391.934071656,391.934071656,391.934071656,391.934071656,391.934071656,391.934071656,391.934071656,391.934071656,391.934072334,391.934072334,391.934072334,391.934072334,391.934073012,392.07628419,392.07628419,392.07628419,392.07628758000004,392.07628825800003,392.07628825800003,392.07628825800003,392.07628825800003,392.07628825800003,392.222551164,392.222551164,392.222551164,392.222551164,392.222551164,392.3688140699999,392.3688140699999,392.3688140699999,392.3688140699999,392.3688140699999,392.368818816,392.511030672,392.511030672,392.511030672,392.511030672,392.511032706,392.511032706,392.65729764599996,392.65729764599996,392.65729764599996,392.65729764599996,392.803563942,392.803563942,392.803563942,392.803563942,392.803563942,392.80356733199994,392.80356733199994,392.80356733199994,392.80356733199994,392.80356733199994,392.80356733199994,392.80356733199994,392.80356800999994,392.8035707219999,392.94983498399995,392.94983498399995,392.94983498399995,392.94983498399995,392.94983498399995,392.94983498399995,392.94983498399995,392.94983498399995,392.94983498399995,392.94983498399995,392.94983498399995,392.94983498399995,392.94983498399995,393.09609992399993,393.09609992399993,393.09609992399993,393.242364186,393.242364186,393.242364186,393.24236486399997,393.24236486399997,393.24236486399997,393.38863116,393.3886318379999,393.809025738,393.809025738,393.809025738,393.809025738,393.809025738,393.80902912799996,393.80902912799996,393.80902912799996,393.80902912799996,393.80902912799996,393.80902912799996,393.80902912799996,393.80902912799996,393.80902912799996,393.80902912799996,393.80902912799996,393.80902912799996,393.80902912799996,393.80902912799996,393.80902912799996,393.80902912799996,393.80902912799996,393.80902912799996,393.80902912799996,393.80902912799996,393.80902980599996,393.80902980599996,393.80902980599996,393.80902980599996,393.80902980599996,393.80902980599996,393.80902980599996,393.80902980599996,393.80902980599996,393.80902980599996,393.95529271199996,393.95529271199996,393.95529271199996,394.10156239799994,394.10156239799994,394.24782665999993,394.24782665999993,394.24782665999993,394.24782665999993,394.24782665999993,394.24782665999993,394.24782665999993,394.24782665999993,394.247827338,394.247827338,394.247827338,394.247827338,394.247827338,394.247827338,394.247827338,394.247827338,394.247827338,394.247827338,394.247827338,394.247827338,394.247827338,394.247827338,394.247827338,394.247827338,394.247827338,394.247827338,394.247827338,394.247827338,394.247827338,394.247827338,394.24783004999995,394.24783004999995,394.24783004999995,394.24783004999995,394.3940949899999,394.3940956679999,394.3940956679999,394.3940956679999,394.3940956679999,394.3940963459999,394.3940963459999,394.3940963459999,394.3940963459999,394.3940963459999,394.3940963459999,394.3940963459999,394.3940963459999,394.3940963459999,394.3940963459999,394.3940963459999,394.3940963459999,394.5403606079999,394.5403606079999,394.5403606079999,394.5403606079999,394.5403606079999,394.68662486999995,394.68662486999995,394.68662486999995,394.68662622599993,394.68662622599993,394.68662622599993,394.6866269039999,394.6866269039999,394.83289184399996,394.83289184399996,394.83289184399996,394.83289184399996,394.83289184399996,394.83289184399996,394.8328945559999,394.8328945559999,394.8328945559999,394.8328945559999,394.8328945559999,394.8328945559999,394.8328945559999,394.8328945559999,394.8328945559999,394.8328945559999,394.8328945559999,394.8328945559999,394.8328945559999,394.8328945559999,394.8328945559999,394.8328945559999,394.8328945559999,394.8328945559999,394.8328945559999,394.8328945559999,394.8328945559999,394.8328945559999,394.8328945559999,394.8328945559999,394.8328945559999,394.8328945559999,394.8328945559999,394.8328945559999,394.8328945559999,394.8328945559999,394.8328945559999,394.8328945559999,394.8328945559999,394.8328945559999,394.8328945559999,394.8328945559999,394.8328945559999,394.8328945559999,394.9791594959999,394.9791594959999,394.9791594959999,394.9791594959999,394.9791594959999,394.979162208,394.979162208,394.979162208,394.979162208,394.979162208,394.979162208,394.979162208,394.979162208,394.979162208,394.979162208,394.979162208,394.979162208,394.979162208,394.979162208,394.979162208,394.979162208,394.979162208,394.979162208,394.979162208,394.979162208,394.979162208,394.979162208,394.979162208,394.979162208,394.979162208,394.979162208,394.979162208,394.979162208,394.979162208,394.979162208,394.979162208,394.979162208,394.979162208,394.979162208,394.979162208,394.979162208,394.979162208,394.979162208,394.979162208,394.979162208,394.979162208,394.979162208,394.97916491999996,394.97916491999996,394.97916491999996,394.97916491999996,394.97916491999996,394.97916491999996,394.97916491999996,394.97916491999996,394.97916491999996,394.97916491999996,394.97916491999996,394.97916491999996,394.97916491999996,394.97916491999996,394.97916491999996,394.97916491999996,394.97916491999996,394.97916491999996,394.97916491999996,394.97916491999996,394.97916491999996,394.97916491999996,394.97916491999996,394.97916491999996,394.97916491999996,394.97916491999996,394.97916491999996,394.97916491999996,394.97916491999996,394.97916491999996,394.97916491999996,394.97916491999996,394.97916491999996,394.97916491999996,394.97916491999996,394.97916491999996,394.97916491999996,394.97916491999996,394.97916491999996,394.97916491999996,394.97916491999996,394.97916491999996,394.97916491999996,394.97916491999996,394.97916491999996,394.97916491999996,394.97916491999996,394.97916491999996,394.9791676319999,394.9791676319999,394.9791676319999,394.9791676319999,394.9791676319999,394.9791676319999,394.9791676319999,394.9791676319999,394.9791676319999,394.9791676319999,394.9791676319999,394.9791676319999,394.9791676319999,394.9791676319999,394.9791676319999,394.9791676319999,394.9791676319999,394.9791676319999,394.9791676319999,394.9791676319999,394.9791676319999,394.9791676319999,394.9791676319999,394.9791676319999,394.9791676319999,394.9791676319999,394.9791676319999,394.9791676319999,394.9791676319999,394.9791676319999,394.9791676319999,394.9791676319999,394.9791676319999,394.9791676319999,394.9791676319999,394.9791676319999,394.9791676319999,394.9791676319999,394.9791676319999,394.9791676319999,394.9791676319999,394.9791676319999,394.9791676319999,394.9791676319999,394.9791676319999,394.9791676319999,394.9791676319999,394.9791676319999,394.97916831,394.97916831,394.97916831,394.97916831,394.97916831,394.97916831,394.97916831,394.97916831,394.97916831,394.97916831,394.97916831,395.125435284,395.125435284,395.125435284,395.125435284,395.125435284,395.125435284,395.125435284,395.125435284,395.125435284,395.125435284,395.125435284,395.125435284,395.125435284,395.125435284,395.125435284,395.125435284,395.125435284,395.125435284,395.125435284,395.125435284,395.125435284,395.125435284,395.125435284,395.125435284,395.125435284,395.125435284,395.125435284,395.125435284,395.125435284,395.125435284,395.125435284,395.125435284,395.125435284,395.125435284,395.125435284,395.125435284,395.125435284,395.125435284,395.125435284,395.125435284,395.125435284,395.125435284,395.125435962,395.125435962,395.125435962,395.125435962,395.125435962,395.125435962,395.125435962,395.125435962,395.125435962,395.125435962,395.125435962,395.125435962,395.125435962,395.125435962,395.125435962,395.125435962,395.125435962,395.125435962,395.125435962,395.125435962,395.125435962,395.125435962,395.125435962,395.125435962,395.125435962,395.125435962,395.125435962,395.125435962,395.125435962,395.125435962,395.125435962,395.125435962,395.125435962,395.125435962,395.125435962,395.125435962,395.125435962,395.125435962,395.125435962,395.125435962,395.125435962,395.125435962,395.125435962,395.125435962,395.125435962,395.125435962,395.125435962,395.125435962,395.125435962,395.125435962,395.125435962,395.125435962,395.125435962,395.125435962,395.125435962,395.125435962,395.125435962,395.125435962,395.125435962,395.125435962,395.125435962,395.125435962,395.125435962,395.125435962,395.125435962,395.125435962,395.125435962,395.125435962,395.125435962,395.125435962,395.125435962,395.125435962,395.125435962,395.125435962,395.125435962
63,275.46793609800005,296.749781832,304.699000968,313.104909378,315.910502532,319.72798288800004,322.780962648,327.11326399800004,330.38222337,332.76751347600003,335.262781284,335.96128129199997,337.76676681600003,338.05187530800004,338.6705557320001,339.929348838,341.05411287000004,342.6519005520001,343.479574476,345.350096472,345.37737173399995,345.786049794,345.935559642,346.742917974,348.33423279000004,349.17180687,349.53768550199993,349.964348868,350.855499864,351.3776039340001,351.91392837600006,352.355522658,353.35161585000003,353.41667334,353.41667334,354.588438366,354.588438366,354.588438366,354.588438366,354.588438366,355.64163068399995,356.50547387399996,356.50547387399996,356.50547387399996,356.61687334199996,356.61687334199996,356.61687334199996,356.61687334199996,356.61687334199996,356.71613728799997,356.71613728799997,356.89883048999997,358.33489618799996,358.843830108,359.23742199000003,359.36471581199993,359.67264714,359.784010674,359.784010674,359.784010674,359.784010674,359.784010674,360.064782,360.537619878,360.537619878,361.14893857799996,361.14893857799996,361.3849985159999,361.3849985159999,361.3849985159999,361.75480073399996,361.94280538799995,361.94280538799995,361.998538344,361.998538344,361.998538344,361.998538344,361.998538344,362.01037147799985,362.01037147799985,362.01037147799985,362.40989789399987,363.01213546199995,363.01213546199995,363.01213546199995,363.2913833219999,363.2913833219999,363.70669222199996,363.70669222199996,363.70669222199996,363.86015616599997,364.05572729999994,364.05572729999994,364.07619883199993,364.30937726999997,364.30937726999997,364.30937726999997,364.30937726999997,364.30937726999997,364.30937726999997,364.7269934039999,364.8674614439999,364.8674614439999,365.345152446,365.400195198,365.400195198,365.41272735,365.41272735,365.41272735,365.41272735,366.083098494,366.083098494,366.083098494,366.474356022,366.752216694,366.752216694,366.752216694,366.752216694,366.752216694,367.280782104,367.471058058,368.78799644399993,368.78799644399993,368.78799915599996,368.78799915599996,368.78799915599996,368.952551112,368.952551112,368.952551112,368.952551112,368.9525531459999,369.148733802,369.78580701,369.802516998,370.37416863,371.067042594,371.067042594,371.067042594,371.067042594,371.19143593199993,371.58475729200006,371.660676342,371.660676342,371.660676342,371.660676342,372.11556756000004,372.4055868060001,372.4055868060001,372.7328519820001,372.7328519820001,373.11111292800007,373.11111292800007,373.11111292800007,373.11111292800007,373.2407383920001,373.2407383920001,373.2407383920001,373.2407383920001,373.2407383920001,373.837842822,374.52077052600004,375.04438518,375.3225699360001,375.3225699360001,375.3225699360001,375.3225699360001,375.3225699360001,375.3225699360001,375.43772755800006,375.43772823600005,375.43772823600005,375.43772823600005,375.63390685800005,375.633910248,375.633910248,375.633910248,375.633910248,375.6457433820001,375.6457433820001,375.6457433820001,376.35540666,376.35540666,376.35540666,376.35540666,376.35540666,376.39772131800004,376.39772131800004,376.39772131800004,376.39772131800004,376.39772131800004,376.593901296,376.740164202,376.756939956,376.756939956,376.761365262,376.761365262,377.17245429,377.84148435000003,378.12755831400005,378.833084436,378.833084436,378.833084436,379.08590927999995,379.08590927999995,379.08590927999995,379.08590927999995,379.08590927999995,379.08590927999995,379.08590927999995,379.08590927999995,379.08590927999995,379.08590927999995,379.428354198,379.93233668400006,380.548911918,380.69517618000003,380.69517618000003,381.1274032140001,381.1274032140001,381.1274032140001,381.1274032140001,381.3634523040001,381.3634523040001,381.3634523040001,381.3634523040001,381.3634550160001,381.420981282,381.420981282,381.583611108,381.583611108,382.284714636,382.284714636,382.284714636,382.48089258,382.96554528600007,382.96554596400006,382.96554596400006,382.96554596400006,382.96554596400006,383.10775782,383.140480812,383.140480812,383.140480812,383.891719728,384.0379860240001,384.29081222400004,384.437077842,384.437077842,384.437077842,384.58334278200005,384.729609756,384.729609756,384.729609756,384.729609756,384.729609756,384.87182229000007,384.87182229000007,385.21426381800006,385.21426585200004,385.21426585200004,385.21426585200004,385.41805773600004,385.41805773600004,385.41805773600004,385.41805773600004,385.418059092,385.564321998,385.564321998,385.564321998,385.564321998,385.564321998,385.564325388,385.564325388,386.2915190340001,386.2915190340001,386.48769697800003,386.81083516800004,386.81083516800004,387.00701379000003,387.00701379000003,387.00701379000003,387.00701379000003,387.00701379000003,387.00701379000003,387.00701379000003,387.00701379000003,387.00701379000003,387.00701379000003,387.00701379000003,387.06204366000003,387.06204366000003,387.42896844600006,387.42896844600006,387.4864947120001,387.6826726560001,387.6826726560001,387.6826726560001,387.6826726560001,387.6826726560001,387.6826726560001,387.6826726560001,387.6826726560001,387.878853312,387.878853312,387.878853312,388.025120286,388.025120286,388.025120286,388.3135957260001,388.459860666,388.4598627000001,388.4598627000001,388.4598627000001,388.60207116600003,388.60207116600003,388.60207116600003,388.88025863400003,388.88025863400003,388.88025863400003,388.88025863400003,388.88025863400003,389.0265256080001,389.0265256080001,389.0265256080001,389.0265256080001,389.0265256080001,389.0265256080001,389.3725293480001,389.3725293480001,389.3725293480001,389.3725293480001,389.3725293480001,389.3725293480001,389.3725293480001,389.3725293480001,389.3725293480001,389.3725293480001,389.3725293480001,389.3725293480001,389.3725293480001,389.518794966,389.518794966,389.518794966,389.518794966,389.518794966,389.518794966,389.518797678,389.518801068,389.85718951200005,389.85718951200005,389.99940069,389.99940408000003,389.99940408000003,389.99940408000003,389.99940408000003,389.99940408000003,389.99940747,389.99940747,389.99940747,389.99940747,389.99940747,389.99940747,390.141615936,390.141615936,390.283827114,390.283827114,390.283827114,390.283827114,390.283827114,390.283827114,390.43009137600006,390.43009137600006,390.43009137600006,390.57230255400003,390.57230255400003,390.8648283660001,390.8648283660001,390.8648283660001,390.8648283660001,390.8648283660001,390.8648283660001,390.8648283660001,391.01109262800003,391.01109262800003,391.01109262800003,391.01109262800003,391.01109262800003,391.01109262800003,391.01109262800003,391.011093306,391.011093306,391.011093306,391.01109534000005,391.01109737400003,391.01109737400003,391.01109737400003,391.01109737400003,391.15736163599996,391.15736163599996,391.157362314,391.157362314,391.157362314,391.29957416999997,391.29957416999997,391.29957552599996,391.44583843199996,391.44583843199996,391.44583843199996,391.44583843199996,391.44583843199996,391.44583843199996,391.44583843199996,391.44583843199996,391.44583843199996,391.44583843199996,391.44583843199996,391.44583843199996,391.44583843199996,391.44583843199996,391.44583843199996,391.44583843199996,391.44583843199996,391.445840466,391.445840466,391.445844534,391.445844534,391.445844534,391.445844534,391.445844534,391.445844534,391.445844534,391.724029968,391.724029968,391.72403268,391.724035392,391.724035392,392.012508798,392.012508798,392.012508798,392.01251083200003,392.01251083200003,392.01251083200003,392.01251083200003,392.01251083200003,392.15877373800004,392.15877373800004,392.15877373800004,392.15877373800004,392.15877373800004,392.15877373800004,392.15877373800004,392.15877373800004,392.15877373800004,392.15877373800004,392.15877373800004,392.15877373800004,392.15877373800004,392.15877373800004,392.15877373800004,392.44724985600004,392.59351411800003,392.59351411800003,392.59351411800003,392.59351411800003,392.59351411800003,392.593515474,392.593516152,392.593516152,392.593516152,392.593516152,392.593516152,392.593516152,392.593516152,392.593516152,392.593516152,392.593516152,392.593516152,392.593517508,392.593521576,392.73978855,392.73978855,392.73978855,392.8820004059999,393.028262634,393.028262634,393.028262634,393.028262634,393.028262634,393.17047381199995,393.17047381199995,393.17047381199995,393.17047381199995,393.17047381199995,393.17047381199995,393.17047381199995,393.17047381199995,393.17047855799996,393.17047855799996,393.17047855799996,393.17047855799996,393.17047855799996,393.17047855799996,393.17047855799996,393.17047855799996,393.17047855799996,393.17047855799996,393.17047855799996,393.17047855799996,393.316744854,393.316744854,393.316744854,393.316744854,393.316744854,393.316744854,393.316744854,393.316744854,393.316744854,393.316744854,393.316744854,393.316744854,393.316744854,393.316744854,393.316744854,393.316747566,393.316747566,393.46301250600004,393.46301250600004,393.46301250600004,393.46301250600004,393.46301250600004,393.46301250600004,393.46301250600004,393.46301250600004,393.46301250600004,393.46301250600004,393.463015218,393.463015218,393.463015218,393.463015218,393.463015218,393.60927947999994,393.60927947999994,393.60927947999994,393.60927947999994,393.60927947999994,393.60927947999994,393.60927947999994,393.60927947999994,393.60927947999994,393.755542386,393.755542386,393.755542386,393.755542386,393.755542386,393.901808682,393.901808682,393.901808682,393.901808682,393.901808682,393.901808682,394.048074978,394.048074978,394.048074978,394.048074978,394.048074978,394.048076334,394.048076334,394.048076334,394.048076334,394.048076334,394.048077012,394.048077012,394.048077012,394.048077012,394.19433991799997,394.19433991799997,394.19433991799997,394.19433991799997,394.19433991799997,394.19433991799997,394.19433991799997,394.19433991799997,394.19433991799997,394.19434059599996,394.19434059599996,394.19434059599996,394.19434059599996,394.19434059599996,394.19434059599996,394.19434059599996,394.19434059599996,394.19434059599996,394.19434059599996,394.19434059599996,394.19434059599996,394.19434059599996,394.19434059599996,394.19434262999994,394.19434262999994,394.19434262999994,394.34060892599996,394.34060892599996,394.34060892599996,394.34060892599996,394.34060892599996,394.34060892599996,394.34060892599996,394.34060892599996,394.34060892599996,394.34060892599996,394.34060892599996,394.34060892599996,394.34060892599996,394.34060892599996,394.34060892599996,394.34060892599996,394.34060892599996,394.34060892599996,394.34060892599996,394.34060892599996,394.34060892599996,394.34060892599996,394.34060892599996,394.34060892599996,394.34060892599996,394.34060892599996,394.34060892599996,394.34060892599996,394.34060892599996,394.48687318799995,394.48687318799995,394.48687318799995,394.48687318799995,394.6331401619999,394.6331401619999,394.6331401619999,394.6331401619999,394.6331401619999,394.6331401619999,394.6331401619999,394.6331401619999,394.6331401619999,394.6331401619999,394.6331401619999,394.633142196,394.633142196,394.633142196,394.633142196,394.633142196,394.63314490799996,394.63314490799996,394.63314490799996,394.63314490799996,394.63314490799996,394.63314490799996,394.63314490799996,394.63314490799996,394.63314490799996,394.63314490799996,394.63314490799996,394.63314558599996,394.63314558599996,394.63314558599996,394.63314558599996,394.63314558599996,394.63314558599996,394.63314558599996,394.63314558599996,394.63314558599996,394.63314558599996,394.63314558599996,394.63314558599996,394.63314558599996,394.63314558599996,394.63314558599996,394.63314558599996,394.63314558599996,394.63314558599996,394.63314558599996,394.63314558599996,394.63314558599996,394.63314558599996,394.63314558599996,394.63314626399995,394.63314626399995,394.63314626399995,394.63314626399995,394.63314626399995,394.63314626399995,394.63314626399995,394.63314626399995,394.63314626399995,394.63314626399995,394.63314626399995,394.63314626399995,394.63314626399995,394.6331496539999,394.6331496539999,394.6331496539999,394.6331496539999,394.6331496539999,394.6331496539999,394.8328864199999,394.8328864199999,394.8328864199999,394.8328864199999,394.8328864199999,394.8328864199999,394.8328864199999,394.8328864199999,394.8328864199999,394.8328864199999,394.8328870979999,394.8328870979999,394.8328870979999,394.8328870979999,394.83288981,394.83288981,394.83288981,394.83288981,394.83288981,394.83288981,394.83288981,394.83288981,394.83288981,394.83288981,394.97915678399994,394.97915678399994,394.97915678399994,394.97915678399994,394.97915678399994,394.97915678399994,394.97915678399994,394.97915678399994,394.97915678399994,394.97915678399994,394.97915678399994,394.97915678399994,394.97915678399994,394.97915678399994,394.97915678399994,394.97915678399994,394.97915678399994,394.97915678399994,394.97915678399994,394.97915678399994,394.97915678399994,394.97915678399994,394.97915678399994,394.97915678399994,394.97915678399994,394.97915678399994,394.97915678399994,395.125421724,395.125421724,395.125421724,395.125421724,395.125421724,395.12542375799995,395.12542375799995,395.12542375799995,395.12542375799995,395.12542375799995,395.12542375799995,395.12542375799995,395.12542375799995,395.12542375799995,395.12542375799995,395.12542375799995,395.12542375799995,395.12542375799995,395.12542375799995,395.12542375799995,395.12542375799995,395.12542375799995,395.12542375799995,395.12542375799995,395.12542375799995,395.12542375799995,395.12542375799995,395.12542375799995,395.12542375799995,395.12542375799995,395.12542375799995,395.12542375799995,395.12542375799995,395.12542375799995,395.12542375799995,395.12542375799995,395.12542375799995,395.12542375799995,395.12542375799995,395.12542375799995,395.12542375799995,395.12542375799995,395.12542375799995,395.12542375799995,395.12542375799995,395.12542375799995,395.12542375799995,395.12542375799995,395.12542375799995,395.12542375799995,395.12542375799995,395.12542375799995,395.12542375799995,395.12542375799995,395.12542375799995,395.12542375799995,395.12542375799995,395.12542375799995,395.12542375799995,395.12542375799995,395.12542375799995,395.12542375799995,395.12542375799995,395.12542375799995,395.12542375799995,395.12542375799995,395.12542375799995,395.12542375799995,395.12542375799995,395.12542375799995,395.12542375799995,395.12542375799995,395.12542375799995,395.12542375799995,395.12542375799995,395.12542375799995,395.12542375799995,395.12542375799995,395.12542375799995,395.12542375799995,395.12542375799995,395.12542443599995,395.12542443599995,395.12542443599995,395.12542443599995,395.12542443599995,395.12542443599995,395.12542443599995,395.12542443599995,395.12542443599995,395.12542443599995,395.12542443599995,395.12542443599995,395.12542443599995,395.12542443599995,395.12542443599995,395.12542443599995,395.12542443599995,395.12542443599995,395.12542443599995,395.12542443599995,395.12542443599995,395.12542511399994,395.12542511399994,395.12542511399994,395.12542782599996,395.12542782599996,395.12543053799993,395.12543053799993,395.12543053799993,395.12543053799993,395.12543053799993,395.12543053799993,395.12543053799993,395.12543053799993,395.12543053799993,395.12543053799993,395.12543053799993,395.12543053799993,395.12543053799993,395.12543053799993,395.12543053799993,395.12543053799993,395.12543053799993,395.12543053799993,395.12543053799993,395.12543053799993,395.12543053799993,395.12543053799993,395.12543053799993,395.12543053799993,395.12543053799993,395.12543053799993,395.12543053799993,395.12543053799993,395.12543053799993,395.12543053799993,395.12543053799993,395.12543053799993,395.12543053799993,395.12543053799993,395.12543053799993,395.12543053799993,395.12543053799993,395.12543053799993,395.12543053799993,395.12543053799993,395.12543053799993,395.12543053799993,395.12543053799993,395.12543053799993,395.12543053799993,395.12543053799993,395.12543053799993,395.12543053799993,395.12543053799993,395.12543053799993,395.12543053799993,395.12543053799993,395.12543053799993,395.12543053799993,395.12543053799993,395.12543053799993,395.12543053799993,395.12543053799993,395.12543053799993,395.12543053799993,395.12543053799993,395.12543053799993,395.12543053799993,395.12543053799993,395.12543053799993,395.12543053799993,395.12543053799993,395.12543053799993,395.12543053799993,395.12543053799993,395.12543053799993,395.12543053799993,395.12543053799993,395.12543053799993,395.12543053799993,395.12543053799993,395.12543053799993,395.12543053799993,395.12543053799993,395.12543053799993,395.12543053799993,395.12543053799993,395.12543053799993,395.12543053799993,395.12543053799993,395.12543053799993,395.12543053799993,395.12543053799993,395.12543053799993,395.12543053799993,395.12543053799993,395.12543053799993,395.12543053799993,395.12543053799993,395.12543053799993,395.12543053799993,395.12543053799993,395.12543053799993,395.12543053799993,395.12543053799993,395.12543053799993,395.12543053799993,395.12543053799993,395.12543053799993,395.12543053799993,395.12543053799993,395.12543053799993,395.12543053799993,395.12543053799993,395.12543053799993,395.12543053799993,395.12543053799993,395.12543053799993,395.12543053799993,395.12543053799993,395.12543053799993,395.12543053799993,395.12543053799993,395.12543053799993,395.12543053799993,395.12543053799993,395.12543053799993,395.12543053799993,395.12543053799993,395.12543053799993,395.12543053799993,395.12543053799993,395.12543053799993,395.12543053799993,395.12543053799993,395.12543053799993,395.12543053799993,395.12543053799993,395.12543053799993,395.12543053799993,395.12543053799993,395.12543053799993,395.12543053799993,395.12543053799993,395.12543053799993
